  1   5
  1   2
  2   5
  2   6
  2   3
  3   6
  3   7
  3   4
  4   7
  4   8
  5  11
  5  12
  5   6
  6  12
  6  13
  6   7
  7  13
  7  14
  7   8
  8  14
  8  15
  8   9
  9  15
  9  16
  9  10
 10  16
 10  17
 11  19
 11  20
 11  12
 12  20
 12  21
 12  13
 13  21
 13  22
 13  14
 14  22
 14  23
 14  15
 15  23
 15  24
 15  16
 16  24
 16  25
 16  17
 17  25
 17  26
 17  18
 18  26
 18  27
 19  29
 19  20
 20  29
 20  30
 20  21
 21  30
 21  31
 21  22
 22  31
 22  32
 22  23
 23  32
 23  33
 23  24
 24  33
 24  34
 24  25
 25  34
 25  35
 25  26
 26  35
 26  36
 26  27
 27  36
 27  37
 27  28
 28  37
 28  38
 29  40
 29  41
 29  30
 30  41
 30  42
 30  31
 31  42
 31  43
 31  32
 32  43
 32  44
 32  33
 33  44
 33  45
 33  34
 34  45
 34  46
 34  35
 35  46
 35  47
 35  36
 36  47
 36  48
 36  37
 37  48
 37  49
 37  38
 38  49
 38  50
 38  39
 39  50
 39  51
 40  52
 40  53
 40  41
 41  53
 41  54
 41  42
 42  54
 42  55
 42  43
 43  55
 43  56
 43  44
 44  56
 44  57
 44  45
 45  57
 45  58
 45  46
 46  58
 46  59
 46  47
 47  59
 47  60
 47  48
 48  60
 48  61
 48  49
 49  61
 49  62
 49  50
 50  62
 50  63
 50  51
 51  63
 51  64
 52  66
 52  53
 53  66
 53  67
 53  54
 54  67
 54  68
 54  55
 55  68
 55  69
 55  56
 56  69
 56  70
 56  57
 57  70
 57  71
 57  58
 58  71
 58  72
 58  59
 59  72
 59  73
 59  60
 60  73
 60  74
 60  61
 61  74
 61  75
 61  62
 62  75
 62  76
 62  63
 63  76
 63  77
 63  64
 64  77
 64  78
 64  65
 65  78
 65  79
 66  80
 66  81
 66  67
 67  81
 67  82
 67  68
 68  82
 68  83
 68  69
 69  83
 69  84
 69  70
 70  84
 70  85
 70  71
 71  85
 71  86
 71  72
 72  86
 72  87
 72  73
 73  87
 73  88
 73  74
 74  88
 74  89
 74  75
 75  89
 75  90
 75  76
 76  90
 76  91
 76  77
 77  91
 77  92
 77  78
 78  92
 78  93
 78  79
 79  93
 79  94
 80  96
 80  97
 80  81
 81  97
 81  98
 81  82
 82  98
 82  99
 82  83
 83  99
 83 100
 83  84
 84 100
 84 101
 84  85
 85 101
 85 102
 85  86
 86 102
 86 103
 86  87
 87 103
 87 104
 87  88
 88 104
 88 105
 88  89
 89 105
 89 106
 89  90
 90 106
 90 107
 90  91
 91 107
 91 108
 91  92
 92 108
 92 109
 92  93
 93 109
 93 110
 93  94
 94 110
 94 111
 94  95
 95 111
 95 112
 96 114
 96  97
 97 114
 97 115
 97  98
 98 115
 98 116
 98  99
 99 116
 99 117
 99 100
100 117
100 118
100 101
101 118
101 119
101 102
102 119
102 120
102 103
103 120
103 121
103 104
104 121
104 122
104 105
105 122
105 123
105 106
106 123
106 124
106 107
107 124
107 125
107 108
108 125
108 126
108 109
109 126
109 127
109 110
110 127
110 128
110 111
111 128
111 129
111 112
112 129
112 130
112 113
113 130
113 131
114 133
114 134
114 115
115 134
115 135
115 116
116 135
116 136
116 117
117 136
117 137
117 118
118 137
118 138
118 119
119 138
119 139
119 120
120 139
120 140
120 121
121 140
121 141
121 122
122 141
122 142
122 123
123 142
123 143
123 124
124 143
124 144
124 125
125 144
125 145
125 126
126 145
126 146
126 127
127 146
127 147
127 128
128 147
128 148
128 129
129 148
129 149
129 130
130 149
130 150
130 131
131 150
131 151
131 132
132 151
132 152
133 155
133 156
133 134
134 156
134 157
134 135
135 157
135 158
135 136
136 158
136 159
136 137
137 159
137 160
137 138
138 160
138 161
138 139
139 161
139 162
139 140
140 162
140 163
140 141
141 163
141 164
141 142
142 164
142 165
142 143
143 165
143 166
143 144
144 166
144 167
144 145
145 167
145 168
145 146
146 168
146 169
146 147
147 169
147 170
147 148
148 170
148 171
148 149
149 171
149 172
149 150
150 172
150 173
150 151
151 173
151 174
151 152
152 174
152 175
152 153
153 175
153 176
153 154
154 176
154 177
155 179
155 156
156 179
156 180
156 157
157 180
157 181
157 158
158 181
158 182
158 159
159 182
159 183
159 160
160 183
160 184
160 161
161 184
161 185
161 162
162 185
162 186
162 163
163 186
163 187
163 164
164 187
164 188
164 165
165 188
165 189
165 166
166 189
166 190
166 167
167 190
167 191
167 168
168 191
168 192
168 169
169 192
169 193
169 170
170 193
170 194
170 171
171 194
171 195
171 172
172 195
172 196
172 173
173 196
173 197
173 174
174 197
174 198
174 175
175 198
175 199
175 176
176 199
176 200
176 177
177 200
177 201
177 178
178 201
178 202
179 205
179 206
179 180
180 206
180 207
180 181
181 207
181 208
181 182
182 208
182 209
182 183
183 209
183 210
183 184
184 210
184 211
184 185
185 211
185 212
185 186
186 212
186 213
186 187
187 213
187 214
187 188
188 214
188 215
188 189
189 215
189 216
189 190
190 216
190 217
190 191
191 217
191 218
191 192
192 218
192 219
192 193
193 219
193 220
193 194
194 220
194 221
194 195
195 221
195 222
195 196
196 222
196 223
196 197
197 223
197 224
197 198
198 224
198 225
198 199
199 225
199 226
199 200
200 226
200 227
200 201
201 227
201 228
201 202
202 228
202 229
202 203
203 229
203 230
203 204
204 230
204 231
205 206
206 233
206 207
207 233
207 234
207 208
208 234
208 235
208 209
209 235
209 236
209 210
210 236
210 237
210 211
211 237
211 238
211 212
212 238
212 239
212 213
213 239
213 240
213 214
214 240
214 241
214 215
215 241
215 242
215 216
216 242
216 243
216 217
217 243
217 244
217 218
218 244
218 245
218 219
219 245
219 246
219 220
220 246
220 247
220 221
221 247
221 248
221 222
222 248
222 249
222 223
223 249
223 250
223 224
224 250
224 251
224 225
225 251
225 252
225 226
226 252
226 253
226 227
227 253
227 254
227 228
228 254
228 255
228 229
229 255
229 256
229 230
230 256
230 257
230 231
231 257
231 258
231 232
232 258
232 259
233 234
234 235
235 236
236 237
237 262
237 238
238 262
238 263
238 239
239 263
239 264
239 240
240 264
240 265
240 241
241 265
241 266
241 242
242 266
242 267
242 243
243 267
243 268
243 244
244 268
244 269
244 245
245 269
245 270
245 246
246 270
246 271
246 247
247 271
247 272
247 248
248 272
248 273
248 249
249 273
249 274
249 250
250 274
250 275
250 251
251 275
251 276
251 252
252 276
252 277
252 253
253 277
253 278
253 254
254 278
254 279
254 255
255 279
255 280
255 256
256 280
256 281
256 257
257 281
257 282
257 258
258 282
258 283
258 259
259 283
259 284
259 260
260 284
260 285
260 261
261 285
261 286
262 263
263 264
264 265
265 288
265 266
266 288
266 289
266 267
267 289
267 290
267 268
268 290
268 291
268 269
269 291
269 292
269 270
270 292
270 293
270 271
271 293
271 294
271 272
272 294
272 295
272 273
273 295
273 296
273 274
274 296
274 297
274 275
275 297
275 298
275 276
276 298
276 299
276 277
277 299
277 300
277 278
278 300
278 301
278 279
279 301
279 302
279 280
280 302
280 303
280 281
281 303
281 304
281 282
282 304
282 305
282 283
283 305
283 306
283 284
284 306
284 307
284 285
285 307
285 308
285 286
286 308
286 309
286 287
287 309
287 310
288 289
289 290
290 291
291 292
292 313
292 293
293 313
293 314
293 294
294 314
294 315
294 295
295 315
295 316
295 296
296 316
296 317
296 297
297 317
297 318
297 298
298 318
298 319
298 299
299 319
299 320
299 300
300 320
300 321
300 301
301 321
301 322
301 302
302 322
302 323
302 303
303 323
303 324
303 304
304 324
304 325
304 305
305 325
305 326
305 306
306 326
306 327
306 307
307 327
307 328
307 308
308 328
308 329
308 309
309 329
309 330
309 310
310 330
310 331
310 311
311 331
311 332
311 312
312 332
312 333
313 314
314 315
315 316
316 317
317 334
317 318
318 334
318 335
318 319
319 335
319 336
319 320
320 336
320 337
320 321
321 337
321 338
321 322
322 338
322 339
322 323
323 339
323 340
323 324
324 340
324 341
324 325
325 341
325 342
325 326
326 342
326 343
326 327
327 343
327 344
327 328
328 344
328 345
328 329
329 345
329 346
329 330
330 346
330 347
330 331
331 347
331 348
331 332
332 348
332 349
332 333
333 349
334 335
335 336
336 337
337 350
337 338
338 350
338 351
338 339
339 351
339 352
339 340
340 352
340 353
340 341
341 353
341 354
341 342
342 354
342 355
342 343
343 355
343 356
343 344
344 356
344 357
344 345
345 357
345 358
345 346
346 358
346 359
346 347
347 359
347 360
347 348
348 360
348 361
348 349
349 361
349 362
350 351
351 352
352 353
353 354
354 363
354 355
355 363
355 364
355 356
356 364
356 365
356 357
357 365
357 366
357 358
358 366
358 367
358 359
359 367
359 368
359 360
360 368
360 369
360 361
361 369
361 370
361 362
362 370
363 364
364 365
365 366
366 371
366 367
367 371
367 372
367 368
368 372
368 373
368 369
369 373
369 374
369 370
370 374
370 375
371 372
372 373
373 374
374 375
