89.115308 87.854941 83.771353 85.316074 76.854417 82.659136 76.982626 89.539365 76.960287 82.044650 78.991124 79.812805 89.927753 83.479414 78.133193 84.909020 85.899581 79.160158 77.506470 87.277359 84.745943 79.773759 81.712362 81.879337 78.923101 79.473658 81.469006 78.200311 79.408987 
77.629573 77.694653 83.770275 81.830547 81.664001 77.368732 88.150249 78.023496 80.967093 79.546585 78.678015 76.903337 79.523081 88.352673 83.945700 78.396051 86.042750 88.061134 87.562037 82.531171 81.236239 78.352567 85.342560 85.760326 82.239193 78.147936 84.712916 
77.696661 85.713936 78.423084 84.147945 83.145483 87.067277 88.419851 87.163895 83.558680 80.435244 80.519502 84.222029 80.673582 81.434312 84.775630 82.847389 78.814068 79.009663 86.953093 80.279759 82.398694 78.145623 81.621941 80.572004 88.406981 76.694908 84.392015 85.851312 80.023414 79.129500 77.167701 76.487700 82.483243 88.427618 80.787669 78.544426 85.833783 
77.249461 79.992131 77.451267 80.535254 80.457183 86.956688 77.614141 80.040993 82.203727 79.490479 88.379948 77.121046 78.042135 84.983078 87.637742 85.718363 78.466648 79.310262 
88.366992 88.386506 86.055197 81.780068 76.957894 80.327614 81.515884 79.836715 86.412127 78.643387 76.839979 81.541660 80.872450 77.018860 82.536530 81.794989 81.834505 82.071737 76.856565 77.442721 80.924582 82.252728 80.079740 87.855690 78.717242 78.570038 79.721196 85.029204 82.879122 87.701225 77.061131 
80.934173 85.759376 89.833369 79.860598 81.028679 78.908844 85.836267 79.660979 82.800121 88.699136 88.095181 88.364869 76.934541 81.794590 82.340917 81.730606 76.924761 85.577416 77.026529 84.667333 77.741933 81.936855 79.740274 77.932596 89.933639 84.542075 78.379027 81.063367 80.234745 85.200715 80.920401 81.199643 79.597433 78.114320 
77.451426 83.427130 84.917176 85.165918 86.785476 88.136234 87.624990 79.650565 81.738128 87.079371 88.076694 88.623868 82.612028 79.667398 80.283757 80.038743 79.194877 78.753191 76.961501 79.549360 87.586530 86.592019 79.648602 81.252195 78.713791 81.537266 86.336836 77.618401 80.716893 
79.600204 85.420924 79.634789 88.088023 83.603915 81.818092 81.954038 80.352351 85.025816 78.895139 87.944613 78.931462 89.158334 79.139181 89.672286 84.391696 80.923260 81.055422 88.331142 86.110522 78.467761 77.400307 85.959071 81.810209 79.075952 89.428845 88.034137 
89.872098 77.022116 89.166628 87.825348 87.490523 87.102943 88.347551 76.526205 84.441308 83.706137 83.090896 78.445497 82.740762 88.700598 83.337167 79.947084 82.174985 89.616137 
88.373629 77.972761 86.663492 80.926633 81.076645 83.782913 76.804415 86.740829 85.566517 84.585968 79.458644 83.660763 82.770671 87.884774 78.175345 78.054536 88.963300 76.786655 
78.476041 86.291693 79.047089 84.446314 81.376808 79.226396 85.760195 88.853673 86.450967 80.747302 78.149561 85.916601 80.610166 79.562978 88.276153 89.103217 85.117453 80.225817 85.951792 
84.089317 88.188486 84.806534 85.073191 77.633301 78.660380 81.483820 76.921525 81.928173 86.238786 77.725156 83.562165 77.155002 88.133377 80.006887 79.011199 84.802699 82.187646 78.954024 81.584743 82.610146 80.976690 78.551060 84.997482 82.530233 79.210041 76.873368 77.340392 80.393316 76.918696 78.151217 77.651995 79.866330 79.039323 78.235911 88.721267 80.381184 82.876412 84.114574 77.164858 78.167582 84.481610 79.168305 82.558524 79.829763 79.958971 79.151096 
78.175540 85.831512 81.131734 85.838235 80.137926 78.439753 76.580581 77.160755 85.766129 83.338024 81.019818 86.933766 87.061440 78.607536 78.013650 77.940089 87.462280 78.704205 80.893700 78.752839 77.935289 82.233102 80.233311 80.004684 87.319486 77.863958 88.875701 81.867836 79.734102 85.993284 81.716971 78.887688 78.071334 80.515445 82.217203 80.254944 80.535877 77.577283 81.812866 81.688620 79.784408 
82.219292 87.833544 87.309022 86.737024 88.547311 89.421861 88.232582 81.158133 79.844347 84.266049 80.207102 76.639730 76.770860 86.849718 83.051846 80.220655 80.634496 85.768226 80.192182 78.028328 85.642903 78.149170 82.516377 85.401004 87.020662 81.992904 79.210821 79.828332 79.689242 78.480817 82.202613 80.302684 
88.321010 85.385006 76.864783 79.584310 77.161909 80.456696 78.881988 86.722038 80.202211 87.619377 85.381149 85.523889 85.856083 
76.370822 88.497997 85.389907 81.228732 79.353768 89.221070 87.231761 84.305101 86.780732 82.143100 89.562857 88.204088 87.993907 77.434364 77.240491 85.446546 79.767273 78.448836 89.394806 79.153874 79.611142 80.861869 77.396401 83.547693 89.110191 80.108637 77.585082 88.850836 
77.206724 84.450995 77.734495 79.594400 89.455646 86.265423 85.869075 88.113832 79.998290 82.244578 87.358809 81.916896 83.388329 76.465286 87.650229 84.617724 78.975898 78.135580 84.231542 79.646197 79.108553 81.497687 83.886392 81.703415 83.821369 77.939317 88.195560 80.777617 80.651741 85.586495 82.084103 86.015304 85.895983 84.825352 79.372254 79.598825 77.824687 
81.014671 83.171737 80.770577 83.794382 82.693509 84.047077 77.376788 80.644392 86.064631 77.885009 76.784858 78.179111 78.816587 80.192326 87.055606 85.942292 82.620553 86.548460 80.754862 77.878635 87.090077 86.219442 79.597085 80.771034 83.930195 84.559396 
82.049385 80.960686 78.021993 78.435708 78.072355 77.709686 79.646524 79.263247 77.485116 86.130050 78.642955 86.862399 80.317542 87.091475 87.435035 87.676526 82.802011 81.672293 76.443720 81.045288 86.023518 77.716591 77.899565 82.997492 81.011837 
79.310955 81.091157 80.897765 79.448801 86.701924 80.665447 86.851536 86.461866 83.422168 76.189387 86.981959 88.382824 76.620000 77.363485 86.998800 85.470683 76.800501 78.779626 86.293032 83.374737 
83.339200 87.149606 76.758679 86.383343 86.700216 88.189053 89.019890 77.443949 88.935300 82.691793 86.128135 79.054126 78.465537 80.937764 77.213520 88.530196 82.768192 86.347596 76.820477 88.117372 77.187817 81.177598 85.951231 77.021621 86.137507 89.389456 82.435863 
77.524869 77.220152 85.590890 85.878029 85.578224 82.201166 80.413700 84.864632 86.735776 79.085489 85.049099 81.156822 88.184760 76.698812 78.354648 76.240563 77.589463 87.340767 83.066259 84.248507 79.341914 81.245563 78.602369 79.390769 81.940413 78.815758 80.588134 79.368470 82.482271 80.439034 77.225752 86.842996 85.585867 80.721585 80.503106 
86.437923 83.579678 78.801058 86.546574 78.714811 83.920245 77.331509 83.226419 87.727715 79.074617 78.441157 81.881686 86.951349 88.307708 82.622267 87.173181 82.196338 89.396567 77.162741 77.072843 79.796414 82.893513 82.930648 
79.698640 78.552726 86.529176 77.640838 83.852740 88.696089 78.167146 83.519786 77.979464 79.887217 80.105490 86.405570 77.006960 78.800591 79.723788 84.355406 82.096890 77.144889 81.250650 
85.331227 87.970439 88.886797 84.722421 77.829863 80.794224 80.283621 89.322478 84.642155 77.456845 82.642950 78.790801 80.009234 88.390131 87.874781 84.147272 81.946649 80.050307 80.235099 81.887829 79.456542 
77.822309 82.323703 88.363194 84.295948 78.766405 76.914918 87.662552 77.403720 76.075898 77.732654 87.204931 85.672544 79.802048 80.064494 88.001223 77.618101 77.612550 81.655705 80.878217 89.412896 
83.357213 80.729584 87.532633 84.801758 79.962899 86.940397 87.812892 76.942778 82.241534 79.664275 81.402241 84.028811 89.389300 85.622202 87.154403 79.619985 77.860516 81.654617 80.627599 82.217629 
86.669234 80.518372 86.670230 82.349865 77.209519 78.827962 80.768227 81.494857 85.183392 76.812199 87.866233 84.959854 87.014985 81.812056 80.232593 76.906382 79.871709 81.423281 86.675190 82.082329 89.654119 79.678234 80.982674 83.305891 83.975819 85.497361 84.544519 88.032142 83.511123 82.289562 83.374116 
85.018858 78.598171 88.297115 82.190309 78.842562 80.622256 76.667930 79.339248 84.832574 82.258118 86.288990 82.068532 84.177790 86.124565 76.902828 86.454549 83.955605 77.721013 84.590903 88.128398 80.499875 84.909728 89.034860 88.931925 
87.043031 84.118713 86.764296 84.355924 82.984071 82.127218 76.949901 80.483169 80.908355 78.517824 88.297256 88.401806 81.705762 84.605273 85.231438 82.237194 83.960979 83.172862 77.901001 89.496985 86.924466 78.828558 80.540129 80.171805 83.462505 85.950223 77.755163 83.000434 89.166518 89.284030 
88.368454 77.317016 86.094643 77.779332 78.798968 78.581974 89.993897 83.031464 84.574723 81.355879 83.521840 79.701667 83.223646 80.923858 80.438340 79.283596 
87.911413 83.074357 80.912252 88.781611 85.126232 77.766486 82.817994 86.907050 84.769171 77.537779 85.627808 76.759918 76.907873 89.098417 81.094222 80.691029 77.494568 81.961846 81.534426 80.286272 84.706224 79.220890 89.536626 86.654725 77.798432 78.162271 84.259225 85.040559 84.090822 78.394214 
89.811593 87.684839 77.205500 79.851079 86.584197 87.721347 81.842757 83.209101 83.774434 81.910856 88.070327 87.316735 84.624442 86.846055 79.589398 80.375441 77.154189 77.978349 81.283250 78.913383 78.529270 81.833859 82.130337 
80.090255 80.715401 80.358570 79.381900 80.160705 83.404545 84.939248 87.706638 79.362193 84.250554 84.227340 89.768603 78.519769 85.924802 82.115053 86.931293 88.122883 86.307859 80.262704 77.830193 87.571277 88.465569 83.012054 83.405106 80.571420 77.113940 82.943692 80.283680 83.725761 79.064349 
81.549327 78.985182 81.303709 82.093603 80.937092 77.562048 82.808894 83.462449 80.522204 87.519400 87.208753 87.690822 82.021954 85.804500 85.412025 84.321466 86.153276 83.416127 82.112698 77.229461 77.683176 78.751542 79.296631 88.903884 78.104005 79.564454 80.581246 78.599361 79.029591 80.767635 82.329757 81.436886 85.265764 81.507736 78.363674 81.620946 
87.779869 86.652157 86.652861 85.837160 77.692948 76.189628 88.569084 88.657079 83.428328 78.865668 77.067780 81.728366 78.393494 82.895070 85.328433 77.789719 79.747251 88.246913 77.830978 89.855218 77.918898 80.491211 86.351117 79.125198 77.272824 
89.329777 78.636807 84.578445 77.494486 86.129769 79.918096 88.631356 79.871762 89.963158 82.875904 77.776288 85.829827 87.722144 80.275833 84.549912 76.694076 78.953572 88.490287 80.572909 76.501086 87.581079 84.410520 81.880557 88.854496 81.083367 80.661164 81.082050 77.694146 
81.399897 87.396730 82.953332 77.542498 85.061002 82.475395 88.377249 84.922352 89.219097 84.771851 79.508952 78.735152 78.521239 84.059883 80.738235 81.353090 86.596962 87.889851 77.332440 76.536044 81.789154 84.764486 88.208245 87.580327 89.078834 
83.876074 78.525528 85.361441 79.621943 89.694205 83.831253 79.427363 84.621507 89.814217 79.736132 82.572884 85.531918 88.833383 83.588601 81.421103 
80.183951 82.128778 77.571406 89.406867 84.110616 77.153027 87.178598 83.884379 87.724145 78.471586 81.767640 76.948617 77.060151 89.174973 79.919526 89.610125 
78.046867 88.466010 80.340812 87.766316 78.772346 80.492489 77.362034 76.874695 77.445858 76.551803 84.483098 81.003352 81.669388 82.063940 77.934629 87.426678 85.910689 78.099646 77.407527 81.981219 77.590380 82.681412 80.638848 77.493004 78.195401 
84.580186 80.431787 77.659514 89.528714 83.580617 80.955864 86.874233 80.256400 83.720653 89.290118 82.941194 77.594326 84.668209 78.967262 78.466076 87.853406 88.296841 79.898320 89.899542 79.336709 88.780790 83.753724 78.791522 78.495009 81.166571 78.742365 79.108101 77.445205 
79.967652 81.377973 82.022981 76.641241 79.540112 86.133062 86.431419 80.483971 77.323118 85.918484 83.846474 82.822386 76.904471 86.712875 78.237558 82.470051 83.612339 79.344393 83.099137 79.327007 
82.630334 81.246262 77.594702 86.618006 86.662653 84.598424 87.052848 86.943379 85.053592 76.887931 81.960964 80.121307 77.535067 78.905091 89.120888 77.847520 77.362853 89.434549 85.147876 81.012072 80.352041 
76.866030 77.004157 87.838105 79.037056 77.030412 84.946267 84.586630 87.030477 81.774049 79.313067 81.360278 80.421437 81.181894 84.499193 78.286063 87.427468 78.703955 87.869345 80.776532 76.960118 
80.375860 84.720043 80.441514 82.564471 77.569146 88.214550 87.450654 79.602842 78.877922 80.924881 78.243441 85.629132 78.142586 83.398328 88.427050 78.594627 82.369217 83.768772 85.802639 83.352446 84.395018 82.538495 
84.608077 76.489460 80.470546 77.952969 76.418890 81.012667 79.284517 87.130133 84.262788 86.594741 78.825531 77.593096 80.601438 87.672413 78.197429 81.445390 84.487818 78.325365 87.800376 88.544998 89.114002 89.840178 80.190053 79.794560 78.397829 76.916248 88.879822 83.022443 76.582976 78.082072 80.575988 
86.016029 79.406831 82.820113 79.005056 80.491355 77.374231 78.601694 87.031636 86.755866 81.175456 78.692703 83.219223 77.454651 82.313843 79.652547 84.167775 80.054828 79.462076 82.921962 78.047491 77.794211 83.969247 81.379429 85.353022 
82.822572 81.301318 87.870607 81.106101 83.550964 80.582776 76.694869 77.678447 87.649232 83.532824 82.618956 84.497341 87.155601 89.730868 78.607590 77.805244 77.101509 88.797558 82.738514 76.577011 87.144942 79.370904 89.267601 78.462924 85.502381 79.110110 77.843751 79.191058 78.905971 77.381330 
78.359571 81.973743 79.283023 81.119715 80.329884 87.225599 87.457921 76.471059 78.970649 81.870058 77.179051 78.049221 84.508676 76.893646 82.951568 82.954426 79.878438 89.942946 88.194853 86.517432 82.167106 84.765622 81.600766 87.825228 76.765794 79.247915 82.826717 84.644000 80.465306 81.669128 88.770153 81.310262 89.164681 80.756302 86.618902 88.653509 
85.802209 78.181104 80.966079 79.309592 80.584297 76.949642 87.547431 89.285229 86.585172 86.454333 82.268569 82.904284 84.030863 78.881429 76.508033 80.881981 84.097862 89.457900 82.632130 89.673781 83.144219 83.962904 78.378886 84.391693 79.113421 82.160300 81.353815 78.645575 79.380265 76.202134 
84.852187 79.965496 77.260904 78.976580 79.994818 84.831653 76.648469 87.310885 76.141178 82.104559 82.666524 84.941458 84.120404 82.951075 87.594253 80.428767 86.402597 78.517780 77.785454 83.316684 78.873033 88.915955 81.156142 88.869121 82.337199 79.959347 78.183511 76.410909 87.339896 83.072940 89.186109 78.368277 84.010094 76.409382 81.190032 82.774783 79.825841 76.434848 
87.786288 86.672800 87.960693 85.213110 79.641810 80.632507 80.027754 84.177056 88.357130 87.818136 81.752219 82.587258 88.966527 84.956801 88.265819 77.251181 89.917993 87.648825 89.065439 76.692419 87.879338 78.231128 82.584448 77.135436 79.856794 79.531314 89.834914 78.458086 78.868897 86.541791 83.237721 78.275109 78.699795 80.296004 85.930877 78.426458 89.297236 78.348069 
88.039212 88.770498 77.643780 80.442167 83.201258 81.501084 86.412036 82.925125 78.083997 81.810464 77.654972 79.513391 86.018711 85.939948 81.667340 82.587295 80.432354 80.661130 77.341946 87.747571 85.596902 78.356584 77.641527 77.398468 81.973326 84.299214 84.877833 81.996491 83.029116 89.417764 
87.142098 86.967140 79.803760 78.666039 81.264842 86.597629 77.203430 81.105780 81.213382 80.584185 84.916772 81.727573 77.769499 78.440641 76.647778 76.980508 83.624344 77.813311 81.514718 81.340302 81.633729 78.058647 84.214635 79.222990 78.498226 83.793009 80.953830 79.225870 
77.284059 78.907361 81.838879 84.915450 84.507408 78.437493 87.642027 86.151166 83.534753 82.947968 76.773676 87.664451 82.788404 82.106366 78.517843 81.810768 80.477053 85.723357 77.517219 77.368208 82.631876 81.159637 
83.604975 80.678425 78.515366 83.319389 82.385589 85.860451 87.515685 78.542384 79.256363 86.658279 85.162580 84.944515 83.397681 84.077862 87.965448 86.700203 80.698810 77.900504 81.025729 84.879127 81.368740 80.244220 79.546674 77.435457 81.980948 79.108687 86.127206 85.959251 79.532282 84.988960 81.977179 78.950842 82.966461 
86.985113 79.627139 88.243251 84.730221 77.412013 76.658393 83.083421 77.211971 83.691557 83.051580 82.461123 87.907958 80.305280 77.119768 79.585242 81.095720 88.246560 80.298113 79.810224 76.658535 81.022803 
88.633624 80.614884 87.922763 77.381206 84.955976 79.061466 76.826513 89.506440 86.557222 78.397919 78.102316 87.815112 85.195863 87.940169 80.586337 81.235626 81.634869 79.919867 79.030581 81.450611 80.691827 87.344177 82.020375 79.361858 79.460005 
87.580049 81.676888 85.072691 81.449199 78.017505 77.279975 85.181761 80.605394 81.847484 85.480042 84.467244 89.018605 85.271385 78.287229 79.657350 83.989809 89.438665 83.952934 80.822670 79.556731 
81.057253 87.023289 77.896722 85.440360 85.434503 87.682662 79.276729 83.931922 88.893447 85.823018 82.616257 88.097790 86.822378 77.418278 81.732323 79.705935 83.749093 85.846639 84.471719 86.939632 77.477020 81.396158 77.337218 77.809441 79.421261 85.865772 79.649426 82.254781 81.072522 81.649672 
79.459797 78.094241 88.425558 88.142730 85.279470 77.021017 76.443678 88.464493 89.350581 86.521284 79.383207 79.502545 87.179372 83.184859 79.136959 86.075513 81.480091 
77.844803 76.206978 86.266663 88.344347 87.867344 84.920949 78.566739 84.193249 82.833044 82.200080 79.348413 81.286988 85.387472 86.975731 86.259309 85.576151 76.886223 79.552341 86.202231 80.192938 79.171393 81.428208 78.759996 77.723492 84.566642 79.470755 83.727958 88.148285 88.513773 83.821872 78.489058 
79.211601 77.255629 88.465638 80.978188 86.579989 86.631139 80.377146 83.922649 82.912795 88.350401 78.890522 89.810508 77.585062 77.454397 89.515243 84.255532 82.678926 79.577675 
80.808114 82.491490 80.325909 86.548974 86.894482 76.185883 81.070149 82.599761 84.409220 79.315717 77.107550 80.522204 87.152886 89.749158 86.513403 79.180698 85.186732 79.852040 83.246192 81.415015 79.366512 81.877235 80.330150 89.333659 
84.129202 77.025308 80.608906 86.958159 82.041923 84.603024 89.627632 86.485474 77.948184 89.818394 88.079007 79.369821 80.045921 84.273443 76.859864 79.016288 89.152042 87.119828 88.147627 80.023981 
87.514844 79.342968 82.839245 78.408583 87.054367 85.703690 82.905405 77.772049 84.162900 84.451975 86.739907 84.311010 81.212999 80.738157 89.653134 85.595616 83.220051 83.283437 78.960411 81.361549 84.233639 
78.764321 76.991247 84.179907 84.738670 88.408125 79.637852 79.913704 79.078760 87.767942 85.536068 81.984621 88.911526 80.205935 83.828890 77.973866 82.469444 79.150637 80.533223 78.802309 
88.867155 81.757343 82.575558 77.744067 87.856443 78.880696 77.853828 84.792732 78.557205 76.756936 85.224294 86.917861 77.394783 84.069885 86.151804 82.035271 88.851818 89.621235 80.883779 81.451427 84.464185 78.870754 80.950546 81.479951 79.964099 82.600552 
83.330524 79.242342 79.605640 82.598525 83.712905 76.830965 84.958425 87.332175 81.178239 77.839917 77.287730 76.991433 88.523148 84.280100 85.785205 77.653823 88.303248 84.309627 84.891832 78.326898 77.373020 77.126772 77.282306 80.223979 78.971945 79.180455 82.511391 78.651998 
76.741268 83.477277 79.243865 85.340830 79.195170 83.447319 85.140436 82.552718 88.250218 89.726856 88.762780 86.139415 80.499161 85.489266 77.167641 80.960649 81.029767 80.293608 79.992947 
87.773154 84.125066 78.518711 87.839994 85.366885 83.464790 84.907003 78.007455 88.260030 81.954849 78.516664 83.508509 77.060815 88.522456 79.676631 84.751430 77.439058 
86.742708 79.383260 82.163375 81.588583 86.429155 76.736143 86.024984 79.533163 77.434542 77.607811 76.901751 79.260194 82.779219 78.035177 77.223429 88.589022 81.632031 88.643830 87.863523 76.680087 80.415371 82.501461 84.931186 86.659294 79.669593 78.777356 83.212858 88.724499 84.157349 
76.896137 78.851528 78.956092 87.782594 81.924485 86.288930 86.271648 80.390299 85.267381 78.280617 87.471386 80.437266 82.171336 84.492680 81.247042 
82.110515 83.545961 78.772286 86.581807 78.051916 80.505414 89.324897 80.116804 88.917240 87.625974 76.448394 81.231684 85.566171 80.492582 89.922699 89.969018 79.383956 84.787504 87.121941 84.826565 80.391793 81.275708 87.355221 81.195761 81.923050 80.133477 
79.364776 89.665120 85.866138 83.627941 76.645232 87.473224 81.323913 88.616706 88.382077 84.515194 82.751464 78.694885 83.054759 80.680274 80.136256 79.683430 77.382886 87.444238 77.382256 88.229772 87.385220 85.771482 82.978209 86.811143 76.561559 80.354824 
81.011583 81.499708 77.797973 76.468125 80.677919 88.987984 77.709109 85.198067 84.815056 84.899961 89.005449 80.003414 82.363419 81.017368 77.606172 79.290409 78.908610 81.047931 
89.151142 77.455129 80.672330 89.382879 87.583465 87.426745 84.266116 85.829141 84.240472 77.081211 82.490468 77.388632 85.897973 80.146154 86.543135 79.860460 81.454802 79.912634 79.357479 80.295756 
87.265531 83.733580 79.256827 77.741591 85.903066 81.209806 79.336536 85.854853 76.162238 86.360825 87.358812 79.162114 81.173191 85.921444 77.945581 80.741443 81.654931 77.908205 83.956789 79.954238 79.819057 78.446821 76.517126 81.190644 82.506895 
77.373855 83.170263 80.575540 88.900380 79.061179 83.605326 79.668478 87.981383 84.087783 79.266855 87.825444 86.484336 86.790628 77.604180 77.128561 87.675866 88.207906 80.232389 76.517955 83.788331 83.454856 87.046215 84.523825 78.534955 80.456521 82.005169 79.561632 79.772614 
82.243512 86.044256 80.289573 79.039612 85.942355 87.799548 79.505227 87.378456 87.006323 80.736662 81.364799 83.196773 85.379664 89.240041 80.020274 80.778521 85.580450 80.121883 82.368853 76.863628 88.467144 85.834256 78.353831 77.838262 83.048188 85.165562 82.165230 81.589191 
88.135114 88.079604 85.422400 77.496420 79.708857 77.392310 85.272466 83.086507 85.129404 82.031060 80.699704 78.619501 79.706598 78.362468 
86.234257 88.772101 82.110323 78.560330 85.730982 80.719836 79.164471 83.789462 78.210662 87.889516 86.627167 89.917260 76.677658 78.095376 79.791608 79.130096 77.558515 88.165102 77.258675 
83.061678 89.644486 86.665030 79.737002 87.537798 82.705107 85.965620 86.411173 77.299087 87.439605 78.777940 85.808986 82.382810 82.564000 
77.394530 82.455751 77.615160 77.423048 89.188260 79.999116 88.477570 79.242733 80.077205 86.122046 81.075576 85.313565 77.559415 83.747973 83.842244 80.771189 83.894444 
87.999753 79.375453 76.654591 88.435900 85.888691 79.810079 79.175521 89.633335 86.731270 76.997519 78.642606 77.515030 88.965271 76.836968 82.538602 76.953917 76.599726 82.367541 81.463414 81.698494 79.652564 86.863022 77.367772 
84.427506 81.935021 87.649885 83.630834 83.064191 84.935269 88.459206 87.359799 76.062965 77.071914 80.813480 83.229617 83.122678 79.666874 78.928587 77.127332 78.341049 81.882273 86.786000 77.741349 78.499637 78.015162 77.588498 84.289883 83.744966 89.099203 83.080557 88.220867 
81.412708 85.231491 85.611774 86.030638 79.110276 84.882151 84.309694 79.944275 86.743778 80.678319 83.333959 82.746292 87.641105 80.193179 81.014850 80.965788 80.457325 79.503580 76.468727 79.176515 78.578143 86.225970 77.113246 86.148979 80.278715 86.307171 85.689750 80.267857 82.552183 85.160128 77.878699 84.715310 83.389379 86.600375 76.519671 78.902093 88.147073 89.361643 79.302240 79.394765 78.207275 89.839096 89.717230 82.585070 86.949539 79.419897 80.780656 84.842292 88.016999 78.353533 78.152857 78.734445 
79.198971 84.225295 86.131320 79.893032 78.226197 78.318378 78.537590 84.963176 82.213064 84.438912 86.980261 80.842867 86.904652 89.034692 82.645690 78.152435 77.431473 82.592003 78.282419 77.957764 87.165406 
86.453916 84.126322 84.873515 86.783298 82.701732 80.469142 83.455870 81.901959 80.769512 87.087271 77.321808 78.142843 81.162528 82.185394 83.749315 81.553698 
86.616114 86.998026 77.658958 81.286525 79.529081 88.844753 84.989979 76.934235 88.893681 77.509763 77.482094 87.039963 88.538126 82.598155 81.647753 77.786609 76.739356 83.775421 81.814615 82.836906 82.060924 85.232250 
77.349727 87.857577 77.619199 84.934656 78.878931 78.357578 85.460098 79.353242 78.424203 84.706279 82.506775 88.449111 82.774105 80.136939 87.512365 85.739099 86.955243 80.685064 78.692973 79.345151 89.373767 89.676875 87.939258 85.629310 82.132721 83.600579 79.288463 84.965983 84.407388 82.211194 79.402356 
83.628740 87.699078 79.153338 86.630338 84.242295 79.146451 88.839008 85.860827 86.084914 80.539788 79.564636 89.783644 77.685755 89.370755 77.283241 78.182228 89.152008 83.853780 78.523736 83.593626 89.842002 80.783291 82.896246 82.064343 86.378854 
84.053722 87.741790 85.432533 89.845378 79.664857 78.590451 86.984010 86.470844 78.685084 80.277874 89.319439 79.130998 80.732271 86.610402 83.691458 82.330482 82.852227 76.241540 83.878813 84.162131 78.601150 
80.296537 88.011368 77.276342 79.087647 85.863848 81.464040 89.736746 88.191457 85.123376 87.477956 85.828553 86.583650 
79.875947 87.595805 78.946079 78.654132 80.963561 79.521106 81.270228 77.197510 84.296574 81.217433 81.035454 77.244003 88.398504 86.186123 82.521190 81.861507 76.802981 84.340974 79.154118 84.917231 84.165871 83.298583 76.996553 80.140669 80.994581 77.368707 88.618442 77.663948 83.340957 89.594162 
82.748940 80.846976 80.389475 80.279680 80.752832 80.487579 80.605124 88.266861 82.012391 86.385437 76.106766 83.256676 82.789221 83.366311 81.481622 80.413076 79.332264 88.556918 81.798854 89.159067 78.996470 81.739077 80.381757 76.462088 82.374055 89.763826 84.478444 84.408460 81.260240 79.447525 77.124072 80.843769 76.487294 79.846562 81.452975 89.589164 
77.634607 89.681122 78.483298 88.578027 77.511443 77.487059 77.537488 88.869804 87.313958 79.597267 85.135049 78.307878 85.411340 86.062798 81.904724 78.709411 80.096201 82.485406 
82.090165 81.367587 80.036998 85.459348 77.033406 83.893603 77.491363 89.180016 78.686532 78.308370 78.666339 89.096282 78.772573 79.431441 79.779252 
82.245257 80.543525 88.173643 85.150006 78.649179 83.899362 88.214363 81.886858 88.370324 79.398907 82.753755 88.345238 78.560447 78.055342 77.949067 83.308245 81.326027 84.010641 80.418606 78.448649 82.028156 
