3.472600 1.158781 3.461258 0.754807 0.187567 0.463131 22.895031 0.521890 6.328503 0.054544 6.353860 1.312360 1.233150 0.873411 60.168949 6.005451 9.467690 9.923032 11.960328 16.490763 0.462743 26.925147 5.420915 67.634039 1.260022 9.585947 1.567624 3.695305 8.098447 
0.803786 0.874983 9.811074 3.860931 7.863344 2.156841 26.401972 0.067320 16.793517 4.658228 3.931633 0.794544 4.016049 27.625492 0.177042 0.422157 13.520179 0.799320 1.452311 1.271148 0.432759 0.277568 1.957061 1.528684 5.428490 121.808125 8.510734 
0.223802 3.227568 12.217815 0.026844 14.992379 13.175156 6.445550 0.486555 1.051720 1.091867 8.141644 8.165378 4.028085 1.037581 0.988531 0.162425 0.292254 39.868804 4.941069 0.678155 3.844753 0.432997 17.666418 0.552886 11.616928 0.325073 1.948448 47.425265 2.442237 82.414994 0.557869 0.545531 21.533779 7.219795 1.537276 2.242049 11.962883 
2.479740 60.148163 8.447318 1.169708 1.946001 3.254920 27.902766 5.414190 3.101275 0.614510 1.105463 0.400254 0.045313 1.445080 13.927708 4.208784 0.030619 4.879743 
0.814614 10.805364 1.249293 6.565115 17.576027 15.864801 1.898388 0.019849 20.920909 0.141699 0.275605 0.057416 11.178865 3.646581 0.120065 0.063564 9.220460 0.074288 3.839932 0.470267 0.816229 6.989773 1.458081 1.372302 0.276147 0.019107 3.847297 11.160437 2.371853 3.832016 0.111069 
25.092967 0.719468 9.350489 3.598103 3.801544 2.303871 6.914431 2.854403 21.493005 3.113606 1.811625 51.192874 0.277820 11.029327 0.285879 13.801348 3.228627 67.815462 0.709389 0.296115 0.592306 1.868341 73.000604 20.620965 2.415826 2.353387 8.077516 2.730271 6.831286 30.852284 2.289743 11.870436 14.511877 1.603723 
13.455726 2.924652 3.899245 0.864231 3.943217 1.273681 0.268897 2.305094 10.643201 4.121125 0.197289 41.606912 0.894680 0.647580 0.629771 8.805436 4.433797 0.396253 1.729365 0.802910 3.538049 6.260057 18.027089 0.079363 0.041796 11.774312 2.022756 0.305147 2.185424 
4.022619 16.327086 10.858824 19.704426 7.542093 29.691151 0.417454 2.156077 0.837541 0.037632 1.060289 0.105138 0.951310 0.059758 22.700582 4.239480 7.695551 2.484222 1.809670 10.312955 7.861346 0.448230 9.143316 2.576150 0.553136 0.758207 14.045414 
3.707819 5.128993 101.969178 2.418719 1.102574 17.614614 16.922530 0.226235 0.910283 10.675535 0.443390 3.193307 1.750753 0.688755 4.223960 2.800826 3.549439 3.602034 
3.489959 21.556249 9.364145 0.708689 7.748038 0.729344 5.537118 341.912988 0.773542 12.626913 16.097105 0.207263 2.369037 0.831603 0.371470 0.463065 6.748495 9.008854 
1.410013 2.480289 0.190680 1.467055 4.575185 20.409594 10.923611 19.830460 1.154706 3.506514 3.959380 91.094085 26.671902 1.716491 1.025343 87.294097 1.687331 0.894156 0.983406 
2.688921 3.784249 5.679497 0.947465 18.680730 1.968573 0.891581 11.533928 1.482357 164.976087 5.825618 1.911082 1.528782 1.181820 0.343088 1.419652 0.623541 8.951308 1.805756 5.133755 0.190457 12.355817 4.833794 0.452816 13.167148 50.686852 11.675906 1.127450 1.341368 0.164081 1.340432 2.668590 1.166869 8.966080 1.528101 2.011632 1.336090 12.134196 0.385694 2.744999 0.517468 1.215571 15.280566 8.372928 1.778620 1.531981 17.872965 
6.792293 0.756162 13.214740 46.810473 7.111629 0.367402 0.295496 0.043522 0.543999 0.604618 5.909480 115.037780 5.570799 1.077764 1.426273 17.246354 14.387707 4.937749 0.812310 0.783387 10.855579 60.046824 1.315015 13.108364 0.967204 0.518970 3.212002 0.632808 6.212333 15.976587 3.554720 0.076180 0.381126 7.330577 1.060429 1.788466 0.377652 28.497391 3.085970 0.621202 7.254272 
4.603245 1.456683 1.536546 0.635288 1.014122 7.206431 8.578344 51.727344 0.213179 90.868039 24.549016 19.367965 39.289460 11.189721 1.756125 7.143451 0.161038 14.993017 3.548566 0.663173 1.076826 0.331827 269.150592 0.132213 9.465912 16.105718 0.110701 1.070578 1.782894 0.820028 3.639448 2.949710 
27.294201 5.785066 6.947941 12.222293 3.473013 0.240038 0.391475 9.985541 0.265762 1.144701 0.888370 4.715668 88.124717 
0.055151 1.716088 1.017866 0.057886 0.177123 39.883540 4.916305 1.515096 35.919208 4.612831 8.601739 0.671862 125.674824 0.277511 4.039949 12.468181 19.929877 2.159238 1.777338 0.428552 0.071033 12.288650 10.679489 3.469924 5.133884 1.307927 3.129779 1.370315 
50.402476 12.094629 32.663723 1.626252 0.677155 5.278511 1.487691 29.337490 9.644577 1.312069 22.438196 0.448442 3.249227 0.212172 0.995674 0.129265 44.206913 1.941987 1.785565 47.689471 0.824634 4.915089 0.786652 2.480127 0.528424 15.295020 33.246183 1.170077 254.276948 4.305636 41.517849 36.214208 121.275704 1.159206 0.308713 0.528763 57.506257 
0.083416 13.180513 46.059697 0.548250 6.709185 2.352352 0.617354 10.838170 3.405889 0.304594 8.202274 18.471688 2.872948 9.516771 0.897165 0.675351 0.660268 14.455475 5.798705 1.556095 117.804123 5.986086 5.923386 2.238060 0.538513 24.219555 
1.044990 0.106561 0.188085 4.943886 0.173801 7.395232 16.987442 0.415773 0.095741 0.761344 372.277581 10.532023 5.676829 13.966580 2.812767 1.168605 4.171186 1.064122 0.894573 46.638523 7.283254 65.415924 0.179298 10.718414 3.201210 
3.410291 0.429073 4.588104 23.855942 71.433897 47.476958 38.736818 1.120789 2.612357 0.262978 9.095162 2.085169 1.024344 11.892384 0.625552 55.112580 1.567883 0.334671 1.676760 2.558140 
1.223713 1.655857 0.301627 2.038262 22.552611 0.353170 0.741747 0.181137 0.190975 0.210988 5.756687 10.105351 0.243731 20.867859 7.886581 29.607891 10.777275 10.832359 0.919981 8.968594 0.518668 3.006601 0.717568 51.636548 12.492938 5.483805 15.678502 
3.386451 0.146037 10.030769 0.698326 134.374491 8.733670 22.159701 4.734666 10.049069 18.877377 120.270971 73.398297 1.316411 0.104484 7.406079 1.064737 10.018086 14.178141 3.000624 0.652012 3.380058 0.442111 11.061988 0.432180 0.362657 1.593492 11.298778 3.573286 1.858915 3.148875 0.336758 16.724162 22.582406 43.779197 5.132399 
17.754608 3.253837 6.652298 8.677892 0.640672 0.767700 0.141088 0.279291 14.908090 5.550205 0.102157 0.214926 0.732773 2.303324 0.718286 1.302846 5.618753 1.013810 0.934580 4.253541 50.804069 29.541802 2.099786 
0.298224 1.630782 1.423590 1.313104 11.374348 22.318309 13.855947 3.322695 1.403615 1.185272 0.848318 69.248398 0.194283 1.491073 24.681220 0.499958 2.144415 1.995119 5.290059 
41.247188 2.358635 0.503447 1.093229 0.287973 2.310203 7.757465 10.092688 0.144168 9.637761 1.061382 6.365405 7.286842 3.711024 35.093420 0.484749 15.783038 2.507151 6.949806 1.447171 2.839748 
0.119877 1.875638 0.674408 0.686641 16.324885 1.285447 5.563096 68.647150 0.432077 0.342192 3.935646 10.078289 30.237073 2.662695 1.117260 0.200850 7.476490 1.287969 26.525538 20.681893 
2.085631 2.876337 55.292691 1.068906 0.469328 6.514841 0.889359 2.534205 1.755920 6.009487 16.999102 30.490437 8.244523 6.570880 0.400403 0.096670 0.244826 5.550632 52.021156 3.031100 
4.851639 93.244423 4.051323 0.968887 8.832512 0.250769 8.396934 12.021148 0.586357 0.308982 0.930027 16.732381 48.122822 1.817057 20.743552 0.733459 15.245243 0.170253 0.488756 1.187414 7.625042 1.106782 2.967873 3.803699 3.129833 8.116314 1.199387 3.569046 0.432561 3.054064 20.022136 
1.820038 0.031279 1.396750 0.164057 0.269989 6.195412 6.900380 0.168035 0.265290 13.891754 0.984217 1.381687 2.616177 13.667535 0.543284 129.072095 1.411348 0.170620 0.701226 2.499879 7.895489 52.982655 6.919892 1.553623 
4.048959 11.818613 97.218092 377.813919 3.125572 0.430850 9.254779 185.346191 2.263378 1.653345 0.205126 8.993574 5.309066 102.142871 0.597562 0.139425 61.699282 3.308480 21.726297 5.167159 0.693553 0.440850 8.627126 8.778508 71.033309 4.842365 1.027318 1.964398 2.033598 1.230753 
1.506764 18.878250 6.427620 0.526456 0.223602 2.288656 94.784844 15.338886 0.956814 10.400721 0.254279 10.429449 6.092929 0.531580 8.376092 0.176771 
0.969517 0.922518 0.184886 38.621781 0.796938 1.573874 1.052562 12.873735 1.738340 0.169223 38.125795 0.496104 4.841656 0.516776 6.758611 0.578776 0.315523 3.923941 13.332724 13.208217 14.917638 12.109994 3.624659 3.113402 14.114855 0.095487 1.577902 6.091510 3.406087 5.663852 
4.909855 0.972124 4.818885 79.351897 1.111961 0.047957 0.281092 1.905978 0.560907 0.836847 31.059686 4.615416 5.098174 42.263092 2.605351 2.409420 0.323393 53.419469 2.488300 0.373983 0.055209 10.194046 12.995692 
63.695208 48.131483 3.168264 0.127678 14.187660 0.110338 0.892458 17.420970 0.632818 23.229519 0.095801 2.421556 0.090369 88.840116 9.740205 2.394865 0.494195 16.618202 2.784665 2.985449 0.428984 1.557753 38.105683 0.341504 4.776918 1.638692 112.719216 0.042784 1.255042 1.848542 
12.599586 3.342505 1.027387 12.133856 15.867900 0.044102 2.859885 1.738462 0.390908 39.000290 0.268338 1.131882 3.702976 2.995839 1.145655 10.411439 108.161403 0.084313 34.943862 29.962158 2.871528 3.062396 8.462578 9.675331 1.374174 0.092797 18.044789 0.553112 0.776105 4.307502 15.866827 0.834440 2.042420 1.435913 0.482101 4.253595 
1.153176 9.511278 13.627309 3.979805 13.834270 2.586244 149.077903 5.442169 1.826771 10.415840 5.078267 1.753785 0.087114 2.491396 0.739357 1.542452 5.059517 0.194400 0.543720 0.092514 8.901545 9.452112 3.825334 1.522843 0.081759 
0.506324 0.252034 22.711087 0.062467 21.301211 13.857178 60.308731 9.958595 51.108026 2.484147 19.644091 19.370427 1.636301 8.901822 0.868052 0.212345 0.049319 0.834929 0.041505 5.994220 33.166986 3.759228 12.670775 2.138614 1.219748 7.077881 4.557285 0.294321 
0.036517 0.041992 9.247691 0.177535 3.961744 0.188186 2.672703 2.543911 2.485177 12.934451 3.560220 6.780062 0.926066 1.410216 9.231751 0.918343 14.537143 0.434035 7.664725 0.490898 0.730935 0.649219 5.529000 0.900971 9.859729 
2.614140 6.030066 3.691468 2.347010 18.755747 2.250640 2.460219 0.688414 1.194635 0.440244 6.980793 176.292528 1.842656 18.858624 25.518374 
4.877184 3.831730 4.540221 12.371851 0.839096 1.421866 11.486259 210.362455 0.307462 0.347965 7.473340 12.799248 6.616970 158.422347 4.536565 1.269222 
24.519359 4.172248 88.450113 0.574298 4.891716 2.334622 0.595213 0.676506 26.094434 0.148567 0.829247 6.350231 0.865802 13.844996 0.038053 2.940654 69.141050 0.099686 0.148999 15.287503 8.913330 0.047771 4.768704 0.061809 0.069414 
0.985549 4.010011 0.103892 0.061879 15.367293 0.561705 6.367140 22.651155 0.669961 86.717442 0.168038 12.251197 84.762825 144.315513 0.094939 0.263549 1.438196 0.260065 1.626915 7.290730 120.191841 1.655915 0.376071 1.507341 7.204263 0.243385 1.533572 19.704302 
1.438088 1.556834 0.900041 7.217481 5.629859 39.540161 31.662712 11.579939 0.181306 1.098423 3.227237 17.741002 18.484540 1.154857 9.733029 10.930772 2.474109 15.790546 4.097963 3.276595 
1.469919 4.923147 0.527569 1.938726 78.919055 556.085629 14.311390 0.781001 0.529556 33.952966 0.759943 6.548528 13.463506 0.358705 1.320997 0.909387 13.211529 3.519124 45.445993 29.495744 1.954391 
273.552325 0.156693 2.925392 29.081786 1.757151 22.945292 8.864326 4.593687 0.978361 0.718192 13.304462 22.944692 0.921912 0.994487 0.904356 1.243384 0.285938 196.527814 2.108585 2.753232 
0.154503 1.337923 4.795945 14.304282 0.463615 1.392224 3.803929 19.750963 3.827656 58.211145 16.597521 8.872777 0.157584 2.679348 1.895147 1.886968 4.650761 2.554377 7.264772 0.492609 6.916259 1.414854 
3.610010 0.205659 30.926902 123.233620 1.440648 4.485253 3.084582 6.511665 5.330332 88.845804 3.787012 0.492414 0.597023 0.930059 0.660971 7.483946 0.438275 1.856534 1.230353 19.372470 0.483471 10.183673 1.598020 4.108536 2.422200 9.973628 18.309742 0.806248 0.366283 0.470773 10.448895 
35.455631 11.606023 0.429494 0.454166 5.627657 11.258546 13.850151 19.221736 1.127364 0.480739 15.215370 1.118667 1.808598 5.406227 0.652608 0.527767 0.117392 82.108190 18.239105 0.936835 0.587822 3.957341 4.966225 3.969550 
11.384318 1.204739 5.271216 104.174888 74.749373 11.292476 0.238764 0.178388 0.717999 0.488160 0.724005 1.752416 1.144770 4.317095 11.168870 9.006799 70.067708 4.469857 6.931926 67.687421 7.033272 0.948131 0.168068 1.295700 26.193763 5.926884 22.938062 1.584003 1.848440 1.326875 
1.335705 103.923385 0.255875 9.883339 27.357700 3.772675 1.154815 0.104288 0.610358 6.586475 0.560266 18.190527 2.333058 0.505806 1.155624 17.495696 7.225793 1.652938 7.988674 21.435727 0.444275 24.158009 0.697477 18.330625 11.176783 0.055950 0.522692 1.134949 0.879382 5.528195 2.755719 1.651679 1.371122 5.563077 8.722758 0.259722 
1.789151 0.225770 8.153781 3.780487 30.414195 22.835238 1.964888 102.189158 6.414605 220.675735 14.910945 0.495678 0.238725 0.077795 2.905919 1.329476 2.331689 0.425099 7.250896 2.624850 8.510197 6.895474 1.513059 1.489438 1.373317 66.250114 49.352982 0.207079 1.652832 0.329758 
0.931553 0.158449 0.708772 0.465574 65.071990 5.355098 0.082250 3.969929 1.867422 3.320528 11.022679 0.113720 21.118710 11.207585 0.594409 2.961592 17.011034 2.525445 24.823341 2.353404 3.103847 0.766111 17.602076 4.291925 0.876300 356.082114 2.706826 1.286013 9.375247 3.125805 4.172510 9.365160 4.852124 11.566820 1.221487 2.553811 3.183746 0.600241 
0.057816 9.983386 3.370653 0.538656 8.131482 1.184083 22.907755 1.939097 9.946329 16.494444 4.155519 0.147563 0.431990 33.308341 0.510967 10.686779 0.168150 72.485287 1.645418 0.602470 2.601705 0.398953 17.123480 0.164111 0.381048 2.447938 11.551348 99.260836 0.371857 7.504358 1.720369 3.978767 4.159295 0.185288 1.588337 1.432380 9.080282 1.813789 
7.344787 16.569733 150.917734 0.683777 6.810807 0.207168 6.867363 2.767764 2.172910 64.876035 0.461888 1.737883 10.774621 116.192264 11.458140 0.613820 12.830042 0.091846 3.127669 0.897125 0.717777 0.263469 1.513692 23.480746 34.106505 0.599194 17.931866 0.753545 7.118437 4.917942 
9.742684 0.749312 19.943337 0.154262 34.247220 22.357732 0.690348 49.399169 2.684747 29.236526 6.580481 0.577721 0.293124 1.825626 7.540527 217.972932 15.184146 1.000622 11.973104 50.436220 0.779125 0.941198 1.821608 3.274461 0.651394 0.131126 3.459459 0.356956 
9.452935 50.475821 14.299317 1.231067 54.182751 26.361335 1.064934 26.802956 0.073994 0.617485 0.318132 17.822998 4.120074 8.180220 9.018640 0.103410 5.774624 2.468712 2.993923 0.172836 5.765802 2.812060 
5.203792 56.380756 62.722002 140.667273 3.467142 10.985129 0.726037 0.386024 1.042861 3.657306 0.439604 4.751343 1.515492 8.324608 3.963337 8.074451 8.898063 6.837998 13.102789 0.305069 57.354662 1.999823 2.516392 64.257414 0.622238 0.285676 7.902677 11.734709 4.010287 5.427874 18.469568 4.732979 11.691053 
3.434278 0.255162 37.108890 0.877276 0.257503 118.072578 3.229915 1.070414 24.542514 0.292646 52.298567 0.948131 22.728592 0.256345 2.093368 14.309269 8.283347 2.370765 2.388939 1.558186 1.818471 
0.153512 1.233765 198.984984 0.499752 1.203945 4.120400 4.374299 2.619680 2.635910 0.121613 0.177251 1.775455 8.704273 10.430905 9.328380 0.979126 4.257183 1.232628 1.316303 2.118821 7.677975 0.732119 0.855380 4.895336 0.240656 
1.062266 6.701069 8.675111 6.368631 0.648001 0.239001 1.419607 9.490806 1.408342 102.743211 0.963105 6.363477 23.495381 42.468971 9.782946 0.294193 18.047594 1.534357 2.584926 3.311092 
1.999499 10.457302 0.680740 82.979780 0.777475 0.922535 0.888754 17.568459 16.182402 101.506984 0.553453 0.879828 10.633261 0.736799 2.985588 0.109438 2.486094 5.694290 6.635236 9.445776 1.508088 33.615161 0.470137 3.503154 0.132666 14.766362 3.679304 1.984521 10.336987 3.620124 
1.281942 0.029937 3.236582 0.061968 1.105650 0.371268 3.739932 6.204735 0.044503 12.774359 1.936839 81.677845 3.443300 2.506522 29.321137 0.773850 5.041425 
38.608045 0.941358 2.589614 0.313951 7.701823 0.107125 9.146969 1.292162 2.900676 26.056710 2.180056 5.567237 17.826444 3.996723 8.364424 1.197204 4.694704 6.192152 155.038983 8.702576 0.121891 19.787540 0.120958 0.444890 1.125247 1.101065 9.905039 0.967093 7.103945 0.481654 0.027882 
0.034626 0.434250 0.275901 0.682741 1.244809 68.351603 56.418346 14.973910 5.503988 96.182007 7.365222 42.652293 1.010996 5.244236 2.713912 85.962651 0.473761 0.908489 
1.102839 1.271827 1.125724 4.218650 0.650871 0.243105 0.279824 1.191633 1.705515 9.469151 5.023174 2.071136 25.941485 2.526450 6.752961 3.366312 0.616388 4.136557 5.021767 15.330778 0.454076 18.521170 0.635889 3.163010 
1.095379 1.741728 0.034481 6.363385 18.486062 0.643152 3.904449 10.189527 0.197906 0.040038 0.947960 0.208525 0.969729 12.218515 4.487654 7.189032 0.129824 2.261219 51.819465 4.732172 
1.046327 0.737721 6.368586 6.924488 20.173395 1.592569 7.670151 0.425565 9.502712 10.870606 12.508426 15.911314 12.009430 0.800040 13.142081 21.656806 1.076685 2.423112 2.040714 2.514863 5.205064 
0.724544 0.325748 9.744618 1.091582 0.843246 3.182714 0.184369 2.960498 5.602447 27.649516 0.487154 2.887527 13.919887 2.935180 1.472095 20.091923 9.801551 3.373055 0.488711 
9.098794 0.962345 8.360273 50.072863 0.850863 3.246263 5.346680 1.384721 0.100963 0.330149 10.734417 63.313417 0.155579 0.219495 2.920793 0.451351 10.510862 3.303915 2.326214 2.409244 12.402611 0.163114 26.823572 0.222999 15.683962 1.834917 
3.432662 2.555469 70.073784 0.340613 2.555780 0.043418 0.927568 2.382569 0.507530 0.274588 0.034862 0.148332 5.190116 2.465705 71.987937 9.330335 1.371986 60.091386 0.193250 1.915501 2.735224 1.464332 5.042083 1.679002 7.906266 1.386811 0.292493 5.024148 
0.820995 10.447421 0.176899 0.070673 0.019137 12.042329 0.956001 4.923433 0.027459 6.415370 3.874659 2.802315 30.541967 145.283411 35.534920 0.234231 138.431819 3.270224 4.371422 
21.908930 2.555303 11.845782 2.010966 159.573622 1.324469 0.662915 0.166141 8.046596 1.689528 1.133000 1.409035 0.844404 0.859122 42.242475 8.960884 22.165225 
7.819474 9.812678 6.234569 0.172976 138.211458 0.176144 1.186548 15.309969 0.281363 0.386516 3.910299 0.113842 0.590814 0.352849 5.996059 14.279721 4.995437 1.405521 0.755347 0.232301 1.508661 1.702917 4.176269 0.498689 0.132152 0.506138 1.769703 20.780391 1.412956 
21.701480 0.243786 9.059997 11.564514 23.104431 25.081673 1.159183 6.687147 3.300125 0.356178 0.701298 1.649523 7.476486 39.435758 0.929140 
0.836164 16.731506 0.141715 14.592772 0.168537 0.050242 2.117855 8.824529 17.463803 32.368195 8.763239 23.469824 1.015660 2.644729 8.547963 0.292532 13.221824 0.797097 7.783547 5.438116 18.688058 0.133068 1.011908 8.425245 2.246127 0.783928 
3.375794 1.297424 1.696558 2.333952 7.271341 7.588712 125.349631 4.514678 0.480238 3.658473 1.399098 0.269987 1.169120 171.381946 13.881607 0.583142 0.268026 2.296601 0.906794 0.871438 0.269366 19.638581 7.537142 5.956212 0.447122 0.742378 
206.947208 43.561492 7.720898 13.865378 0.063191 1.191220 0.552598 35.956443 2.812271 4.799240 71.743988 2.085262 1.325320 62.070248 0.156722 0.038916 0.069412 63.555187 
122.078766 1.317631 4.416950 0.403726 62.770092 1.369875 0.667513 21.936385 2.108439 20.888345 7.365910 0.245697 0.537157 76.686433 8.888958 40.977366 0.117810 1.588127 0.044987 266.536792 
1.073906 10.371668 2.819571 8.055789 1.228451 0.053587 0.504970 77.541604 1.909079 3.039240 40.191904 69.773377 5.217399 0.700223 0.095429 8.600065 5.074465 0.340516 0.918159 1.757903 2.661438 6.442306 0.585956 1.527533 14.514847 
47.124955 2.603681 25.579709 2.078263 5.611977 273.301465 45.393901 1.498348 9.376898 3.376237 20.091847 20.628313 2.833764 1.187626 0.257267 7.512175 2.866917 11.585628 103.712613 0.264249 9.035047 3.382522 2.067514 0.497910 0.391825 1.892165 0.189815 6.946293 
23.863070 27.438636 4.706236 18.677436 79.538403 0.940646 4.121414 7.995357 4.457653 85.961613 0.912221 3.274148 1.946511 12.054300 3.202884 9.497546 5.144867 52.765396 0.968138 0.291922 38.015689 4.125163 10.562994 1.081215 1.577089 1.211752 9.684266 5.509642 
8.881098 1.189510 179.517304 0.413740 1.327731 2.038033 1.306681 0.953428 4.312418 7.458832 111.269330 28.111106 0.091030 0.311551 
123.011821 0.341822 1.998158 5.235754 1.081274 145.241720 2.467084 1.459517 1.190609 1.568802 4.419463 23.059401 0.300014 2.714009 8.316948 60.393434 10.789293 0.888824 9.728454 
1.332144 3.672321 1.412939 2.897306 15.948761 6.779755 8.051677 17.686961 0.394741 0.175635 3.116445 1.934765 4.374028 1.194409 
33.921457 0.935243 1.803414 0.284158 21.227089 3.337935 1.495654 1.415248 1.655466 9.169987 93.367650 1.215939 1.528967 2.325101 15.726084 0.165184 2.106951 
0.937696 97.466423 0.865386 28.365750 1.749508 0.908904 14.758607 0.074543 132.228547 0.170481 6.754401 0.118337 1.118058 50.296648 0.933700 94.707021 167.751702 3.789026 3.584200 43.723140 242.126852 72.703395 0.544322 
54.545008 28.652859 0.772112 0.238601 2.335074 1.131906 4.678821 4.282557 1.064877 0.207780 8.183259 0.342177 0.210484 0.408780 0.175285 2.123273 1.213744 11.457682 57.719627 0.773959 6.235070 3.129768 0.458566 4.036209 0.477639 20.867042 0.066824 0.710471 
12.115195 0.666325 0.065348 41.100633 0.320576 0.621108 4.897907 11.254314 1.792613 3.900863 4.451093 0.916192 9.928635 5.860430 0.322500 2.153439 1.050068 29.040188 0.122589 18.481381 3.070749 1.680634 0.070377 3.723396 13.702275 0.066738 6.392115 0.155839 58.841610 61.286856 11.548363 24.953582 0.071893 2.901366 1.218218 0.804310 0.699817 44.086967 4.705423 12.842290 42.180907 1.708132 12.013527 0.255746 19.577196 0.622694 2.113320 2.774184 0.953903 1.201361 9.297463 0.089633 
18.422358 0.539064 3.238124 39.499468 5.665941 0.373636 3.153417 0.792788 28.200105 5.772856 28.662896 3.794664 8.505570 2.633911 1.488382 7.973568 23.965434 3.173078 2.896961 0.166180 0.574706 
4.453575 49.997643 0.805160 1.512345 3.184885 1.608557 6.470370 0.221444 27.630747 350.148995 0.367478 21.147537 2.339585 2.788199 19.770216 0.199092 
6.962443 0.016028 0.082250 55.058091 0.039255 0.042617 1.302416 0.070959 11.375024 0.553700 4.184593 7.531007 12.810416 3.328003 4.098479 0.765945 3.237384 0.025783 7.603028 5.921224 9.203802 20.547913 
22.241231 0.389888 0.983899 3.224876 0.073521 0.021375 1.150107 10.221036 0.024839 0.542687 1.188634 0.718271 1.731329 11.600457 19.584638 39.270059 16.910074 30.702991 0.024853 0.260062 2.053893 7.697948 1.504707 2.378102 1.665521 21.218917 13.364353 1.918379 0.757255 10.312795 4.052278 
16.683161 0.944773 8.216600 5.947497 5.236047 0.222838 0.567685 19.070018 1.411919 35.579065 1.169382 1.263782 16.742890 3.287151 0.282373 22.562090 55.285239 0.979026 0.091036 0.314483 6.574876 14.888370 9.305973 0.568381 10.975992 
5.564677 1.479718 1.467669 0.693895 0.364924 0.139435 21.873603 27.935253 7.121165 1.038883 13.206431 2.974725 15.036299 2.157150 3.041654 3.299680 3.565833 1.494543 20.378455 0.414861 3.411879 
78.429118 0.947263 3.684483 0.580591 47.637023 0.736306 1.561300 111.101408 1.062341 29.048020 1.586279 2.397932 
0.825183 2.525332 0.525482 13.663768 38.802555 1.627582 0.721259 0.391072 7.349350 1.335252 0.233889 1.164495 3.573848 16.944076 4.116584 3.832482 8.851695 1.022334 1.151584 1.011969 0.603279 0.124869 0.838083 76.410206 0.027366 0.136838 0.985555 0.018912 6.122422 9.350689 
4.268743 1.534043 2.178026 1.032551 9.829244 40.847821 0.136529 1.035597 0.231675 9.240138 23.587914 1.453724 0.074499 45.074567 3.656128 14.640108 155.875311 28.301367 0.492162 39.251802 0.200901 1.494913 130.087754 0.181517 1.983676 3.280191 14.060632 0.806502 4.680141 1.328592 6.839357 0.590650 0.623487 2.798187 6.148934 2.872395 
11.374737 0.142546 1.271991 30.977096 5.596274 0.494027 0.378407 0.999918 2.147076 22.118204 1.115385 0.116181 3.400420 23.733397 10.935197 0.519096 3.077816 12.236087 
3.263857 0.629144 213.062936 10.476189 3.357553 1.096236 12.546182 1.131397 0.957598 0.287730 0.439308 315.305871 0.083352 31.376213 5.583421 
21.372825 113.892216 2.377115 111.878628 1.440303 0.741503 55.600008 0.070526 1.909861 82.374885 0.959702 0.328483 3.671226 0.428191 1.268751 5.448934 14.203313 2.260493 15.995339 3.587770 9.470222 
