 0.604878  0.919300
 0.352356  0.651741
 0.194460  0.612464
-0.006394  0.500728
-0.319353  1.237741
 0.393280  0.667633
 0.292803  0.862083
 0.476054  0.823716
 1.009253  0.669938
 0.681662  0.598216
 0.764604  0.940341
 0.509839  0.568766
 0.262098  0.467531
 0.457257  0.701298
 0.555979  0.739895
 0.525641  0.575641
 0.731488  1.204537
 0.705858  0.672067
 0.646104  1.208731
 0.312763  0.514893
 0.162518  0.946756
 0.506841  1.156134
 0.304926  0.670484
 0.420691  0.518722
 0.294926  0.599809
 0.348193  0.465086
 0.643746  0.982403
 0.689317  0.694592
 0.115754  0.424738
 0.669304  1.087453
 0.569613  0.504942
 0.214160  0.577676
 0.523136  0.661001
 0.384980  1.615272
 0.457229  0.756617
 0.424542  1.561842
 0.440840  1.170389
 0.186478  0.674550
 0.691359  0.383984
 0.568926  0.641825
 0.315261  1.737067
 0.340981  1.066956
 0.825186  0.272723
 1.294775  1.712366
 0.705958  0.723316
 0.362661  0.377547
 0.314161  0.645247
 0.366732  0.441878
 0.390846  0.643176
 0.473399  0.459433
 0.514088  1.031586
 0.564123  0.517564
 0.210730  0.879945
 0.547672  0.899485
 0.546519  0.627753
 0.275125  1.067090
 0.519451  0.530903
 0.557699  0.894098
 0.567545  0.700724
 0.354625  0.758834
 0.420132  0.680742
-0.074353  1.123049
 0.302755  0.868528
 0.495431  0.954210
 0.406682  0.339747
 0.080991  0.906530
 0.248127  0.319157
 0.409883  0.411811
 0.203876  0.594559
 0.256968  0.816780
 0.198969  1.339747
 0.387349  0.495763
 0.278911  0.638871
 0.490842  0.946913
 0.228565  1.177139
 0.424818  0.826075
 0.544082  2.556355
 0.457938  0.837772
 0.380795  0.941894
 0.624384  0.664896
 0.522705  0.561112
 0.615027  1.437177
 0.475331  1.213648
 0.337638  0.713397
 0.130885  0.807309
 0.433866  0.874291
 0.418466  1.001996
 0.376237  0.724217
 0.652447  0.666476
 0.635994  1.061582
 0.069945  1.523876
 0.136712  0.833157
 0.132140  1.389684
 0.188988  0.583889
 0.211319  1.238749
 0.169949  0.716591
 0.655276  1.042213
 0.851435  0.861916
 0.517556  1.086342
 0.632464  0.651776
