0.000000 0.023727
0.000000 0.017990
0.000000 0.017634
0.000000 0.052749
0.000000 0.029883
0.000000 0.134503
0.000000 0.043120
0.000000 0.014699
0.000000 0.020790
0.000000 0.047813
0.000000 0.025700
0.000000 0.016509
0.000000 0.054426
0.000000 0.031045
0.000000 0.058558
0.000000 0.036903
0.000000 0.049375
0.000000 0.019238
0.000000 0.047460
0.000000 0.025962
0.000000 0.014120
0.000000 0.022129
0.000000 0.027667
0.000000 0.023102
0.000000 0.020325
0.000000 0.053030
0.000000 0.022610
0.000000 0.037498
0.000000 0.016062
0.000000 0.022218
0.000000 0.013114
0.000000 0.026417
0.000000 0.017771
0.000000 0.058208
0.000000 0.017407
0.000000 0.032763
0.000000 0.026852
0.000000 0.030512
0.000000 0.081736
0.000000 0.041474
0.000000 0.017813
0.000000 0.020592
0.000000 0.017369
0.000000 0.026018
0.000000 0.053458
0.000000 0.056121
0.000000 0.019381
0.000000 0.022235
0.000000 0.019265
0.000000 0.026367
0.000000 0.088769
0.000000 0.028960
0.000000 0.014224
0.000000 0.050521
0.000000 0.032197
0.000000 0.047310
0.000000 0.019926
0.000000 0.093561
0.000000 0.109998
0.000000 0.028250
0.000000 0.060825
0.000000 0.043030
0.000000 0.059051
0.000000 0.057589
0.000000 0.018716
0.000000 0.028316
0.000000 0.023207
0.000000 0.026053
0.000000 0.038043
0.000000 0.038031
0.000000 0.035395
0.000000 0.031159
0.000000 0.028721
0.000000 0.033521
0.000000 0.035873
0.000000 0.040033
0.000000 0.022254
0.000000 0.022042
0.000000 0.024298
0.000000 0.040672
0.000000 0.063995
0.000000 0.080558
0.000000 0.025457
0.000000 0.051727
0.000000 0.054482
0.000000 0.041504
0.000000 0.026129
0.000000 0.056447
0.000000 0.037863
0.000000 0.066840
0.000000 0.024242
0.000000 0.020393
0.000000 0.030744
0.000000 0.019019
0.000000 0.025715
0.000000 0.036634
0.000000 0.057599
0.000000 0.016527
0.000000 0.023826
0.000000 0.044718
