85.961848 87.102540 85.409987 80.106497 81.503700 77.486538 80.243662 79.045458 87.774940 77.069635 83.047089 79.878858 89.380839 86.891144 80.940922 77.653689 84.730364 84.508498 83.734737 80.837853 78.195052 83.075493 
85.060303 78.884396 83.765083 83.846518 79.730854 81.906627 77.884120 78.452896 87.370312 87.284207 88.784553 87.856305 79.045287 85.511704 82.100481 81.012831 83.384286 82.952217 83.948870 84.608087 76.564540 80.816731 82.635350 80.366984 
77.189777 88.271671 81.505953 78.367244 86.413306 78.865478 80.610719 83.015484 80.714634 83.865088 76.462187 87.576794 77.290486 89.718084 78.522122 80.171449 79.665465 89.261867 83.221898 81.251151 87.771341 81.085178 79.213526 82.075709 88.212829 88.597415 81.552126 
80.236049 88.995144 84.733889 86.817902 79.876918 81.890847 80.969640 80.167524 82.059281 84.103619 87.762185 89.823437 82.270774 
85.456390 85.097264 79.870205 86.645539 85.119829 88.851863 82.415591 82.974292 82.395241 79.971485 86.688830 77.271575 80.106900 79.749291 85.204236 77.052468 79.125011 77.243817 78.903809 84.520201 76.534463 82.968497 83.259753 78.022721 
79.600026 80.967582 85.271284 85.547503 78.102153 89.378464 87.553090 78.364337 78.833126 79.429563 79.565297 
82.331981 77.278776 78.735924 84.370337 89.410472 83.805012 85.799011 77.189739 77.019192 76.824876 80.543749 80.168324 77.184707 82.506253 81.294095 
79.055652 80.527580 77.594250 78.361582 77.717711 79.877702 78.383114 78.363368 77.480959 79.065189 79.188397 89.972428 81.870764 85.086284 84.522224 85.564611 81.408132 80.128520 87.534664 81.100211 79.303656 81.164981 84.489563 78.595940 77.150289 85.059501 79.633861 81.258619 83.097945 77.155493 
82.162255 77.582315 81.120548 79.422955 88.959329 78.119003 86.488303 81.512848 81.040556 85.075254 85.860882 79.215512 83.875751 80.570024 80.188959 85.120551 
83.167580 84.234099 85.163262 83.640593 77.574988 81.517264 80.154565 85.492110 87.392593 84.561454 78.629842 84.446405 82.099575 83.741976 76.600745 77.742374 
82.097089 77.601870 79.486368 76.465931 81.396886 89.303707 79.927971 79.463785 80.385535 88.796180 77.455632 83.996310 85.128194 78.548629 82.625183 80.392168 81.889979 85.136867 80.302901 79.398798 81.754579 84.233566 77.359372 76.585604 84.584347 84.680187 78.431356 82.887741 86.140730 83.898553 77.353516 84.081669 88.092899 
83.438891 79.477211 79.255844 84.240013 79.455868 87.161226 81.828491 76.801333 81.901499 88.863652 83.259515 80.100545 84.408108 80.687789 77.536689 82.924843 79.125286 77.259873 82.572683 77.425607 76.899318 76.797175 81.563447 81.525823 78.647179 77.138598 84.549212 82.515775 77.673466 77.179424 81.459243 77.698979 
77.142591 78.687055 86.327319 78.021949 79.996416 89.468504 80.375975 85.019310 84.106979 79.543936 
82.852379 80.638573 86.767340 80.541167 79.189250 88.046586 80.757850 83.887057 77.344076 80.559824 81.922924 83.967541 80.020001 76.384400 84.624628 83.741524 
83.539473 76.905992 77.208853 88.731819 78.528221 77.178608 85.496800 76.980289 79.359768 88.273984 77.199841 78.807319 
77.174702 82.706065 79.940816 76.191885 88.641989 86.809099 81.509950 77.207577 80.338421 82.154221 77.074433 
78.008997 81.408112 83.915544 78.652840 89.731409 86.946382 77.142566 79.981152 77.882609 
89.556769 80.780274 81.100417 78.773524 84.183338 85.172232 80.283767 80.425794 80.602597 86.244225 80.393684 82.042495 80.124879 80.029133 80.497478 81.648216 77.953456 80.512185 80.086661 84.170098 77.944331 79.344793 77.289789 82.840864 
80.300909 87.949271 86.099696 81.539679 85.225041 84.637867 88.804428 85.167045 81.802448 77.952992 77.022982 80.520598 77.416000 
79.201301 87.471421 88.146254 87.670657 80.755663 83.365871 77.057695 88.291848 85.760213 80.873828 84.888458 78.672952 78.829394 76.953910 79.469222 82.725142 77.635510 77.270199 
81.182728 80.379684 85.732611 78.091859 76.864595 83.619540 76.824135 79.627510 88.323697 78.232300 82.600220 84.142822 76.728239 85.741743 79.940826 77.874471 79.905583 80.608807 80.350065 80.420738 88.088983 81.892848 79.145926 79.616129 80.138095 87.904065 89.289537 79.998749 77.411756 84.033211 81.531243 78.760249 78.711560 80.924415 83.977241 77.542613 88.502526 79.604682 80.324504 81.983748 
77.078822 78.719500 87.133091 80.541130 87.870503 85.500178 81.371782 81.859112 77.015541 87.599749 80.971487 79.966282 78.491819 85.741743 86.748707 85.743075 81.823760 86.969374 88.062364 79.745741 87.402568 76.653857 79.382941 78.564267 81.335946 77.080967 79.028131 81.007768 84.797253 79.934117 76.433380 77.856306 85.549483 78.691167 77.491842 78.336157 85.591884 
86.193383 80.984784 83.736756 87.570701 88.991899 77.544708 84.386039 77.761107 85.366454 87.596810 77.547478 82.095098 83.630146 76.509147 79.577517 78.815416 76.999768 76.809571 83.217197 85.649841 84.650870 86.558633 84.426785 79.811481 78.271510 
79.460904 83.521254 79.790863 81.120464 78.768809 83.156717 83.323980 82.823382 80.757784 87.672409 83.852952 88.065012 81.758487 80.057985 83.964882 79.598774 81.995189 82.999908 78.120813 87.742998 84.835640 77.239840 80.158851 87.415062 79.428618 85.359643 83.363105 79.847055 81.926403 82.679910 
77.854248 77.116583 86.093539 77.643510 78.129403 76.782035 79.869804 81.162610 87.988625 88.140579 79.676663 87.689122 79.680355 84.303192 86.137815 82.962004 79.233973 80.961817 80.557778 79.967554 85.837136 77.613619 80.750077 83.099944 78.355490 78.909559 78.963005 86.319329 88.312012 87.480269 82.026094 
87.150684 82.212454 80.914184 80.814617 84.618303 77.227312 84.436119 80.987109 79.815129 88.526068 78.093408 82.180379 87.933029 83.826718 78.963935 82.216097 76.959166 85.135527 79.417399 
83.336382 83.814338 84.045491 76.712814 83.075934 87.718775 82.661899 77.145424 79.586139 83.025549 83.932322 81.132015 78.369508 82.943717 83.251196 86.874633 77.986126 78.911689 77.843998 86.808237 79.397851 83.891409 83.122491 77.867254 78.049835 82.084162 84.848826 88.414337 82.453335 77.409001 82.061219 79.947037 
77.169866 81.666876 89.622755 81.467575 76.846582 87.818944 80.331473 78.569756 86.893478 85.765575 78.325774 77.402286 86.518590 88.714110 78.448956 76.965687 79.140143 79.868401 77.530854 83.366686 80.369560 
77.758186 89.695414 76.462830 88.950563 79.944724 85.460946 82.418684 76.551518 80.659553 82.053451 85.355767 77.146177 85.873552 87.619478 77.402960 78.250815 79.777952 89.161034 82.872455 78.268236 78.624744 88.918702 88.855192 80.410427 89.739442 84.944005 83.836209 85.432011 84.524282 82.615182 89.357034 82.785230 80.648233 78.664776 83.109011 82.062176 77.796069 
76.359501 76.342789 84.948262 79.312569 89.911838 83.466995 88.225457 79.976518 84.639850 81.230576 82.601900 82.646052 86.061561 88.103937 84.994150 76.460729 88.035148 79.714133 87.446345 82.523905 82.937386 87.030721 80.548900 
84.300174 84.651886 78.466349 82.793198 85.484095 84.764860 88.095720 79.369466 82.595788 82.727020 84.230586 82.420994 77.265978 86.370072 83.890939 82.125706 87.413708 83.159846 82.082266 89.312087 79.201581 80.281431 77.413535 86.573423 89.959879 84.097614 80.012375 76.561706 81.086078 81.174910 89.324350 84.556601 81.738450 77.490426 78.816682 83.071727 81.371298 79.471955 85.096892 82.558105 83.515394 79.285800 79.317336 84.512347 77.567243 82.868290 79.764956 
78.987670 83.402978 84.530170 80.771735 76.195289 79.176617 83.859928 76.409842 80.245918 87.770040 76.807609 79.465891 77.074941 77.932277 86.338612 84.459442 87.413708 79.079576 79.747725 82.568337 84.038584 77.286297 83.156660 82.877256 89.167824 82.766132 81.680626 82.228625 81.484982 82.484581 
84.947669 87.601990 82.533211 82.854234 78.623637 80.587186 79.583907 85.047898 89.174691 83.392143 83.421796 89.293668 87.637368 85.240469 85.756540 80.765630 77.784005 82.130476 87.806626 82.251531 84.739184 78.026140 83.104493 84.637256 78.716741 80.119763 80.169903 85.276123 79.367426 85.118826 86.055164 
88.051348 87.111232 85.271241 89.067974 83.486232 80.786641 85.884607 89.908353 85.731844 82.288051 79.104513 84.473696 87.796393 77.840455 80.062199 82.584162 83.662314 
82.243962 80.764031 79.302926 77.370876 78.894999 86.845148 85.841092 88.557207 86.118460 77.721250 83.994282 88.710065 80.761390 80.657136 81.798643 77.182461 83.418567 78.621321 80.901726 82.485155 80.474754 76.877270 85.342189 86.122278 87.271504 78.512708 76.476728 81.592653 
81.871026 76.126811 80.734676 78.446124 79.657275 86.559388 86.378363 79.076199 81.595098 81.505057 86.487106 80.592517 81.312499 86.405423 84.458122 
88.313790 86.518416 86.404138 87.587393 77.304403 86.967622 79.040049 76.293200 78.476694 77.935159 76.875481 80.919711 80.724618 80.700916 86.657800 76.648854 79.901153 78.856976 
79.448318 87.764548 89.375231 80.964892 79.085327 87.036420 85.931500 82.293852 77.582180 82.419101 78.293915 84.509495 79.472100 85.743571 83.527084 83.151899 85.078328 78.864174 78.492202 85.485513 77.516298 82.541785 82.702137 88.998829 86.723754 78.302321 89.172008 89.463532 83.217305 76.932675 78.124238 
81.634048 86.897475 79.923087 84.832127 79.080192 85.310918 84.514059 77.695657 83.183082 80.969683 78.271832 
81.131383 88.036180 79.621062 79.770732 77.141985 83.335675 86.220275 85.585379 80.307665 78.706123 77.891045 84.223721 84.436550 84.669830 89.537335 81.181305 80.888681 82.331741 84.955103 78.775556 86.819511 85.424597 77.361334 
81.530156 80.017493 79.202009 88.801587 77.430509 80.151810 88.559448 87.456845 80.090262 81.104660 79.014045 83.936126 84.692627 84.326241 82.357265 78.430387 76.485105 89.374729 77.057016 
77.297607 80.982855 78.521116 87.654743 78.768327 84.845648 88.899150 85.191431 79.315874 84.067309 78.161125 82.650725 85.922041 89.789981 80.945976 81.720887 85.851119 83.079638 84.370955 80.963677 85.269883 85.042481 82.304137 81.438515 83.024172 78.349394 76.652428 83.391188 83.827535 89.327049 84.921532 81.953094 80.637173 
80.693300 84.831954 84.406592 86.120602 89.661936 81.471748 78.212447 78.841979 89.551297 78.557154 79.761316 79.770242 83.400153 77.805897 84.802840 78.366986 76.664966 78.022260 81.037385 78.164180 78.095665 77.797082 77.348668 
81.838281 76.897230 86.048336 86.828451 79.045594 80.840660 83.686778 77.069798 77.619696 80.199961 78.752213 83.247683 82.395168 89.039929 78.536889 77.700289 76.940325 85.187719 81.925567 88.538286 80.973259 80.528582 81.967140 82.398795 77.464251 80.058072 79.192703 77.518391 
78.377724 77.991660 81.360627 81.653472 85.551914 86.892913 88.505502 87.044823 79.454174 84.409989 
77.834149 84.896427 87.468418 80.092799 89.183802 80.928670 80.936078 83.711129 87.874534 78.604420 76.936075 78.571502 78.814899 77.262910 80.444097 80.653011 80.460959 
78.194793 85.543980 88.481798 85.396758 86.705742 77.060504 78.220971 88.150901 87.719264 77.488247 84.305444 84.937427 77.446654 76.953806 82.974367 86.617736 89.082972 77.409387 86.641993 88.635047 80.849759 78.391214 79.210603 87.691788 80.829058 88.040072 81.864011 80.118920 78.279959 89.065167 76.860776 76.961809 84.590288 
81.977828 77.133137 77.236602 78.335217 87.726026 78.565498 82.613695 82.396458 79.907179 86.316299 80.180393 85.548546 80.980080 81.962554 82.491538 88.862363 78.205622 78.833683 77.030135 84.020869 79.713416 78.311713 76.894728 81.176127 80.263316 77.168332 76.718994 78.248211 79.391155 78.544773 82.054356 83.844090 80.797703 77.277958 
79.486669 77.827915 88.730780 77.479991 82.042255 84.174129 80.167008 83.548203 79.909052 76.939360 81.216444 83.844139 81.840431 84.567096 88.435298 84.283727 85.755605 78.350498 79.244610 83.964657 82.645952 81.273677 
88.484062 81.929439 78.943548 85.997716 83.237081 80.127009 86.518293 76.535701 86.297510 82.012159 77.079392 83.380208 87.168164 78.689166 84.610261 86.236456 81.129511 88.642987 82.349450 
80.248141 83.713419 82.696796 76.571978 81.208511 77.512229 77.448145 85.507057 79.365290 88.672120 84.798202 88.225995 77.669963 89.134583 79.264194 
84.407666 85.817557 79.314056 78.096324 87.674117 79.441564 79.816452 77.823383 76.159676 84.136665 84.823880 87.036529 77.794822 88.164749 85.069502 83.083823 76.689880 77.929041 78.403871 78.049317 77.115848 80.008951 79.660497 79.589772 81.612951 89.856629 89.953549 89.191276 80.184308 78.488379 84.120866 
82.078599 87.735974 83.781184 79.286455 86.891688 81.897476 84.435162 78.361764 89.428927 82.947620 86.658945 79.224490 77.672369 85.835193 79.807721 81.045636 84.921070 78.675558 81.609758 79.689141 79.485989 83.367095 83.315538 82.256168 85.557986 77.154718 87.702199 77.665858 89.037421 89.948686 78.163035 78.218650 82.642540 86.149957 79.841585 81.724391 87.355900 
86.548185 83.127158 82.118370 87.971273 87.770770 77.302044 84.192722 79.439989 77.670967 89.022770 85.593946 
79.417140 88.336256 85.141250 86.774042 82.967057 81.731193 79.751924 78.141375 80.813393 82.285988 87.061419 78.922382 85.204560 78.320392 82.770845 77.736591 78.077588 82.853134 
79.311492 88.744100 88.358705 76.791207 79.035623 84.578928 76.991390 82.486005 89.518430 
78.508763 89.203561 84.711921 77.768589 79.254609 81.809338 77.405995 78.876534 81.543641 85.920026 78.782733 77.023959 79.696708 77.144386 78.849973 81.204358 80.906780 79.168510 84.397214 84.131540 81.741018 85.232476 89.738845 81.608924 78.951043 
78.734380 89.717510 76.522936 81.780352 81.801989 83.753183 79.267960 85.834313 81.815302 85.221558 77.099001 
81.328985 76.648251 82.951397 85.408570 87.115272 78.131803 83.393120 81.503208 87.051554 
88.570358 86.291258 81.668803 89.663512 81.405485 85.235460 81.368188 82.722184 84.458866 77.148013 78.514320 84.783645 77.920371 82.123526 85.648606 85.430748 
85.276999 87.003422 79.225587 78.376753 86.903582 85.291997 83.435790 83.544237 79.982260 77.522127 84.428378 
76.625204 86.685248 78.945651 76.892502 78.021561 77.933819 81.312831 85.245573 86.014255 81.654271 80.555506 76.138554 76.899074 78.802658 80.651428 89.526675 82.960333 80.932267 81.917682 
77.472528 84.299015 82.110584 82.236812 77.275474 87.519159 86.564868 87.710451 82.293075 88.157982 80.687805 
78.282590 86.912336 85.818080 87.942114 83.541513 77.939337 78.041937 80.543276 87.052194 87.994470 85.579222 81.071546 80.687143 82.768116 
89.663401 78.066506 77.480427 89.566336 84.975113 78.843500 79.188482 78.864129 79.065677 80.971879 77.837952 77.543757 89.065251 77.618016 86.914869 88.427408 84.991509 85.187385 76.968043 81.717082 86.263189 82.650046 80.515587 87.948260 89.770220 79.150566 80.571252 77.965209 77.726630 83.464139 
87.531492 78.387367 78.309377 89.142470 76.938936 84.671231 86.181981 86.709382 85.570547 77.005997 78.655584 81.021561 89.868361 79.260621 82.044297 80.222933 79.134394 81.973253 
81.910799 79.779416 80.365819 83.019133 81.648411 81.928170 82.354178 88.593472 82.777815 80.022284 79.835539 79.518581 86.105230 79.457739 76.881058 79.319034 80.450702 82.812309 89.248517 77.035175 77.075751 83.349286 86.512290 85.962135 86.687604 79.012411 
87.920897 81.321581 77.600863 77.741527 78.951464 82.651092 78.135979 85.674318 84.135489 82.035183 82.477564 83.137804 81.123009 77.617875 86.101877 78.688491 87.478250 79.494394 87.327510 78.049298 80.389111 84.299742 88.229620 88.444009 79.506292 76.191406 80.809616 82.887164 
88.430036 80.890565 80.173199 82.578548 77.622823 79.528052 79.112087 77.886043 83.612652 89.164625 76.412299 78.819380 83.346724 80.728788 81.887504 
82.324662 85.017001 88.272401 81.341723 80.008994 77.178095 85.947425 79.456823 87.935396 86.894585 
85.032137 81.556093 84.992868 78.483298 83.044094 81.236091 89.369301 87.562720 79.506147 88.990049 83.397843 77.500556 79.107736 80.428016 77.000876 77.769715 81.398470 78.998024 76.727261 79.808263 
85.859052 80.805163 79.826629 76.817613 80.733180 89.006701 83.144886 85.409267 82.764117 78.563176 83.443831 83.136715 83.211847 82.050469 82.686221 83.670251 87.102631 81.326314 81.611251 77.087586 77.032709 
77.819634 83.129971 81.345481 86.439699 83.904463 86.465280 82.133567 89.224392 79.679573 85.316152 86.297673 85.854324 79.137029 77.989632 80.119018 79.269797 79.521414 
86.678418 82.884745 81.027247 87.700931 77.947682 89.254969 76.189584 83.600067 85.958407 89.439081 83.766472 88.500774 77.716824 76.883854 81.719826 82.089383 85.489954 
78.103370 76.469691 88.460370 86.023733 76.490757 76.841509 87.545347 78.273342 77.902994 81.295195 80.232959 89.127845 82.275568 82.925737 80.044531 84.321557 76.989978 82.778355 77.152625 78.866548 81.780123 78.155791 79.920196 77.717800 85.069738 87.761884 
88.361641 77.741206 80.590908 80.632122 77.000217 77.897075 87.218973 82.583960 77.015975 83.224258 81.010016 87.867601 85.174185 88.292007 80.531528 80.985989 
78.612711 84.749251 88.058939 83.723767 85.894074 76.220786 79.849005 76.516456 79.941753 89.615087 84.642888 88.193031 76.738643 80.192791 77.601439 78.267491 80.792655 81.992594 79.181872 76.197012 82.891294 77.268333 79.757927 83.866069 83.358390 76.694213 85.590784 83.914183 
88.823989 87.366165 76.137224 76.229850 79.889021 79.960586 85.644891 84.891832 78.677421 83.386434 78.386546 81.570450 79.137176 76.697061 86.022525 79.550227 85.863668 80.500325 78.223745 82.543837 83.510496 80.529074 
86.338866 78.555106 80.717948 89.765427 83.612176 89.093361 84.322708 85.388765 89.462455 77.344777 89.188625 81.450311 81.626823 84.504319 79.359436 83.103550 77.125673 84.745514 
77.003204 85.613523 77.305183 88.558132 81.880486 83.930408 86.595159 76.833913 88.670485 82.695267 79.101850 79.261206 84.353317 79.852071 81.079974 
78.457004 78.019645 78.098523 80.305560 86.682484 87.430216 78.990412 77.515311 80.533757 80.122184 80.401810 79.400834 85.294619 78.245726 83.579862 78.596032 83.346387 81.541826 87.238724 
78.283365 77.967720 78.556009 79.073077 88.707363 80.461759 82.613730 79.608928 82.441724 78.300951 86.474360 84.858747 
86.725884 78.550888 81.607158 88.078342 84.908707 81.242274 82.441495 87.780384 79.887693 80.265845 85.700763 81.223307 80.898977 85.639074 77.512644 78.308104 76.498828 78.608786 84.804005 78.983744 83.448534 
87.853775 77.145863 87.952200 80.221815 83.911417 86.297922 78.503339 81.390258 85.919895 80.265849 
84.972334 77.183667 87.191897 79.535739 82.338235 88.406076 81.284224 78.763266 80.285129 83.177796 76.533110 77.701277 77.068887 82.089668 78.678964 
88.213252 80.281458 81.186291 86.619217 81.890422 86.988439 78.992556 79.335947 88.338080 77.376944 78.101460 86.143253 76.673979 82.802456 83.845828 82.843541 79.777532 81.740877 82.809034 
88.315113 89.256227 76.934371 88.109389 86.329993 84.520627 89.732205 83.476406 85.343061 82.633819 82.536547 83.768717 80.436313 79.583234 82.499257 77.310686 82.819910 
89.933877 83.950515 89.177734 80.053566 79.007000 77.343847 77.609313 76.831439 86.933782 77.170301 80.960080 79.800484 77.876278 78.079746 78.751173 77.498345 
79.330528 84.184229 84.357961 79.939377 77.004786 79.406861 89.827798 83.622548 79.480537 82.277123 80.881800 77.558155 83.769391 86.072467 78.391595 82.272363 
86.223844 82.168512 79.404609 84.467034 80.980546 83.144549 88.989802 81.780873 76.426229 76.150394 79.155003 79.735075 81.120275 78.014905 85.586295 81.910234 79.816642 
84.287017 82.907461 78.778165 82.322325 78.671900 89.965035 84.664006 78.660783 89.582907 76.849136 80.558155 88.838428 76.729983 85.689372 88.604533 86.719185 80.738245 79.367902 78.957989 83.213853 85.205022 
85.153801 84.195173 78.783051 82.744529 80.119600 79.396992 77.435572 76.961561 78.530831 86.588716 80.079987 89.357516 84.100130 78.846324 89.867495 85.013248 77.183037 86.580498 79.802202 83.863869 82.390774 83.478889 79.001366 78.154881 78.635419 77.598522 77.924895 76.703472 77.747592 78.067786 
84.067360 81.647077 82.389181 81.068720 79.037302 77.945815 83.096773 85.832366 81.030349 87.127580 77.536704 89.357516 83.970949 81.120366 80.268595 77.198521 82.538244 78.277272 77.486104 76.634414 82.675766 85.893674 82.454103 86.962479 79.403207 77.776264 77.513386 84.716360 78.915420 
84.395883 87.809468 79.882819 85.115810 82.123503 77.691749 80.999016 81.608944 89.154099 84.020966 82.223276 83.966314 89.043960 80.710503 88.229297 80.542284 78.540931 82.149105 76.975564 81.043023 81.479393 81.147087 85.867835 
78.812309 86.809770 77.166758 86.998539 78.442480 81.807561 77.428218 77.623245 81.816254 79.867130 86.028233 80.791973 77.471208 80.014438 79.494119 86.781967 80.166477 85.880622 88.625535 83.119668 79.913970 77.362797 81.634334 83.197383 86.601121 
89.545563 88.161768 77.358637 89.447308 82.838012 78.483572 78.872699 83.397092 89.204136 88.636199 86.324776 85.434324 83.520150 80.902442 86.181437 84.960062 80.396277 88.896687 81.674770 77.511099 82.147946 79.055865 79.330898 
79.650709 79.665758 79.224883 87.336315 88.977586 83.432390 77.136546 79.350674 87.055434 84.412180 79.812101 81.312672 85.605555 77.706835 76.628748 76.944236 81.637411 79.357098 78.391763 80.877023 
84.478667 78.969815 77.621606 88.003905 86.623779 79.477566 78.445251 79.038829 79.996759 80.846527 86.729762 79.475147 85.132914 85.252714 79.801449 84.817998 77.728005 81.108592 81.212176 81.643184 79.909132 81.090781 79.856874 79.291216 82.368782 83.091810 
81.977388 88.579973 84.448157 80.988160 81.340097 77.631994 79.709927 79.410904 81.574133 87.848123 78.015045 77.085198 82.924878 78.755320 86.028482 79.062706 83.860959 88.476439 80.792364 79.647936 83.263656 
79.926850 81.193803 88.905807 85.652939 83.939984 84.503791 78.810535 78.348751 86.767009 79.798390 89.176751 84.278568 83.757860 81.766444 81.389294 
