1.040637 1.015989 0.809534 0.855497 1.061809 1.141894 0.798567 0.972363 1.252222 0.808963 0.931512 1.059183 0.950710 0.995470 0.837807 0.929657 0.990103 0.812812 1.174958 0.961711 0.996309 1.163803 
0.966323 0.958653 1.115116 1.219890 0.876461 0.906117 1.061402 0.856241 1.015671 1.169527 1.055419 0.948116 1.227125 1.023170 1.115658 1.058951 1.041251 1.255584 1.161523 1.204514 1.164468 1.048693 1.121385 0.972561 
1.210230 1.167985 0.823807 1.082870 1.026633 0.850151 0.996751 1.115614 0.996773 0.868210 1.063355 0.913267 0.983946 0.927848 0.893109 1.245480 0.815979 1.215854 0.950230 1.221578 0.957591 0.873319 0.851007 1.186942 0.810777 0.884082 1.127978 
1.100748 1.247938 1.066507 0.981747 1.233245 0.917940 0.827015 0.883532 0.952541 0.934870 0.912903 1.145575 0.812486 
1.000310 1.039952 0.922407 1.177488 0.858850 1.047239 1.142060 1.010389 1.084001 0.806879 0.850481 0.949026 0.844482 1.155458 1.089937 1.026748 0.830603 1.154683 1.066936 1.054262 1.063760 0.973243 0.934778 1.116257 
0.870348 1.068484 0.878633 1.122158 0.834741 1.151659 0.940716 0.948915 0.929970 0.889241 1.139227 
1.232930 0.971189 1.095098 1.031598 1.258363 0.917440 1.075618 0.902910 0.870009 1.227533 1.139252 1.110847 0.839139 1.134182 0.912883 
0.855858 0.860863 1.069879 1.108665 0.816786 1.062327 1.081040 0.991671 0.960671 0.868378 0.966314 0.981698 0.986008 0.865712 1.253205 1.190216 1.178013 1.027298 1.016606 1.248384 0.987515 1.235828 0.946621 0.974903 0.937766 1.246662 0.921537 1.167268 0.837304 0.813770 
1.042297 1.173840 1.026203 1.160949 1.157171 0.972541 1.016213 1.170684 0.964528 0.888225 1.041437 1.152287 0.862100 0.840993 0.864010 1.035524 
1.163884 0.866253 0.795763 0.820653 1.214558 1.158206 0.824031 1.165636 1.021798 0.860869 0.953508 0.926742 1.054521 1.055385 1.080951 0.965373 
1.130520 1.216678 1.244286 1.002746 0.869035 1.183266 0.851060 0.819858 1.073702 0.999897 0.916582 1.139132 0.969626 1.118074 0.945414 0.812244 1.132976 1.122093 1.113050 0.880635 0.897432 1.199528 0.841530 1.072961 1.009285 1.052418 1.188430 0.975319 1.092276 0.805419 0.868114 1.021711 1.150951 
1.084350 1.098015 0.859464 1.152620 0.838835 1.029783 0.863943 1.197676 1.106581 1.213647 0.833166 0.908583 1.033568 0.845399 0.892720 1.002475 0.847690 1.193349 0.926584 1.236591 1.128048 0.935816 0.983378 1.005790 1.170492 0.940114 1.140747 0.945661 0.944527 0.911923 1.062188 0.809789 
1.056605 1.040055 1.056767 1.190106 0.862428 1.241838 1.160080 0.962476 1.088463 0.822456 
0.953730 0.873816 1.000175 0.796126 0.866133 1.189967 1.039727 0.977879 0.918648 1.128031 1.152646 0.886353 1.229478 1.191681 1.247510 1.073296 
0.962049 1.075690 0.930313 0.951446 0.977200 1.025597 1.112534 1.172845 0.822051 1.207392 0.893282 1.145657 
0.870383 1.046245 0.905973 0.867592 1.173459 0.910639 0.959545 1.150967 1.135760 0.956172 1.149988 
0.974690 1.003059 1.102248 0.830906 1.119152 0.939966 0.867446 0.814238 1.053059 
1.168215 1.255679 0.878126 1.227047 0.835596 1.172418 1.236022 0.834995 1.256443 0.978451 0.805307 1.066328 0.812607 0.993233 1.093765 1.025388 0.896064 0.897053 0.818279 0.880370 0.995354 0.875705 1.067761 0.938386 
0.803783 0.953553 1.025348 1.034562 0.810746 0.838685 1.103195 1.063049 1.190941 0.951142 0.968739 0.963161 0.833495 
0.831796 1.043639 0.811142 0.804916 0.810836 1.141046 0.868242 0.933625 0.834192 1.049110 1.255487 0.884136 0.981987 1.109883 1.228708 0.838521 1.140842 1.216472 
1.097343 1.066411 0.927696 0.853644 0.970366 1.081539 0.845835 0.838809 1.007249 0.801733 1.227251 1.022020 1.203820 1.113782 0.955538 0.960227 1.165252 0.936161 0.931751 0.974245 1.171277 1.092786 0.848782 0.800420 1.257865 0.911203 1.051196 1.216217 1.209488 0.978240 0.937800 1.054964 0.878537 0.863507 0.934327 0.979049 1.100827 0.808286 0.988809 1.106947 
1.103595 0.976071 1.025668 0.798525 0.943128 1.107537 1.257017 0.996649 0.849257 1.104356 0.915645 0.876219 1.096930 1.144528 0.818218 0.936069 1.023607 0.913584 0.815216 1.030732 1.110483 0.807878 1.167654 1.027661 0.943955 1.060169 1.116339 1.152064 0.953824 0.832621 0.907868 0.918300 1.137276 0.828401 0.868483 0.936572 1.139922 
1.202027 1.183521 1.245951 1.107206 0.817169 0.871599 1.253355 1.079202 0.794694 1.183645 1.127127 1.127330 1.041474 0.851715 0.851288 0.906007 0.826356 1.106894 0.946128 1.052020 1.051823 0.882410 0.984390 1.113838 1.009769 
0.800862 1.175631 0.814786 1.074084 0.986590 1.173377 0.881981 0.818755 1.071305 1.243293 0.879342 1.098753 0.896577 0.959516 0.845440 1.152321 0.871335 0.923323 1.187523 0.908963 1.008098 0.844745 1.081772 0.941539 0.957746 0.978052 0.970648 1.015070 1.046702 1.120648 
0.975328 1.164246 1.093303 1.003688 0.872156 1.079894 0.947576 0.928776 0.905732 1.242463 0.877524 0.937982 1.103193 0.867972 0.991086 1.198303 0.861835 0.944356 1.073167 1.252211 0.841131 0.988532 1.078959 1.025386 1.133568 1.088790 0.883586 0.873447 0.820510 0.919237 0.964115 
1.040868 1.005415 1.123134 0.938292 0.883052 1.152035 0.989364 1.043328 0.889607 1.228410 0.943164 0.908308 0.886717 0.799861 0.924054 1.198896 1.000721 0.950239 0.857667 
1.164831 1.172839 0.879066 0.903995 1.075367 1.199123 1.004790 0.838010 1.131150 1.169304 1.160333 1.165908 1.010350 1.050243 1.110836 1.049155 0.972459 0.821351 0.823784 0.846346 0.894529 1.132651 0.851791 0.999978 0.850896 0.979758 0.859258 0.881911 1.085705 0.883346 1.246924 1.025856 
1.245687 1.153132 1.193807 0.885040 0.833423 1.241003 0.795935 1.009289 0.978538 1.003733 0.982419 0.991775 0.890495 0.903798 1.238107 1.024765 0.981642 1.193431 0.958022 0.862138 0.879413 
0.884828 1.237760 0.908488 1.017950 0.803798 1.082032 1.130949 0.930307 1.106888 0.875828 0.963986 0.794607 1.161714 1.096838 1.035834 0.898543 0.914330 1.091091 0.968571 0.904494 1.190373 1.024029 0.948675 1.187670 1.052809 0.875027 1.201166 1.237580 0.993673 1.251736 1.083254 0.955377 1.142520 1.076759 1.150294 0.981336 1.172977 
0.956802 1.075666 0.799471 0.909422 1.057618 0.982112 0.881499 1.183193 0.857257 1.192839 1.026115 0.939363 0.962418 1.129610 1.166480 0.921667 1.245405 0.873981 0.971468 1.201832 1.223792 0.985592 0.876545 
0.938745 1.077395 0.870120 1.254626 0.935079 0.986788 0.885706 1.025811 0.985158 1.179730 1.091388 0.810485 0.987873 1.028177 0.915421 1.078525 1.197314 1.072160 0.973894 1.207880 0.842297 0.950184 1.076657 1.023632 1.061744 0.800301 0.972758 0.936418 0.832931 1.131705 0.891994 0.911349 0.888938 0.943233 1.019871 1.102836 0.968369 0.877462 0.831865 0.919415 1.068117 1.114719 0.998997 0.815637 0.952705 0.922114 1.229188 
0.833435 0.822328 0.946576 0.979768 1.244169 0.926506 1.093117 1.034849 1.069411 0.968380 1.066178 0.873895 1.047895 0.990045 1.080670 0.847201 1.208676 0.849314 0.802144 0.808343 0.830774 0.870710 1.038647 0.948880 0.833279 0.872905 1.235063 0.878680 0.984594 0.966271 
0.909915 1.215728 0.821973 1.213281 0.963511 1.233976 1.107397 0.883064 1.129295 0.887130 1.247395 0.821545 1.010166 0.978127 1.072078 0.873619 1.235899 0.868476 0.833070 1.224839 0.802309 1.004176 1.077938 0.874039 0.971866 0.839448 0.868131 0.961694 0.924809 0.892077 1.235067 
1.066033 1.152162 1.114176 1.150248 1.006841 1.070811 0.818455 0.885231 1.048344 1.168847 0.842962 0.990247 1.015570 1.028628 0.863383 0.915981 0.991096 
1.156897 0.798270 0.843531 1.021308 1.152306 1.149785 0.849123 0.811399 0.979054 1.005029 0.823400 1.078189 0.976103 0.876768 1.070854 1.108076 0.800093 0.999187 1.162593 0.932603 1.125500 1.088492 1.113205 1.043377 0.864594 0.876746 0.874628 1.215236 
0.835624 1.097893 0.818984 0.907903 0.922962 1.253286 0.982392 0.859085 1.112715 0.915785 1.014042 0.878299 1.198054 1.063748 1.032781 
0.936649 1.100357 0.990235 1.168361 0.882665 1.169585 0.938876 1.197264 0.936624 0.944926 0.900627 1.156061 0.922003 1.003331 1.018393 1.221047 0.964683 0.926683 
1.130753 0.994014 0.934406 0.931567 0.821359 1.221702 1.006915 1.146890 0.895390 1.070900 0.820956 1.097739 1.095193 1.172782 0.819508 0.985969 1.047662 1.247651 0.878400 0.996312 1.082531 0.804632 0.836603 0.898435 0.960735 0.978446 1.180090 1.256058 0.825169 0.906426 1.011751 
0.884330 1.099382 1.223659 1.075888 0.920234 1.111957 0.820298 1.161455 1.119436 0.795432 0.822601 
0.804031 0.989173 0.814543 0.858391 1.185273 1.249030 0.800536 1.042319 0.814805 0.814525 0.887952 1.071529 0.824565 0.884270 1.189236 1.203275 0.902232 1.036400 1.011768 0.948224 0.961933 1.140964 0.828820 
1.194707 1.122771 0.796346 0.809196 0.864360 1.170737 1.225089 1.072736 0.940378 0.966082 0.810990 0.816239 1.109543 1.030632 1.144315 1.010043 1.016314 1.082920 0.868823 
1.148220 1.137023 0.832067 0.949503 0.958918 1.063069 1.132334 1.146137 1.130344 0.983773 0.818644 1.073590 1.068725 0.922398 1.121731 1.232151 1.066245 0.932046 0.828994 0.960854 1.039811 1.244592 1.070329 1.128629 1.055551 1.014234 1.191731 1.051460 1.017272 1.226460 0.841654 1.200213 1.052396 
1.058308 1.136687 1.007556 1.002258 0.892273 1.132017 1.012524 0.862972 1.219076 1.180526 0.913019 1.083618 0.859631 0.829417 0.977963 1.166075 0.962936 0.834968 1.010857 1.129381 0.880690 1.058130 0.855205 
1.205248 1.144643 1.064483 1.101947 0.834496 0.902865 0.843284 1.062068 0.966004 1.166120 1.188708 0.881950 0.893383 1.033823 1.033829 0.819988 0.931932 0.818832 0.825709 1.242849 1.061139 0.890750 1.056443 1.035932 0.978119 1.090892 0.947095 0.978188 
1.197868 1.012210 1.104361 1.153961 0.926730 1.116886 1.043718 0.967898 0.822902 0.949465 
1.175208 1.047236 1.061634 1.139128 0.989661 1.205291 1.077440 0.926359 1.217192 0.840543 1.005689 1.065065 0.887826 0.900750 0.959556 1.153489 1.114696 
1.120950 0.993887 0.846034 0.809280 0.852041 1.017890 0.880647 0.985197 1.028937 1.172363 1.073748 0.948827 1.009550 0.886132 1.023083 0.964086 1.215231 0.885052 1.220490 1.199175 1.122210 1.102142 1.158521 0.937045 0.854457 0.856066 0.942569 0.901063 0.805925 0.878550 1.120084 0.927284 1.192107 
0.850682 0.865671 1.244176 0.935011 0.853283 1.095499 1.157551 1.056464 1.196160 0.902992 0.801368 1.076242 0.953463 1.039090 0.816873 1.064422 1.225695 0.864414 1.175430 0.842615 1.094921 0.956032 1.122523 0.954745 1.171486 0.804737 0.922340 0.811006 0.963629 0.932972 0.990364 0.924964 0.932260 1.249325 
0.887403 1.096856 0.899724 1.079030 0.840377 1.031663 1.091940 0.956784 0.794708 0.828111 1.186247 0.857929 0.871170 1.055563 1.096990 1.160805 1.056526 1.029913 1.004449 0.958305 1.221786 0.806213 
1.123330 1.066905 0.940747 1.210888 1.201206 0.859821 1.049545 0.970392 1.091976 0.806338 1.053618 0.989531 1.237561 0.828283 0.986305 0.982323 0.839150 0.859639 1.156341 
0.828139 0.839447 1.074774 0.955558 1.196544 0.909636 0.843783 0.961124 0.819902 1.084461 0.990710 0.924910 0.830035 1.116859 0.826088 
0.815298 1.059327 0.839146 1.162651 0.952350 1.013511 1.059672 1.058104 1.001528 0.912004 0.897962 1.013599 1.193565 1.189889 0.828172 0.897184 1.026875 0.912819 0.902244 1.017391 1.226234 0.868356 1.048462 1.114758 1.179115 0.797208 1.140305 0.928874 1.080124 1.146388 0.893994 
0.834819 0.905142 0.924743 1.187778 1.201528 0.997357 1.022130 1.108528 1.065395 0.995045 1.075662 1.092285 1.220503 1.034616 0.966107 0.844553 0.838301 1.098018 1.075757 1.169864 0.858174 0.805172 1.209812 0.966405 1.237558 0.894399 1.187890 1.116996 0.811914 1.028870 1.070993 1.004863 0.940362 1.122368 1.020575 1.066326 0.933448 
0.984612 1.141362 1.133243 0.918035 1.201872 0.966282 1.025994 1.124945 0.864410 0.885562 1.000016 
0.877959 1.151772 1.215788 0.953334 1.128630 1.178722 0.897760 1.143662 1.244481 0.883386 1.189192 0.843467 0.926325 1.017758 1.096938 0.889851 0.838181 1.044492 
1.069266 1.139195 0.887772 1.089821 0.806791 0.916461 0.880221 1.031718 0.843498 
1.158183 1.144066 1.052783 1.208525 0.841502 0.859593 1.008741 1.104725 0.873397 0.950935 1.111813 0.914921 0.829107 0.969536 0.818391 0.816411 1.002154 1.068178 1.148392 0.868240 1.188235 1.012644 1.087356 0.836772 1.013039 
0.797819 1.154548 0.971039 1.248056 1.138175 0.996276 0.842915 0.974449 1.249565 0.921076 0.802839 
0.956809 0.820515 1.227985 1.042133 1.029156 1.000113 0.799011 0.935489 1.156343 
1.147050 0.999793 1.055227 0.907159 0.890266 0.951828 1.107716 0.976772 1.012170 0.904998 0.909340 1.091744 1.017528 1.159246 1.026841 1.097325 
1.006020 1.005042 1.183829 1.098355 1.199185 0.849249 0.836972 0.964606 0.802158 1.208260 1.048146 
1.231969 1.080685 0.864794 0.902521 0.955104 0.990039 0.992969 0.954597 1.226516 1.248127 0.800426 0.871021 0.858706 1.186340 0.956470 1.046505 1.234061 1.129951 1.229447 
0.957361 0.983427 1.136391 1.159133 1.063768 1.152519 1.049843 0.959934 1.029162 1.237374 0.859775 
0.838640 0.876510 0.875720 1.015399 0.970452 1.074420 0.975097 1.141887 0.886937 1.089041 0.907447 1.147903 0.956073 1.122295 
0.927904 0.962393 1.062726 1.162830 1.042826 0.866024 0.943587 0.801772 0.983192 0.866842 0.995888 1.029297 0.923684 0.909957 0.875985 1.233050 0.972932 1.050999 1.037685 1.043426 1.119549 1.207988 0.868330 0.947200 1.071878 1.009578 1.130936 1.030485 1.224815 0.857730 
1.066843 0.981919 1.072116 1.097170 1.222057 1.222338 1.079195 1.206928 0.796006 0.885389 1.247489 0.870351 0.973343 1.098353 1.228112 0.959954 0.957254 0.904436 
0.976306 0.820001 1.151306 1.165112 1.200781 1.246500 0.909179 1.213537 1.132016 1.228895 1.175172 0.805595 0.994445 0.933203 0.876515 0.919506 0.867175 0.877024 0.947324 0.946575 0.941591 0.941735 0.886577 0.908905 1.040876 0.809805 
1.177514 0.929959 1.240811 0.881523 1.163197 0.857834 1.165283 1.033983 1.126558 0.984428 1.053213 1.063051 1.172365 0.920410 0.800707 0.809295 1.106981 1.099714 0.992838 0.879301 0.816414 0.798077 1.043990 0.804753 1.074619 1.065294 1.187616 0.908657 
1.160594 1.147209 0.905196 1.243525 0.818899 0.843962 0.961623 1.176079 0.873287 0.959847 0.881940 0.875969 0.921948 0.938316 1.217725 
1.196061 1.181462 1.015237 0.953549 0.830869 0.881882 1.033476 0.880696 1.183816 0.918485 
1.157298 1.221428 0.965958 0.833552 0.953467 0.976764 0.881050 1.043889 0.992910 1.255373 0.891282 0.975975 0.816771 1.170362 0.970440 1.123757 1.074332 0.823299 0.881885 1.146189 
1.143315 0.847820 1.128969 1.028349 0.861213 1.150208 1.125680 0.913321 1.083026 0.843337 0.845474 1.017090 1.174561 1.146027 0.883922 1.091315 1.056722 0.852066 0.905774 1.233788 1.164265 
0.838834 1.213920 1.091441 1.023467 1.016752 0.880708 0.955420 1.166905 1.010466 1.056566 0.848996 1.022563 0.834148 0.896756 1.086760 0.855217 1.111484 
0.986217 1.181378 1.024255 0.938748 0.801378 1.242425 0.906945 1.069100 0.891259 0.906669 1.114634 1.109867 1.250668 0.811792 1.165331 0.879934 1.185714 
1.059439 0.798716 1.051957 0.910835 0.989574 0.819588 0.886568 0.894783 1.200249 1.011667 0.859939 1.171756 0.989315 1.026348 0.827282 1.074125 1.032851 1.063622 0.871415 0.958775 0.893979 0.874958 1.014811 0.997325 0.992981 1.129127 
0.794681 0.801736 0.856345 0.927538 0.982364 1.203920 1.007459 0.938052 0.999902 1.206590 1.143563 1.200905 1.031353 0.831699 0.962265 1.154494 
0.927564 0.950744 0.905948 1.018662 1.085940 1.145023 0.857110 1.040074 0.894982 1.217640 1.222976 1.186487 0.801091 1.089318 1.128952 0.988983 1.247493 0.901141 0.805355 1.111383 1.215891 0.799787 0.851516 1.067391 0.895340 0.813594 1.202111 1.177836 
1.167144 1.047573 1.203116 0.928512 0.816858 0.914063 0.948676 0.826081 1.215774 1.176845 1.036327 1.032839 0.889357 1.158817 1.070059 1.216678 0.929741 0.913446 0.947127 0.913821 1.131993 1.060343 
0.990542 0.801445 0.857565 1.038433 1.052786 0.949893 0.861860 1.168817 1.149899 0.993913 0.899805 1.134506 1.257049 0.848243 0.829053 1.099589 0.977637 0.955901 
1.198169 0.874566 0.932268 0.866200 1.156562 1.133994 1.085543 1.205882 1.049042 0.925400 0.797918 1.093271 1.000263 0.949501 1.066448 
0.808811 0.949414 1.056633 0.912587 0.948774 1.117940 1.001949 0.813218 1.164035 0.959595 0.998715 0.796936 0.986579 0.990634 0.825042 0.993005 0.924122 1.044139 0.923227 
0.987696 1.190126 1.212202 0.908846 1.119877 1.165144 1.217364 0.818877 0.967492 0.853166 1.222797 0.832079 
1.084575 1.052817 1.045746 0.869503 0.933955 0.795409 1.120282 0.944846 0.800525 1.220139 1.050357 1.201801 1.013182 0.905584 1.172018 1.048484 0.923024 0.869041 0.925035 1.093388 0.975396 
1.168419 1.005716 0.975032 0.851974 0.958103 0.995148 0.900958 0.804970 0.802308 1.068147 
0.977035 0.986446 0.903297 1.076414 0.923976 1.117359 1.210048 0.794702 0.896883 1.197616 0.877836 0.921015 1.251664 0.932972 1.032879 
1.077802 0.853041 1.128137 1.126765 1.020077 0.998601 0.847565 0.833915 0.896885 0.948110 1.050173 0.953461 1.062013 1.020482 0.828863 0.974200 0.922670 0.847193 0.845442 
1.145014 1.204160 1.157991 0.966207 1.095961 1.144849 1.190436 0.973380 0.992644 0.988168 1.041661 0.819936 1.057756 0.815945 1.178114 0.869411 0.850174 
1.237806 1.040718 1.253885 0.807316 1.234436 1.256146 1.005724 0.826879 1.028782 0.930806 1.080482 0.900464 1.194617 1.090440 1.007385 1.059704 
1.142229 0.852202 0.890647 0.956598 0.959555 0.853553 1.194460 0.948457 1.193493 0.834999 0.830401 0.936795 1.243815 1.039896 0.872896 0.860875 
0.967240 0.910480 0.847144 0.936979 1.047295 1.086447 1.114011 1.113516 0.891479 1.137151 0.802608 1.247719 1.039469 0.949716 0.962282 1.061361 0.820702 
0.885057 0.928643 0.906160 1.189792 1.217188 0.927589 1.099464 0.811052 1.229783 0.906547 0.823138 1.247015 1.240374 1.152916 0.966343 0.808752 1.121522 0.935585 0.839074 1.118384 1.030671 
0.906162 1.234553 1.239260 0.795460 1.078966 1.068612 1.127904 0.857335 1.107856 1.055563 0.903544 1.194800 0.857003 1.230889 0.836292 1.243550 1.157296 1.048842 0.817337 0.928587 1.086082 0.884087 0.805713 0.910949 1.252606 1.064663 1.171947 1.032030 0.802324 0.864908 
0.855420 1.142712 1.230404 0.972242 0.838651 0.864540 0.811960 1.104624 0.860437 1.011430 0.974332 1.235698 1.180474 0.858279 1.039531 0.919020 1.168961 0.969438 1.078677 0.904931 1.078637 1.152358 1.120803 0.896073 1.057998 0.982000 0.850990 1.044239 1.189467 
0.966877 1.145168 0.801523 0.950651 1.138946 0.958524 1.091687 0.996207 1.002285 0.875160 0.817762 0.935553 0.964203 0.797592 0.940371 0.840490 1.063512 1.219799 1.204508 0.952810 1.138161 1.057511 0.871267 
0.862504 1.236014 1.056009 1.023534 1.031246 0.823222 1.101430 1.177054 0.911905 0.922620 0.944630 1.033932 0.863040 0.829322 0.888217 1.085528 0.905559 1.180141 1.053683 0.822249 1.021550 0.808990 1.087169 0.986566 1.156922 
1.255839 1.059699 1.239608 0.972373 1.213987 0.885878 0.846943 1.127721 0.968169 1.137679 1.075032 0.823921 0.903426 0.910646 1.024974 1.050167 0.937484 0.953325 0.891766 1.225375 1.079378 0.844801 0.960162 
1.256007 1.230015 1.006469 1.094119 1.204770 0.956403 0.857119 0.901271 1.090707 1.127240 1.191268 1.044339 1.002880 0.973931 0.870053 0.851860 0.832637 1.045093 0.864298 1.197791 
1.069149 1.004729 0.807235 1.152085 0.987593 0.894156 0.911233 1.192751 0.909766 0.800290 1.037433 0.827817 1.031309 0.941020 1.100351 1.179247 1.105909 1.050558 0.926106 0.845891 0.843526 0.920564 0.940070 0.808406 1.119860 0.997308 
0.869742 1.202902 0.994058 0.802592 1.095341 0.833136 0.916687 0.825697 1.023732 0.825702 0.875628 0.811994 1.078335 0.937179 1.015096 0.801258 0.873386 0.943073 0.972808 0.816108 1.153479 
1.104933 1.108054 1.138687 1.194408 0.996721 0.986652 0.976037 0.815007 1.168647 1.096583 1.020161 0.816355 1.242782 1.018910 0.902979 
