 73.090223 770.846241
 76.763152 760.961607
 76.861018 773.584415
 54.398004 773.574841
 72.851296 772.462099
 52.218281 768.474181
 59.928020 768.555799
 85.747016 771.682670
 59.124785 774.992026
 64.485317 774.743213
103.182007 772.799788
 93.425300 766.880989
 39.961826 772.588687
 56.046609 782.077030
 56.839238 779.774571
 44.682800 775.671545
 37.464426 766.654485
 76.522215 771.316867
 52.100727 768.220810
 65.327895 767.862352
108.452156 774.328340
104.049479 770.304230
 83.782138 771.298147
 97.414959 763.731261
 98.022541 773.639353
 72.085633 767.894761
 98.985255 773.879339
 74.540158 767.753403
100.874668 768.828429
 70.928750 776.668932
127.423987 768.688121
 94.230689 773.770296
 89.035242 784.109082
 60.206772 779.380954
 80.588683 769.236451
 57.079199 765.283861
 60.409993 779.518311
 98.849441 768.604239
 56.134010 766.624015
 82.212242 773.611916
 57.294632 775.645603
 92.877751 776.615521
 77.390071 775.052685
 85.299001 772.718914
 47.859197 768.133807
 70.060622 759.799789
 98.984129 772.522114
103.215192 764.057902
 69.273552 770.857591
 63.391686 766.503047
 58.912417 773.032651
 94.534217 771.526597
 97.464248 759.959966
 47.625709 769.743990
 63.044460 773.077946
 43.916966 770.408668
 78.845825 771.229681
 52.909277 777.287793
 47.128466 765.900537
 63.596321 761.336589
 50.646374 775.185819
 69.125084 766.982089
 47.047043 770.960278
 57.818332 772.120232
 98.246275 769.200243
 64.337841 772.803015
 87.133764 767.332581
 94.451617 775.600395
 57.654782 774.058560
 43.656970 768.425341
 67.867981 779.709832
 75.099514 777.909832
 62.180198 767.650841
 67.424370 769.766938
 85.612805 770.500401
 62.836839 770.265862
 84.229680 765.295492
 68.448066 771.929667
 64.063018 770.745112
 59.540139 767.316870
 75.057877 769.771301
 54.601255 769.723694
 73.323084 768.394200
 53.638572 766.650704
 63.785353 769.789813
 62.715591 764.978538
 60.329409 772.568747
 48.875165 768.925641
 65.559590 771.455398
 68.165008 770.361300
 66.830773 777.415453
 83.927581 779.668763
 90.544227 774.755080
 77.840146 765.138785
 83.144486 772.196363
 76.266752 773.894006
 67.046251 776.823945
 79.610814 768.575931
 70.685209 779.197154
 59.553210 771.238289
