49.939569 49.199508 49.954704 50.748913 48.488975 48.901283 44.724445 50.248968 43.041227 46.266956 46.467717 47.737486 50.840751 50.576597 49.383902 48.600679 50.401480 45.874808 45.902994 48.997144 49.988372 47.443439 48.229292 47.259750 44.677480 49.659212 47.587190 48.933683 43.744234 
45.841667 46.480008 48.758598 45.925227 46.196992 43.944544 51.855914 45.909317 47.293481 44.171263 44.461489 49.222144 49.575925 51.438857 48.789611 47.266831 50.638820 51.248156 49.156064 46.579395 47.342366 44.855708 48.478599 50.711994 50.533287 43.422369 49.800319 
47.284446 49.662228 44.012316 50.509176 50.212862 50.448098 50.869623 50.275179 49.347944 47.562371 46.147660 48.608545 47.166493 45.456236 50.984790 48.622503 45.948223 46.280675 50.156849 48.721954 46.337035 47.527833 45.968927 46.771151 51.313451 47.045514 48.103839 49.772375 44.758627 47.393750 48.753978 47.244858 46.824563 51.620113 44.548983 49.484521 49.641751 
43.874777 45.153904 45.737829 44.784550 44.968091 48.702468 43.018337 44.068040 50.472379 44.432373 50.402985 45.282026 46.194692 50.608603 51.862717 49.145846 45.213391 43.463748 
50.859729 52.095726 50.804344 48.308380 43.911516 46.318973 48.285402 48.361152 49.991246 46.220023 47.603671 46.938984 47.637547 43.657661 46.344073 48.211722 46.303290 49.891613 47.102875 48.399342 45.448621 50.531046 47.281004 49.660908 45.570676 47.969727 45.065279 48.697878 46.379754 51.393854 47.740425 
47.864847 51.060146 51.712011 45.959424 48.362406 47.103365 51.105068 47.993390 46.514839 49.568963 49.879143 49.385402 47.457983 46.917007 47.367566 45.656166 44.629148 49.438800 43.973009 48.281446 48.694957 46.697359 48.633914 46.111217 50.307863 49.194239 43.052894 46.612126 46.274396 48.282163 49.000036 49.371920 44.982936 48.518575 
42.881828 50.854997 49.213516 50.750114 50.229728 50.059114 51.201284 43.802253 47.210867 51.133538 50.002191 49.355563 50.435220 43.701576 47.991740 44.631166 43.258104 48.317271 44.805532 47.204696 51.747423 48.859894 48.204418 47.987666 44.080977 45.237784 49.846599 46.811104 45.589214 
46.069537 49.850770 43.524430 51.486677 47.683824 49.908271 46.349561 44.674104 50.574591 45.825049 50.517295 45.487501 51.737806 49.282601 50.337499 49.534791 46.948054 48.874740 49.765250 49.646859 44.683685 46.819576 48.867983 45.806236 46.017418 49.970983 51.705585 
51.788068 45.894626 51.338453 49.336265 50.086892 49.922270 49.281636 48.993197 50.599155 48.752369 47.697576 47.183569 47.453354 49.490642 46.910963 49.128077 45.764601 51.775621 
49.286299 44.056542 50.455445 45.295005 44.682849 50.690646 44.705787 49.968074 51.297160 47.545950 46.731980 49.299729 47.733746 50.335740 45.218173 46.732391 51.204201 44.953252 
45.565496 49.071136 48.184315 48.629127 49.961470 48.236027 49.400354 49.442773 51.094147 44.799905 43.527108 49.733069 45.543812 45.838729 50.293590 52.129802 48.373628 47.288042 48.435782 
48.978492 51.410525 47.630052 50.316895 43.662558 44.208645 48.039854 46.150312 49.698386 49.505194 46.371092 50.604056 49.208786 49.468820 47.208747 44.316143 49.719989 46.504804 45.533688 49.008665 47.804353 48.592957 49.281674 49.840424 46.474184 43.444640 45.061553 48.339692 47.059390 48.212398 45.323915 47.100679 44.461787 47.848124 44.831288 50.272553 46.296264 47.451683 50.145532 45.587098 49.226789 48.857437 47.270506 49.449240 48.185822 44.876229 43.243008 
44.142644 50.569016 49.740642 50.226045 44.633954 43.018925 48.355418 43.460785 48.303190 46.688116 46.693516 49.327243 51.451477 43.181968 46.946083 43.394952 48.834735 44.193797 47.345034 46.824034 43.792048 47.016467 43.943801 47.681652 49.641232 47.229290 49.860062 48.287186 44.112420 48.814385 48.856787 47.441620 47.048800 44.342756 46.252318 47.556431 48.389767 44.011010 46.068044 46.669390 45.744818 
46.481673 50.827039 50.162751 49.096657 51.016704 51.668792 51.444998 45.529270 49.667982 47.587826 48.867538 45.490769 44.526708 48.837476 49.593893 44.967422 49.770358 50.349330 47.443631 45.180622 50.623821 47.428672 48.928262 49.765292 51.044869 46.077176 48.225707 49.912607 49.316818 49.461927 47.761854 46.398306 
51.474289 49.542268 44.379507 46.429485 43.345192 50.003979 46.222812 50.722034 49.452649 50.535768 51.181231 48.932007 49.716483 
48.885201 49.877289 51.334572 47.943499 47.653164 51.229777 51.347922 49.911857 48.817098 46.956149 50.509999 50.431812 51.721843 48.454871 42.717635 48.877889 45.366466 47.059505 51.385225 45.290564 48.986727 46.326169 46.136192 50.490026 52.150052 47.593307 46.044662 51.943383 
45.569033 48.423928 47.573775 47.834803 50.378637 50.309742 50.759025 51.939825 45.224866 49.884745 48.797145 48.080148 50.566433 48.152702 50.032783 49.539098 43.287371 47.406298 50.512499 45.890959 45.746019 46.956900 50.908586 47.980121 48.677945 45.679520 51.353238 48.408769 49.182838 49.620010 49.486309 50.349822 49.479515 47.599386 43.306306 44.816443 45.953949 
47.766818 47.187022 47.260787 50.111356 46.782579 47.888577 45.596859 48.111036 50.363101 48.611268 45.329543 48.796575 46.681325 46.727261 49.663516 51.164244 49.620224 50.542471 48.596274 48.986009 49.028196 48.323923 45.409053 48.659330 50.198648 47.817414 
50.217595 48.700769 45.167999 45.442189 49.000304 43.650680 46.199582 47.082032 47.655183 50.347641 47.437966 50.053230 43.975316 51.542553 50.893036 50.225750 49.430136 47.483881 48.602554 48.389954 49.790624 46.711693 48.520484 49.739477 46.727125 
47.200465 45.866612 46.303547 45.873774 48.370871 48.526597 49.166250 50.167675 49.403033 48.144275 51.165318 50.778193 46.365961 43.120837 50.155134 48.321152 46.817584 48.731501 49.320169 48.395788 
49.824165 50.240005 47.794507 49.328587 49.352637 50.040719 51.663858 44.501449 49.920981 49.510033 51.499097 43.409842 46.621134 49.413528 43.792732 49.786850 50.056522 50.035400 46.020778 51.856914 44.511840 50.133107 51.406174 44.876529 51.303135 51.518880 46.297100 
44.080237 48.386447 48.597709 50.941556 50.145965 46.147409 47.074104 50.243656 50.770499 43.753821 49.322605 47.095459 50.532484 46.488126 46.610633 48.389047 45.677871 51.825262 50.570127 48.277429 44.230009 48.225665 44.921658 48.124832 46.662410 48.325749 49.753611 45.312683 47.581848 50.068802 46.313119 51.177898 48.426014 47.689487 49.317347 
49.197399 50.062794 43.381005 48.293527 46.625491 50.322719 47.996109 50.256548 51.707081 49.433107 43.794593 45.403220 50.392861 50.823433 50.037467 51.194938 45.770586 51.758499 46.955479 44.079357 47.007182 50.306098 47.313896 
46.893973 49.027837 50.029283 48.378880 48.888795 51.875006 43.870208 48.169336 42.965708 44.646742 43.793844 48.658621 48.409167 46.261037 46.201892 48.322348 46.581335 46.191502 50.210085 
48.958160 51.483652 50.514546 50.142994 48.613084 49.407500 44.643661 49.953564 47.430376 44.052559 48.028939 43.945987 47.438733 51.887662 51.827699 47.596309 48.758808 49.577219 47.700318 47.433554 47.736402 
46.012331 46.451363 50.983906 50.844874 47.540046 45.353510 51.670260 43.689202 48.631202 46.991580 49.588840 49.041275 45.529495 49.356101 49.814616 48.215094 44.306964 48.840788 45.918076 51.895607 
46.784599 46.196182 48.797456 50.483978 48.796017 50.119408 50.042535 45.031944 49.924083 48.809073 49.851510 49.451766 52.308060 48.235769 50.005255 46.794956 48.818136 45.988254 45.787208 49.505844 
50.639434 44.021078 49.554188 48.232529 44.286638 46.245134 46.792937 48.495586 50.259115 48.203973 50.141269 49.763484 51.607779 49.276305 47.289626 47.464624 45.347459 46.524188 50.026066 46.313979 51.277285 44.601131 44.496515 48.793737 49.863461 49.541557 50.582323 49.580286 48.303355 46.391786 48.939645 
51.195245 47.432140 50.264547 50.406575 47.973595 44.241192 45.404133 48.947802 47.425383 46.354354 49.721273 48.344493 50.143864 49.555103 48.643860 49.623169 47.040908 46.106404 47.962755 50.796905 49.290467 48.951112 52.100131 52.115735 
50.612049 47.691851 48.438739 48.542382 47.715773 47.795788 43.432698 45.911018 45.739799 45.013666 51.186086 51.621205 47.344180 48.997987 49.920348 48.540739 48.819790 46.986893 43.063969 52.138279 50.426763 47.419222 44.550087 46.381715 50.275314 49.148548 44.755066 49.426206 50.047112 50.709674 
49.320324 42.695233 49.328944 47.695331 46.041201 44.760976 51.403800 47.558487 50.983360 47.220975 47.882949 45.240575 48.769332 48.497600 49.821556 47.764851 
49.881441 47.211666 48.626422 51.301213 50.954632 45.108196 49.290071 51.423334 49.481800 46.659442 49.679844 45.035487 45.702491 50.193841 49.699690 47.313251 48.992406 47.158505 49.738997 47.271187 48.503901 49.194551 50.885323 48.783638 44.245056 46.889223 47.684781 48.882482 49.868519 48.544020 
51.532830 50.084689 46.495907 46.142889 51.630780 50.571980 49.794041 49.320808 50.641135 49.412781 51.539544 50.490533 48.865046 49.756701 44.563886 45.048520 47.896618 42.861539 45.934965 44.567690 46.647675 48.256279 47.069764 
46.254074 44.306382 50.053145 48.816344 45.489047 50.435376 50.982644 51.702260 46.166674 48.941059 47.583640 51.586449 45.297018 48.004736 48.881014 50.542173 50.962404 50.060608 44.034041 44.320574 51.886497 49.512722 50.089181 49.260792 49.874394 44.985143 47.011971 47.813192 48.323189 43.231565 
50.212486 48.647781 48.667276 49.084164 48.727333 48.075086 50.057074 48.721459 48.200005 48.914039 48.625579 49.684873 48.739980 50.220313 50.655622 48.157805 49.818230 49.509343 47.033963 44.161710 47.168427 49.083198 48.430429 52.101452 43.547600 48.971705 44.867796 48.820500 44.861332 47.806850 47.558105 47.527966 48.435855 48.515833 45.252150 48.194195 
50.431909 50.648634 48.791371 49.856204 43.286569 48.705553 49.514466 51.373610 50.543028 44.202885 44.285608 46.679995 44.442269 48.498856 50.723570 45.041035 46.839963 50.049867 42.815807 50.227636 45.245916 47.882326 49.878581 48.716698 47.422206 
49.941368 46.338919 49.667216 48.441037 48.989993 43.799491 49.560636 46.367027 51.089195 48.419967 44.206166 48.129498 51.360511 46.440973 50.541680 45.868375 44.360692 49.769807 46.763995 46.169231 51.786812 49.539515 45.718056 52.103919 48.931923 44.912289 45.285792 49.264356 
49.336060 48.784689 48.113574 48.446762 47.688074 50.081164 49.549134 50.440607 49.631605 48.474512 47.088306 49.460341 45.676675 47.991481 45.987639 44.966941 49.228480 49.279566 43.071155 47.169840 48.650496 50.663222 51.845793 49.087367 51.227365 
49.823689 44.039597 48.575861 46.291242 51.308398 48.702520 45.320829 50.972661 51.924064 47.023621 46.539167 49.199337 50.010031 50.748999 47.123936 
45.948153 48.221966 44.332513 50.899776 50.069393 45.293301 49.419005 49.953006 49.361527 46.227284 45.937492 44.447148 42.561741 51.271304 45.763967 50.620929 
49.204784 51.590301 49.909110 50.494070 43.621570 44.268720 46.370189 47.048321 45.693278 46.590028 49.743737 45.159185 48.844489 45.989464 45.278407 50.548938 48.713482 45.395136 47.701823 46.351669 43.827631 48.796040 48.705549 45.932164 43.695489 
50.912286 44.869623 43.129268 49.825662 49.612892 49.452148 50.160361 48.285172 48.757653 51.620466 50.677336 44.600557 48.274795 43.342413 43.098711 50.195587 49.744334 48.281914 52.421525 43.657129 51.555108 48.289006 47.699899 46.274984 50.239361 48.168049 47.847315 43.339168 
47.877271 45.343284 47.084641 45.865006 49.020583 49.182381 51.467120 46.365904 48.509329 50.970191 49.492161 50.570614 43.930164 50.679335 43.704965 48.425815 49.645803 49.451895 48.296534 43.430069 
46.182199 48.886555 45.207000 50.489114 48.417244 49.966309 51.355429 50.414286 50.318145 44.401926 49.121361 45.919057 42.717978 48.522118 50.305247 44.243598 42.734880 50.098112 47.766876 47.519619 45.734782 
43.813867 48.497307 51.374718 44.068872 46.724743 47.575845 47.561757 50.272170 50.113763 44.283077 46.528280 45.329697 45.888168 50.825118 48.833951 50.289877 45.812270 51.580006 45.149715 46.305814 
48.880791 50.227839 44.935088 46.163623 46.310179 49.559952 51.721109 49.681172 49.706779 45.707056 48.581391 47.814885 48.662347 48.413363 49.332534 44.570801 46.208312 46.974628 48.998889 48.660389 48.989652 49.247468 
50.235013 46.547149 44.928130 43.396656 48.751815 45.233336 49.086713 50.664727 47.398955 49.434670 44.846227 48.964077 44.912512 50.291396 44.911223 49.053018 50.716131 49.521013 50.197758 52.006029 52.139986 52.294814 48.432063 49.385698 45.090519 45.402068 51.513656 49.908660 47.294113 48.940440 45.748602 
48.843956 49.838841 48.321443 47.541340 45.275222 43.725213 45.745893 51.616919 50.799187 49.338119 46.591152 49.704942 45.081425 49.085572 48.923614 48.619570 48.347014 45.980689 47.345921 48.442783 47.582801 47.620857 48.432188 48.612714 
49.594864 48.468691 49.216781 48.257465 47.021700 45.814659 48.659077 47.968731 50.325575 47.191847 47.621542 50.162087 50.620250 52.099480 43.243866 43.752696 43.522120 51.365134 46.559266 45.964849 51.327229 46.236418 50.810722 44.212530 49.007441 49.691040 43.339327 44.154598 49.407266 48.475034 
45.026507 50.266327 48.519494 49.438843 46.032561 50.701095 50.151599 48.588742 47.288434 47.916433 47.996193 42.868666 47.427959 46.585666 49.529605 47.080891 46.931590 51.805374 51.740080 49.061540 46.595725 48.333536 45.352308 51.872011 45.548744 48.024993 49.763991 50.580556 48.879691 45.843958 51.326113 49.186437 50.562134 44.371044 49.767164 50.581368 
51.218607 46.995465 49.703657 43.827054 45.212884 42.851648 49.818838 52.040089 50.303483 49.501021 48.094621 47.859178 48.876169 44.154982 45.946097 47.319356 48.710882 50.179201 47.334632 51.308051 50.072532 49.952099 44.116452 50.159204 47.105797 49.856336 48.456984 45.371554 46.404273 48.497153 
50.326261 45.881300 45.845358 43.388015 44.055637 48.409795 47.818751 48.767776 48.430874 49.412737 48.481185 49.998610 49.656535 49.197286 50.589503 46.812196 49.893690 43.821701 45.174645 46.675986 45.647427 50.094271 45.448669 50.872260 50.111934 46.283435 49.136960 47.178001 50.848352 47.537883 51.866775 46.173586 47.653397 46.493343 47.312739 49.706212 48.380169 46.989226 
49.169707 49.324964 51.417188 50.546319 45.821879 47.991500 47.299180 49.662281 49.518343 49.089184 45.751588 46.165490 50.333406 49.751930 50.281933 46.668109 52.294191 51.643596 52.025403 46.178036 51.203240 45.597580 46.905184 48.004790 48.982234 45.087240 51.409274 43.818152 47.828893 50.567054 47.238652 45.216297 45.542178 48.786654 51.410721 45.566405 50.270416 46.410604 
51.936416 51.809114 43.491941 49.567699 47.098031 45.455999 50.792649 48.945656 44.043446 50.153293 45.306675 49.231694 49.822037 48.219768 46.457997 46.953589 44.951578 44.915799 43.447618 49.263579 50.376033 47.779632 44.862886 45.292695 49.057798 47.174602 49.690596 49.801430 47.147600 50.839250 
51.007039 50.550168 45.063429 46.757948 49.427654 48.612714 42.738946 45.228798 50.198523 44.362021 48.735561 48.162028 47.808935 45.421543 45.272276 44.288236 47.351637 43.906813 46.856228 46.811435 46.443452 45.573773 49.142288 47.632245 46.884151 49.111271 48.554893 46.589570 
43.857971 45.904520 48.900954 51.139959 49.311530 44.214717 50.751654 48.171885 50.437602 48.221781 47.080293 51.061625 49.391254 49.868904 44.770912 49.510568 47.361314 49.753713 46.832678 48.318084 46.704896 48.174742 
50.673684 45.433056 44.388725 50.070926 47.115339 48.644490 49.760744 46.377766 44.672576 50.135247 50.835322 50.387041 49.884538 49.272433 49.135363 51.447229 44.653318 44.919590 46.980006 50.365628 46.916481 49.925943 48.507835 44.100054 47.834350 48.620230 49.405641 49.055171 49.227742 48.034520 46.566732 45.820852 49.687917 
50.985734 48.869823 49.357291 51.097022 46.645228 44.806621 47.460314 45.707798 47.077512 47.433456 46.521487 49.922973 49.386693 45.331342 44.414469 45.384211 51.314544 45.778241 48.683898 46.313576 44.800480 
50.282088 49.199660 49.275876 48.760722 50.458594 46.382412 44.836073 51.308936 50.346526 48.399634 46.453382 49.504680 49.488039 51.587369 48.748660 48.337695 45.754439 46.984630 49.143758 47.715960 45.176459 50.465354 45.658973 43.711553 47.529122 
49.095531 46.743451 47.973579 46.762350 49.031376 48.768766 50.390092 46.441581 49.228731 47.825943 49.218380 51.676032 50.137623 48.750994 49.384113 49.806847 51.463419 49.237857 47.257423 45.417242 
44.955020 51.238548 47.577275 48.221359 51.304998 50.449311 47.303464 47.117133 51.228755 48.663962 46.906551 49.346395 50.644625 45.504411 47.368167 47.269376 49.986048 50.046824 50.708890 49.157189 46.130721 45.687681 47.135049 44.219798 49.528460 48.185506 45.744027 47.886701 45.301869 47.730438 
44.003818 48.293419 51.670997 50.342025 51.278913 46.808689 48.512461 49.369673 49.889593 49.820086 47.507123 45.792960 51.768370 46.687309 45.544649 51.338373 49.015287 
43.947245 47.757838 51.460049 50.027305 51.483148 48.550801 45.015030 47.963596 46.609918 47.175701 43.827945 48.800152 48.491285 51.323125 48.821407 51.142624 43.462466 47.053262 50.191074 46.175596 49.453473 49.081855 46.394656 46.936931 49.163188 45.539045 49.557491 50.819519 49.402608 50.883309 47.471530 
45.449348 48.461602 51.462900 46.795854 50.079880 48.591592 45.576917 47.856818 46.585591 51.758094 43.600367 50.178329 47.514852 44.846364 51.252218 48.201846 49.166053 46.601404 
46.984088 47.419867 45.694398 50.730810 49.857213 48.602216 47.203742 50.438142 50.008197 44.281624 43.271204 45.481377 48.710507 50.847345 50.029902 46.409894 50.698709 49.233756 48.186728 45.098592 49.823841 47.984679 44.472151 50.204968 
50.160702 44.602152 49.706531 51.313206 45.972214 51.021757 52.165341 48.754872 44.352756 50.129110 49.584189 47.677497 49.981289 50.548952 44.251688 44.026241 50.537350 51.316626 49.545054 44.316420 
49.912557 47.282280 48.432777 43.276803 48.686233 50.713667 50.033139 47.690571 49.303562 49.373405 50.967016 49.216049 46.285531 49.072446 52.270473 48.309725 48.878231 46.891927 46.723848 49.041810 47.694170 
46.389265 49.160818 48.775278 49.823557 51.229327 44.212201 44.576223 44.754142 51.668280 49.191777 49.107704 51.457762 44.685339 49.751236 45.405107 49.340466 43.648792 44.120325 45.287997 
49.865808 47.197747 46.278354 43.564940 50.140597 44.165512 45.798153 49.854603 46.272336 47.759678 47.679143 48.957420 48.496196 50.695677 49.486383 49.712591 52.006527 52.370443 47.101914 49.173176 49.480838 44.265858 46.018345 49.742047 46.590025 48.969616 
47.535625 47.849933 47.141711 50.223298 48.089717 45.599804 50.135041 48.874925 48.433758 46.540000 44.970569 48.076755 52.053843 49.454217 49.611622 48.582467 50.274039 49.179442 49.620717 46.485912 48.574512 46.191790 44.512581 48.308879 43.729700 47.033010 49.199535 44.583376 
44.913630 46.771623 49.068347 48.881084 45.457997 47.427295 50.378145 49.710229 49.383842 50.821196 50.190349 48.711842 45.559033 49.807943 44.469261 49.367967 49.318692 48.713205 44.298684 
51.937958 50.015322 43.638678 51.427305 49.649396 46.909940 50.928767 47.702536 52.056534 46.437134 44.480429 50.695407 46.360460 51.221433 47.590835 49.551666 44.836127 
49.023729 44.826240 47.516244 48.743063 49.620359 45.800006 51.064989 44.520334 47.049060 46.908428 46.723260 44.874687 49.426447 48.020598 44.211993 51.257207 50.207950 50.392714 50.271999 48.985859 44.047075 49.629315 48.486981 49.255821 48.858451 49.130320 48.971187 51.078251 49.154152 
45.424940 45.415400 43.288660 51.711610 47.519898 49.437289 50.723579 46.031737 48.870260 47.253515 49.227234 47.278760 50.229389 47.256088 44.916074 
48.732790 47.143906 48.011283 50.321565 46.496894 49.206207 50.079230 48.019514 51.268147 48.981639 48.085055 47.719320 51.237122 49.214687 50.389107 51.467884 47.661162 49.952005 48.613375 50.709404 44.755488 47.709134 49.792766 47.819683 47.301120 49.359782 
44.401949 51.161652 49.991095 48.822166 45.100419 51.727697 45.679038 50.771073 50.527877 49.850609 47.271537 45.831337 48.718641 45.137911 46.983027 47.615672 49.292907 49.071827 45.970618 52.050237 48.770198 48.148133 48.575432 49.365186 47.580519 49.183006 
45.856329 46.929058 43.053947 47.212802 49.034126 51.204632 45.378695 49.405491 50.725042 48.427964 51.696641 45.788460 49.204928 47.783232 44.544185 48.006155 46.388618 45.992776 
49.712676 46.667324 49.214808 49.944043 51.501392 50.514938 50.062709 49.704884 47.968651 46.633357 47.649903 47.425043 50.559357 47.632202 51.289017 49.441185 48.964287 49.824593 48.953388 47.721331 
51.276806 48.475035 48.897967 44.031365 50.486045 49.905758 46.795113 49.891419 48.108646 51.047484 51.437165 48.931181 45.110271 48.981115 48.420475 49.870780 47.550152 47.337500 49.914711 47.954642 46.531721 44.948510 47.059339 48.437217 46.098311 
45.455171 46.718114 49.383552 50.142908 43.820748 47.203053 49.848152 50.275602 50.604554 44.896827 51.466681 48.308552 49.098027 45.396819 48.565251 49.086744 49.600944 46.453272 48.934723 49.546311 50.311312 48.890355 51.032329 45.664128 48.891047 49.729537 46.976354 44.080813 
47.796845 50.296617 50.036190 45.424364 49.052079 50.083986 44.213193 51.101163 50.668526 50.155294 45.039626 49.869765 48.819123 50.138412 45.775891 47.722972 48.954121 44.443564 50.037461 49.127394 49.363716 48.756317 44.702909 45.856877 50.253776 50.776354 45.825272 49.108623 
51.915940 51.075114 49.964321 48.063293 44.522380 43.430622 50.709930 49.336709 48.433156 46.064503 46.060731 43.393104 43.522768 49.323896 
49.617457 49.503102 47.400709 43.708159 51.029152 48.228866 45.830019 47.754690 46.498159 49.558501 51.437319 49.979091 46.234528 46.033235 44.929164 45.493720 43.823432 49.151813 44.089245 
46.833743 50.735639 49.697091 44.494991 49.331551 48.079006 49.307806 51.048320 48.937707 49.468571 44.504019 50.893018 48.219446 48.371609 
43.746797 48.169150 43.757674 46.070204 51.709702 46.381248 50.112711 47.658538 47.460818 49.836282 44.946213 50.124265 44.923372 49.526939 46.988984 46.480285 50.485397 
50.011517 46.552336 45.882826 51.673512 50.737285 49.195385 48.822686 49.857207 49.414765 47.346944 43.115299 46.603547 51.065667 45.878550 46.409023 46.544997 46.754797 48.072755 46.902677 45.883257 45.991940 49.329869 45.772680 
49.916730 48.430430 50.053463 47.402690 49.639208 50.924435 49.512834 50.900103 48.858859 47.252852 48.054874 47.889038 50.372258 47.394415 48.868075 46.121288 46.126667 46.455985 49.293091 45.489371 43.265389 48.416810 47.130455 48.053430 50.245176 51.354967 46.917254 50.165434 
46.984792 49.209520 51.207741 49.268726 49.243445 50.881000 48.879256 46.852676 50.088463 45.061270 47.674785 49.058930 51.762957 44.002940 48.033797 45.731060 49.088157 47.138233 48.922319 46.424157 44.884490 51.218980 47.071180 51.416358 48.559569 48.384066 51.295150 48.525520 50.158956 49.001773 44.361516 49.205552 50.753249 51.376442 48.438591 48.298492 49.194695 51.568698 45.737107 47.411844 44.677290 51.691375 51.835815 49.320116 49.098732 47.243964 47.621538 50.829510 50.131962 47.152556 42.968842 49.071278 
48.826760 47.927176 49.910774 44.242974 45.837221 44.402778 45.633289 51.053635 49.542937 48.802387 49.669681 50.143512 50.665676 49.937492 48.917299 44.202665 45.091042 49.359703 43.476256 48.878366 49.845113 
50.159024 50.471801 50.644636 49.596462 47.323176 44.386326 47.791496 49.188701 46.114756 48.778758 44.551343 43.089260 47.994007 47.293731 47.106517 48.674432 
50.270932 49.836121 47.968458 46.525199 47.352690 50.483131 50.557945 46.340752 49.728620 45.899885 46.844928 49.595617 51.752603 48.140144 45.838079 48.859837 44.697152 50.433188 45.422032 50.264084 47.238442 47.620685 
43.991276 49.360939 47.144297 48.030479 44.832895 47.894349 50.614232 44.692207 46.036087 48.626962 47.730157 49.338251 48.981457 46.899908 49.016693 49.060761 51.356291 44.192204 46.261475 44.281021 49.711308 52.190521 50.528581 50.420940 45.861284 50.059255 46.121390 48.140920 47.451866 46.225367 43.815566 
47.543041 50.024038 43.331331 50.818554 48.379851 44.445706 49.488108 48.794251 51.085178 46.026084 49.146531 52.212125 44.580730 50.762655 47.414134 46.016702 51.733776 47.130810 46.054036 50.473532 51.102613 45.515345 48.187461 50.310113 49.526310 
48.706664 50.337113 50.942354 52.427517 48.774870 47.227719 51.712967 49.350686 43.192397 44.102074 51.938063 44.258416 46.537465 49.695199 48.019386 49.447881 47.248243 47.694088 49.828234 48.161571 44.380763 
46.287934 49.679263 42.921374 46.182965 48.081407 45.609678 51.541688 49.340167 50.102082 51.707325 49.466930 50.487671 
47.418412 48.932420 48.729786 43.414290 46.549178 49.379079 49.147399 47.002257 48.501173 48.359775 45.255967 44.526251 51.909671 49.433884 47.155051 50.455044 45.834691 51.030819 49.509370 50.854129 48.156004 46.690685 47.507928 48.601870 49.556208 47.331509 50.178857 48.169024 48.142278 52.235060 
49.888952 45.118705 47.025051 45.294600 47.578445 43.995703 44.834796 50.530521 46.787924 49.329102 48.642417 50.414433 49.558266 50.376053 48.772720 47.436363 46.071346 52.024907 50.118283 49.735590 45.986750 49.513863 46.503222 48.582251 46.490576 51.630142 48.859281 50.502635 47.931052 48.660128 42.781863 45.479975 46.756346 45.056264 49.716760 51.611218 
44.018551 50.164709 45.393078 52.038435 45.694941 48.816928 47.233605 50.716318 48.695620 49.790483 49.196495 45.071912 48.480683 48.517633 47.413602 49.056206 44.575302 49.443055 
48.381916 44.875132 49.558929 48.537525 43.402022 50.640636 44.873955 50.732434 44.733008 47.910061 48.703261 52.185037 46.175815 45.732217 44.828498 
46.641639 47.015266 49.588368 48.823142 45.433947 50.496637 51.961157 48.952965 51.196139 45.875695 48.294724 51.493127 44.193182 46.887560 45.223258 50.208924 46.692140 47.070242 44.779151 44.594672 46.608923 
