49.902023 50.890775 48.528814 43.816992 45.215162 43.301035 46.583446 45.144942 51.386774 43.765157 47.042057 48.419228 50.621456 51.262089 47.581486 46.642225 48.371105 50.517359 49.724130 46.291118 45.093148 46.608511 
48.268423 46.785491 47.635053 49.773650 43.713130 50.224284 45.210477 43.973141 49.987831 51.338080 50.973336 50.119619 43.917194 50.713526 49.058271 44.523165 49.348384 49.192968 47.982981 49.806109 45.630613 47.940399 48.395386 46.402412 
42.832711 51.807944 46.867814 46.918889 49.587442 45.559223 46.191054 46.665362 44.611386 50.714935 48.055211 49.662359 43.632033 50.293276 47.644178 49.245308 44.667919 49.679749 47.873292 45.850308 49.960003 49.015885 46.323892 47.311608 49.292174 49.427380 46.740358 
49.917892 51.377220 47.945946 49.808795 49.496941 49.059809 44.725903 48.963278 48.237219 51.013599 48.915442 50.077136 49.310597 
48.611651 50.865077 45.145144 49.378841 49.210219 49.496029 47.819865 47.726709 49.090506 46.042883 48.764385 46.255390 45.587251 46.833371 50.086750 44.614675 44.510414 44.841709 47.021082 47.712922 45.825740 49.184294 48.134780 48.350062 
44.894086 49.658233 51.295161 49.804700 44.998915 51.152881 48.889710 43.202874 49.100451 45.889952 47.533257 
46.196763 45.046863 45.794049 51.062843 51.156726 48.150831 50.066675 43.996109 47.354643 44.532997 49.217153 46.670081 43.133066 48.262862 47.813688 
48.604785 44.566590 46.524631 43.076336 48.269031 47.188099 47.977247 45.605253 43.809132 48.942762 49.247582 51.437608 45.878582 51.087910 50.961549 50.314727 45.465107 49.495292 49.024551 46.036991 46.560270 44.973880 48.642114 44.568333 42.808478 50.501712 45.829188 49.713953 47.467644 46.378463 
46.685370 49.377088 46.765955 49.373856 51.531477 49.214563 49.992900 47.463027 48.929838 50.903872 50.643286 46.564250 47.138818 48.564851 45.032353 48.127151 
47.293038 47.695414 50.806491 48.907866 49.234274 47.207620 45.114073 50.567624 49.220307 50.016045 45.168644 47.574279 47.347375 48.326409 46.186076 44.866112 
49.549518 45.734972 48.347682 46.201763 47.073262 51.172628 45.893252 44.275891 44.060488 50.342171 45.203467 49.021598 51.112788 45.737424 49.588050 45.211612 46.778214 50.843816 45.761518 49.395063 48.852417 48.926196 48.864201 46.020980 50.714836 48.857473 47.933235 50.344737 50.838098 50.124554 43.296722 47.565021 51.603439 
48.878791 48.199995 43.278659 47.997450 43.510948 49.397634 50.041813 45.260467 46.410861 51.353823 50.661967 49.748624 49.017618 45.979124 46.239497 50.567306 49.198948 42.752309 50.511889 48.933763 47.693324 43.847351 47.663201 46.282359 47.013081 45.594021 48.236459 50.450872 45.031739 43.180898 45.834211 44.342523 
42.560526 45.207224 49.102680 48.836252 44.951471 51.936835 46.875498 49.313322 48.977757 45.539381 
47.948360 45.425123 50.012382 44.665525 46.203263 51.914215 44.743798 50.638428 42.801220 45.604799 47.214850 50.860577 47.556126 47.572805 48.364844 47.715761 
50.722861 49.221978 44.294863 49.639846 47.726259 42.677598 48.843394 46.668292 43.935763 51.814902 43.399090 48.450221 
45.086566 49.137002 48.255168 48.066559 51.336686 49.896625 50.071557 47.766986 49.793364 49.933156 47.672760 
45.509479 48.267151 47.825462 44.885062 51.620552 48.815783 43.592744 49.925387 44.023301 
51.935083 49.434872 47.468671 49.607542 50.755597 47.899037 49.153019 46.238555 45.430692 49.373001 49.144401 47.215713 44.301005 49.656750 44.550276 45.661423 44.556907 48.992319 48.376669 48.868295 44.708587 45.600822 47.992515 50.492855 
44.223673 49.034931 50.092637 45.306521 51.064308 48.775460 51.942570 49.126300 50.165797 44.960983 44.791780 49.468485 49.214152 
43.867128 49.730433 49.341141 50.173293 48.054562 49.074043 44.324676 51.412743 48.980207 46.492826 48.478039 48.339466 48.957378 48.288025 48.746507 48.142248 47.532519 48.069136 
48.488751 44.706912 51.068499 42.941703 44.557760 50.642226 46.414164 43.515075 50.193146 45.800765 47.793008 48.372789 44.744028 50.871039 49.371741 47.097088 46.865919 45.769002 44.562409 47.117437 50.916372 47.886615 44.923362 48.467281 47.766156 50.697488 51.282880 46.723579 44.210366 47.312617 45.528976 47.513457 48.913642 50.021644 47.113210 44.129855 51.196313 45.276368 46.205037 47.108005 
45.848515 45.646304 50.207986 46.109203 51.438296 47.813056 49.369979 46.542568 49.027868 51.741855 49.823414 44.955296 43.673354 50.871039 51.648905 50.957541 50.316473 49.429973 50.873772 44.674190 51.011188 45.730382 44.716929 44.527512 47.587812 43.151967 44.260939 48.788592 49.151948 44.200891 46.796286 46.448245 48.415392 43.780828 48.707283 44.745754 50.868151 
49.675827 49.397147 48.241624 50.717439 51.785749 47.254248 49.426564 44.098247 49.512392 51.130005 45.998160 45.624274 48.675906 48.793995 44.446353 44.445165 43.419488 47.776849 50.790570 50.637959 48.788534 50.416373 51.098427 49.433851 46.274736 
43.823829 50.020463 48.557718 44.756904 47.500334 50.232320 48.417649 48.949357 49.217478 51.526091 49.560985 50.135811 45.412410 44.107840 47.246041 46.985617 47.881629 47.914290 46.159210 49.377772 50.462372 45.573579 47.516776 49.800154 47.547794 50.032073 49.718786 46.299255 47.340571 48.480890 
48.103362 42.634061 50.060494 42.893769 47.532828 45.369741 45.964210 46.446958 49.313213 51.655534 44.893805 50.540233 46.198587 48.885095 51.068669 48.359677 43.484948 49.179375 44.840518 44.631600 49.193672 49.098433 47.469985 50.199098 45.354244 47.010105 48.109637 51.423053 50.833394 49.068724 46.352997 
49.701529 47.772409 47.560311 47.642000 48.708707 45.114136 47.437367 50.210355 49.240849 51.074282 48.581084 49.225338 49.096109 48.726479 47.585760 45.928892 46.379373 50.517553 46.090134 
50.210242 49.650726 50.003800 46.081663 47.925483 51.335446 49.630675 48.316679 49.832354 50.025352 48.254200 47.863634 46.870272 48.991124 48.168097 49.816265 44.567186 43.983434 46.898666 48.446539 47.308561 47.238417 47.619909 48.569310 45.373478 48.656161 49.534382 49.298096 47.532575 47.639427 49.279042 47.519641 
47.960684 47.265690 52.168505 47.367784 44.220183 51.891074 46.996021 44.607471 50.679308 48.856443 48.713570 48.282836 49.121833 51.132645 45.033359 42.868028 47.132484 49.039312 47.437148 48.523231 45.742516 
45.692201 50.910983 46.121251 50.885516 44.152418 48.523651 46.728417 48.496034 48.386516 47.103561 48.307238 44.072435 49.116423 51.006836 46.782772 43.378939 45.326997 51.456584 50.241189 44.206565 44.195352 52.128710 50.916607 48.122645 50.800419 48.025511 48.845221 48.092646 50.943627 50.535155 51.853618 46.446171 46.061975 46.280207 46.621930 48.976154 48.749905 
47.397970 47.231978 49.529788 43.615502 52.087512 48.355285 50.865985 44.365842 50.632776 47.237548 48.597581 49.254309 50.207696 51.075329 49.054695 48.201318 51.742905 48.385570 48.836879 47.400547 47.462207 49.983803 45.229476 
50.810069 48.591346 47.502152 49.834842 48.847786 47.732590 51.955807 45.236093 48.749878 47.171282 48.731789 48.724481 47.178315 49.576871 49.701646 47.936061 51.701566 48.115010 49.976139 51.472647 48.535882 48.703465 43.506879 49.717356 51.028336 48.812157 47.290852 48.211155 50.266798 48.790169 50.440811 48.025290 48.556386 42.893389 47.450098 50.495286 49.488489 45.469944 48.241297 50.366230 48.844732 47.981291 48.605341 49.493619 48.675755 48.536391 49.302146 
45.400526 47.520086 48.462941 45.266179 48.026590 47.845519 49.941255 47.612368 44.803168 49.029907 44.209347 45.942509 45.370279 43.514669 50.044427 50.338455 51.701566 43.437120 44.127052 49.902102 47.073997 48.659137 47.428462 46.613024 49.855162 47.801251 47.452247 49.806501 46.676146 46.078051 
49.529544 50.586974 47.551588 49.904411 45.316638 45.030126 46.227435 48.320163 49.984725 49.928504 48.385932 49.722518 50.396431 50.922594 50.867182 48.136353 47.475979 48.412482 50.538216 46.767688 47.846731 47.420487 50.289722 47.590121 45.520176 44.428209 49.823071 51.178048 45.239836 51.227609 50.974062 
51.958546 51.430287 47.660958 49.930328 49.318020 48.478033 51.467299 51.329280 50.580949 48.638216 44.028967 50.162440 50.713719 47.433939 47.349091 50.316092 50.099970 
45.876574 45.046198 49.022991 47.248178 46.690675 51.173564 51.261723 50.644803 50.824047 46.155391 50.801631 51.288574 46.509397 46.750657 50.009739 47.734849 47.181604 49.460780 47.765307 49.112427 46.465513 47.638844 48.402920 48.811250 49.566624 44.850198 46.961478 50.305439 
47.245459 48.998351 46.231203 45.546164 43.826587 51.623578 51.107571 44.708319 48.220175 49.451890 49.768949 45.407123 46.431251 48.940169 47.891369 
49.662666 50.267445 50.668866 48.957516 49.302063 51.454820 44.047463 49.035933 43.365751 48.681566 43.503038 45.754182 47.841266 48.869653 51.020333 48.818739 48.511743 49.558503 
48.426502 50.042844 50.293602 47.225748 43.352866 50.794625 51.306513 50.169642 46.310363 46.459589 45.265376 49.605580 48.833006 50.230684 49.267734 47.062763 50.422032 48.102539 46.354473 49.880484 48.564686 47.478283 50.369276 49.570343 50.763549 44.422831 50.463520 51.342868 48.218153 48.262652 49.202221 
49.596695 49.768124 46.856430 47.980145 47.767275 49.757096 50.606883 46.667624 48.101621 50.174828 46.081382 
45.115607 49.075741 46.874012 46.310382 48.688451 49.287738 48.571408 48.728471 47.714896 43.767505 43.139520 47.900353 48.284623 50.459738 50.791286 46.850314 46.913580 48.613371 50.200603 44.553678 48.424818 47.726549 45.363822 
48.167708 46.936947 45.779453 49.683157 48.879083 47.064634 51.748099 50.058804 48.648692 48.572888 43.719288 49.472945 48.091976 50.389916 47.741535 49.436600 47.426350 50.451211 48.452594 
45.822405 49.592704 49.056287 49.039049 48.214179 47.427167 51.574999 48.222051 48.301614 48.147935 45.932459 49.725950 49.589944 49.977663 46.965619 49.304848 48.494885 47.667188 50.556539 48.414617 47.990136 48.801971 49.989641 50.263787 47.659647 48.386166 48.117209 49.589187 48.379882 49.826373 49.136652 48.105556 46.684735 
44.289480 48.877550 49.304036 49.498936 49.903941 50.125615 49.169869 44.057409 51.332015 48.518798 47.503527 49.619003 50.344736 47.011946 49.730602 48.795091 48.963720 46.774747 47.685770 46.227731 48.769156 44.483288 44.991012 
47.013955 44.097465 50.056461 49.964040 43.927460 46.229043 48.232589 46.677074 47.803378 47.102222 44.118930 47.504090 47.748404 50.058623 44.591594 45.273400 43.502472 49.199511 46.099140 51.532460 48.815691 48.243808 49.418216 47.844444 47.485195 45.402043 43.347305 45.120206 
47.360064 46.209410 49.518931 49.795001 48.047418 48.670442 51.909910 49.793789 45.109582 50.463507 
47.369014 50.638814 50.137997 48.411450 52.142568 46.721521 49.712971 50.531848 51.746133 48.491695 45.809322 47.574138 45.590411 44.190968 47.296731 47.688570 45.680016 
43.461058 50.705551 49.729922 50.809442 50.712042 48.470546 43.615496 51.512297 51.172251 45.534289 50.229386 50.969339 42.693644 44.335058 47.582826 50.358263 49.907261 43.570992 48.761781 51.528201 46.420026 49.302669 47.869607 51.072840 49.788408 49.498948 47.542719 45.649792 43.411893 50.788692 49.161582 47.575320 47.791832 
46.599542 43.566065 48.512999 44.117307 49.131417 49.174831 46.199370 47.773616 47.254507 48.981132 43.899422 48.302013 49.873469 45.677233 48.700669 51.684494 45.598800 44.754887 46.623326 49.072391 46.418053 46.499661 48.868975 45.106234 47.766836 44.107848 44.999302 43.861646 46.539155 44.179298 49.519191 47.376639 46.922640 47.979297 
49.619340 47.967766 50.697832 46.648817 46.134738 50.034255 48.936153 48.783410 45.296995 45.579677 45.016180 50.211712 46.759528 48.341939 51.968760 47.591515 48.202742 48.010068 46.909516 50.601412 46.552379 45.004262 
51.745623 46.958613 47.587308 49.824531 48.097811 47.357275 50.687389 48.041383 48.480435 45.870176 42.674294 47.094794 51.745276 48.683942 50.770470 49.352520 46.638998 51.646383 47.696602 
48.304045 50.790970 47.977913 45.498489 47.380074 45.665007 44.025162 51.217428 45.748323 50.839136 48.260615 49.700835 46.222382 50.892470 46.301068 
48.421106 50.622910 45.269676 45.063985 50.034015 49.262409 45.753821 47.363732 48.932006 50.145750 51.031147 50.151152 46.789916 50.816730 50.930651 50.374590 47.038892 44.103196 48.999314 46.935855 48.105090 48.735398 46.558589 45.628000 45.341692 51.491539 51.821573 50.405941 45.994882 45.948021 47.628257 
48.837606 50.100106 50.937037 44.281705 48.865601 49.078168 49.213395 48.918290 51.897353 50.303165 50.753974 49.360154 42.843227 50.064998 48.103454 48.310761 51.210203 47.462742 45.693655 43.554930 45.774235 47.699848 49.904375 46.106075 48.955629 43.284754 51.494766 44.591512 51.204016 51.193540 44.491637 44.514364 50.208811 48.950985 48.209322 45.453375 49.950941 
51.475364 47.585528 46.254428 49.621794 51.671751 46.693545 50.954121 48.905242 45.113343 50.142107 49.528677 
44.665068 51.761500 49.103919 49.086346 48.453302 47.858054 46.222644 44.814013 44.666791 49.096982 48.722525 47.931339 50.932551 48.021710 48.079765 42.962097 46.743117 48.317333 
47.347805 51.992006 49.726239 45.752253 45.089668 48.323509 48.610183 46.202142 49.888064 
48.201494 52.295883 50.656301 47.454332 48.626701 48.420761 43.739368 49.132270 49.372011 49.768554 48.262920 46.128477 45.138029 43.304580 48.063053 48.715041 47.769127 47.439815 50.844925 47.592712 45.782472 51.101143 52.268653 49.748070 45.685338 
47.684235 52.087609 46.850459 47.147311 46.044834 50.532191 43.297832 49.521836 49.021314 50.566720 46.007222 
46.193695 44.818661 48.030456 50.808987 50.270207 48.678006 49.408498 49.966637 50.886674 
51.566937 50.623677 47.857322 49.925074 49.253941 50.437594 49.119893 47.143010 48.688876 45.202374 44.628101 49.533284 45.973538 46.904836 48.611800 47.720580 
50.901337 50.689064 48.325937 49.340436 51.063334 51.077762 46.745617 49.888708 47.918123 49.096063 50.135749 
47.902072 49.745140 46.537462 48.914851 43.894177 46.618236 45.249583 51.298418 50.803982 46.218663 44.371723 48.480548 45.418800 48.282932 46.622270 50.741550 50.374715 46.836907 47.539697 
45.250707 47.168294 48.079995 50.057895 46.265248 49.347706 49.512268 49.359049 46.382415 51.791070 44.329909 
44.588598 50.830300 49.134791 51.094608 47.763247 48.246291 47.609893 47.040803 49.665686 51.923334 49.491893 45.295307 47.753367 48.373744 
50.068247 45.108847 46.539110 49.896301 48.723998 49.592706 44.010114 43.604555 45.366470 45.580881 48.214726 48.904809 50.360014 44.362715 48.467724 51.457969 50.528380 49.158150 48.471551 48.184995 49.299822 46.781698 48.951933 49.770087 51.856685 44.219464 49.008169 47.322830 46.614532 49.693271 
49.841437 44.727422 47.255064 49.847063 47.090028 47.470861 50.130937 50.369776 48.341987 46.824849 47.565652 48.101495 50.247593 48.564456 46.891944 45.565220 44.859766 49.275805 
47.894647 44.675901 45.940963 46.942896 49.211456 48.861923 47.675884 51.790871 46.839022 49.857722 46.049103 45.551931 50.445931 47.314710 47.671254 49.664843 50.089374 49.276076 49.823382 48.962150 44.393498 48.477466 48.678498 48.806396 48.401106 45.530726 
51.388064 50.078532 46.440627 47.376803 48.157181 49.703221 47.526906 49.837549 49.111882 47.314744 46.191503 50.374893 47.527477 47.144387 48.688983 48.546316 49.115000 49.387206 50.180785 43.343525 46.008784 50.866710 50.813258 49.766400 48.610380 48.370056 45.453689 49.193097 
52.053005 48.190739 48.538231 49.502823 44.195683 48.037235 47.760958 48.714972 48.932059 50.629345 48.250268 47.611630 50.300267 45.332666 46.734001 
47.406331 48.240891 50.482998 47.382643 47.209669 47.614135 49.421826 47.601292 51.651077 48.751139 
48.805260 46.880748 47.792172 46.697574 48.072092 46.914190 49.702211 49.646707 48.152492 51.763320 50.712511 48.219779 47.224963 49.635106 44.753645 45.699570 48.658408 45.637798 45.604383 46.935562 
48.822797 48.738262 49.232271 43.704432 49.242667 51.688799 48.518251 47.874055 49.661364 43.939417 50.742172 46.923684 46.720078 49.588094 48.088701 49.264234 48.608025 46.536102 48.099910 44.060954 42.727497 
49.246007 46.679592 46.136839 49.776894 49.124519 49.297851 49.798576 51.692467 48.547254 48.276804 48.423260 48.885157 43.878573 47.852007 49.619294 43.354146 48.963835 
50.474712 49.418636 50.149219 49.831967 46.479856 50.139147 48.249587 48.935594 51.244374 50.645775 47.026460 51.305766 47.041160 47.372892 48.765901 49.400100 48.079021 
45.899769 47.451462 50.998979 48.967358 46.557093 43.903587 50.236079 48.500414 43.437215 45.714645 49.235825 50.705793 50.231818 46.754825 44.807810 48.890968 46.249859 47.868984 47.264659 48.199175 48.247646 47.048772 49.701827 49.081200 48.345008 51.693076 
51.625336 43.779254 44.127189 44.681825 49.016815 45.794051 50.061311 49.414001 45.378151 49.282300 45.527463 51.144243 49.338790 49.472277 48.293242 45.461327 
44.655063 50.367045 49.449673 50.009657 50.505290 48.388435 49.836389 46.626431 44.211828 50.006621 48.474016 51.613696 48.852508 49.293637 45.576503 46.126030 49.507088 48.504789 46.369812 48.311882 47.002661 45.721869 44.176531 49.080108 50.766386 49.143570 50.116412 50.121628 
51.068715 49.097188 49.014893 48.554719 49.666895 45.391406 50.538373 50.825838 45.159158 49.478157 46.826979 48.168797 44.491486 47.595227 50.423768 44.819162 49.553970 49.338019 46.359613 49.252723 47.075342 46.907790 
49.094933 43.024214 44.730957 51.291781 46.954375 49.632427 48.992477 47.741773 51.667906 47.715522 49.787201 45.262303 49.817212 48.354428 47.689450 50.692847 48.693584 50.406182 
47.337412 50.353379 47.525289 50.243450 50.455177 49.211152 48.854504 48.998797 51.884753 49.739106 45.227377 48.285504 47.486453 47.072939 50.153806 
43.606599 42.873583 47.705049 49.118027 51.280911 51.835238 47.069087 42.844866 47.777549 49.817875 49.397622 44.649171 49.310988 45.078271 50.173178 46.300258 50.152347 50.306010 50.532013 
45.978405 48.782987 48.786169 47.517836 50.769956 50.103435 48.161236 43.614605 48.336944 43.443006 51.372976 48.376635 
51.550470 47.064339 46.811439 49.159075 51.007812 46.116879 48.716209 49.122103 43.787146 47.236548 49.288787 46.942731 49.676187 47.822579 47.568977 47.877491 49.082708 48.802730 47.686160 47.598290 49.929155 
50.961196 49.095198 50.159940 43.855933 47.857263 49.256839 47.584849 49.517476 48.730967 47.850022 
48.248086 45.491422 49.693141 49.687071 48.815378 51.374832 49.564256 43.821488 50.018336 47.295081 48.491898 43.063807 45.588503 48.965121 43.478204 
51.559011 45.008754 47.028876 49.697985 47.926808 49.152274 45.718354 48.601052 51.189100 47.795270 48.406299 50.639525 46.260585 50.505721 47.152396 46.694948 45.002719 48.770535 46.858599 
51.675770 50.020312 45.629539 49.891894 48.372218 49.291455 51.735012 49.672314 50.677113 48.796808 48.096689 49.192620 47.377056 46.817523 47.144075 43.182900 47.826620 
50.898068 50.170456 51.675377 49.885934 49.240937 48.627919 45.862949 46.781965 49.401422 46.503227 48.918184 44.475884 46.766042 45.010758 46.142554 43.319917 
47.731332 50.840367 49.756659 46.211064 46.375507 48.361048 51.567259 49.718433 48.783992 50.314947 45.138601 44.081338 48.521507 49.358140 46.852208 46.023683 
49.374204 50.396474 46.787041 50.928026 46.378481 47.049578 51.975058 50.290803 48.687862 48.105190 45.398809 45.886652 48.173856 49.329175 48.674838 48.289765 46.881773 
50.763833 50.627308 49.283053 47.997356 44.045554 50.846921 50.083833 45.552015 51.410840 44.797483 45.704376 51.978955 48.219553 49.874558 49.992822 48.737604 45.952231 48.045034 43.238433 48.382867 49.781636 
50.070291 50.119066 44.796678 49.617354 49.422459 48.708400 47.015013 49.087854 44.690045 48.999063 47.964293 52.239157 48.277942 48.893273 50.248404 47.969067 48.320826 49.338450 44.601484 49.261783 46.538564 49.731955 43.455580 43.714156 47.867988 46.465499 46.666547 45.653283 43.699281 43.393957 
50.784551 48.245329 48.286735 45.258059 44.872566 45.490876 48.648751 49.659281 45.834030 48.931851 44.859044 52.239157 49.116239 45.330435 47.791146 45.534363 50.175021 46.107587 44.432059 47.592996 50.307899 48.897469 47.759376 48.782930 48.126828 43.466452 48.937632 48.636438 48.442384 
49.897100 51.612706 44.350055 50.277541 49.527991 43.399045 49.792732 45.618552 49.952887 47.492629 50.516668 47.181054 49.756120 48.639843 49.462415 45.881575 46.478989 48.003690 44.002348 45.002363 47.199743 50.089280 48.639307 
44.206219 51.365707 48.432547 50.196839 46.263784 48.600157 45.954412 47.297674 46.522553 48.027502 50.175612 45.150476 45.476903 47.962335 49.132689 48.725089 46.805426 48.594795 51.101341 49.883507 48.506414 47.147853 49.812546 47.421068 48.415780 
50.880857 51.240766 45.114331 51.424826 47.023871 43.095990 48.882521 47.777771 51.722009 51.603161 48.852928 48.605949 50.014018 46.445497 48.102451 48.634254 48.537016 50.267896 45.675916 49.088248 47.229612 48.664680 48.902663 
46.950925 47.770642 47.978791 49.499348 52.009131 50.640930 47.284283 44.184287 48.711599 48.106357 46.613557 48.766135 48.202255 46.229567 48.623640 44.725884 49.074792 47.632402 44.707505 47.640114 
48.789820 49.460844 43.866862 51.757786 49.866178 44.740593 48.994815 47.646574 46.799469 48.362954 48.381014 46.952694 49.416278 50.226861 44.184356 49.355673 42.765111 45.956054 49.169132 48.731867 43.627137 47.383020 48.391298 46.000358 45.876658 48.636692 
49.649536 50.900575 48.923885 49.194445 49.253890 47.936232 48.969356 49.490501 45.956983 49.197382 45.425191 43.631205 49.546795 48.284801 49.349040 43.852891 50.776672 50.312503 47.634384 48.514466 46.997546 
48.863395 46.879470 51.815405 49.933620 48.419295 49.247764 47.103291 44.375533 48.570075 49.123486 50.166146 50.975724 48.208800 48.638578 48.431401 
