  0.082513 410.193080
  0.085481 369.313130
  0.088932 425.953819
  0.084713 376.932364
  0.079532 480.846699
  0.088883 447.629011
  0.074216 387.174546
  0.081158 484.814142
  0.086239 492.323435
  0.082641 502.797100
  0.082295 447.986324
  0.084131 523.599296
  0.079701 464.766495
  0.085177 469.989243
  0.083382 415.605653
  0.087191 440.449271
  0.090479 392.395732
  0.087224 478.758415
  0.090150 489.373857
  0.099136 441.286938
  0.082110 477.074391
  0.084595 454.735869
  0.077879 471.563637
  0.081298 383.856412
  0.082204 483.253905
  0.080347 416.006928
  0.083580 468.380591
  0.085391 493.331131
  0.083871 437.228840
  0.084467 493.047699
  0.082442 494.312350
  0.082061 465.571351
  0.080833 535.031707
  0.085477 445.863538
  0.088162 525.736805
  0.081845 437.080832
  0.082602 485.248342
  0.081138 412.414217
  0.084010 434.956830
  0.086760 483.325857
  0.079489 533.727574
  0.086218 431.964733
  0.084441 433.312548
  0.074176 516.826174
  0.089317 446.291259
  0.077195 524.135629
  0.095588 401.058157
  0.092153 399.187264
  0.086774 445.404146
  0.082049 487.387217
  0.091800 438.302742
  0.088205 514.075672
  0.083343 451.248624
  0.087539 480.651707
  0.084178 450.960708
  0.089923 493.831887
  0.086575 416.254747
  0.085123 427.414589
  0.080432 522.094002
  0.089307 434.230098
  0.083636 500.405744
  0.078161 476.284002
  0.081732 399.524616
  0.090053 424.179895
  0.079520 496.896801
  0.076658 496.513380
  0.085841 363.485537
  0.084639 503.265012
  0.081404 493.288322
  0.081417 441.655359
  0.081687 460.549841
  0.080817 468.324226
  0.082283 419.121789
  0.088937 442.001752
  0.093336 434.314117
  0.083379 502.459179
  0.084287 500.520451
  0.082464 494.838359
  0.090930 480.935693
  0.096994 395.548209
  0.091412 420.014131
  0.076289 467.536463
  0.089319 499.653532
  0.085357 417.853679
  0.091052 468.416326
  0.086808 349.371214
  0.085953 416.475160
  0.081197 445.483422
  0.080487 519.348808
  0.090116 548.055875
  0.083206 520.758769
  0.085907 535.215215
  0.082108 472.341450
  0.085873 511.718033
  0.083566 473.126435
  0.085415 475.412335
  0.078991 446.473354
  0.083838 459.078142
  0.086211 567.582384
  0.085719 490.307451
