     nan 0.304738 0.180548 0.212893 0.181832 0.198446 0.186562 0.197261 0.197213 0.182568 0.205763 0.203509 0.208647 0.176489 0.190139 0.195499 0.184184
0.304738      nan 0.340620 0.253677 0.333519 0.352251 0.341647 0.357364 0.344408 0.346498 0.347025 0.365619 0.299576 0.308127 0.337279 0.279792 0.346313
0.180548 0.340620 0.165077 0.239679 0.191215 0.208534 0.202182 0.204931 0.203817 0.207268 0.213717 0.222242 0.217886 0.189771 0.195520 0.204111 0.207056
0.212893 0.253677 0.239679      nan 0.223509 0.235180 0.234696 0.234773 0.238879 0.222322 0.243739 0.222589 0.208333 0.171436 0.221373 0.154459 0.232000
0.181832 0.333519 0.191215 0.223509 0.165372 0.196912 0.186005 0.196710 0.193700 0.176981 0.203967 0.216372 0.209468 0.199118 0.197825 0.201239 0.183980
0.198446 0.352251 0.208534 0.235180 0.196912 0.140255 0.201035 0.199860 0.204499 0.191061 0.200654 0.230357 0.233660 0.209362 0.208126 0.203213 0.191855
0.186562 0.341647 0.202182 0.234696 0.186005 0.201035      nan 0.206044 0.200964 0.183823 0.212994 0.218121 0.217705 0.190177 0.162326 0.194758 0.191297
0.197261 0.357364 0.204931 0.234773 0.196710 0.199860 0.206044      nan 0.205747 0.182932 0.221967 0.228587 0.223512 0.199618 0.196117 0.206948 0.207054
0.197213 0.344408 0.203817 0.238879 0.193700 0.204499 0.200964 0.205747 0.189031 0.210443 0.197187 0.221314 0.227109 0.202368 0.209249 0.216568 0.210117
0.182568 0.346498 0.207268 0.222322 0.176981 0.191061 0.183823 0.182932 0.210443      nan 0.213053 0.201166 0.215042 0.195211 0.172659 0.206782 0.183419
0.205763 0.347025 0.213717 0.243739 0.203967 0.200654 0.212994 0.221967 0.197187 0.213053 0.224988 0.198009 0.226192 0.206402 0.218890 0.213731 0.205943
0.203509 0.365619 0.222242 0.222589 0.216372 0.230357 0.218121 0.228587 0.221314 0.201166 0.198009      nan 0.229818 0.221255 0.207938 0.205680 0.229959
0.208647 0.299576 0.217886 0.208333 0.209468 0.233660 0.217705 0.223512 0.227109 0.215042 0.226192 0.229818      nan 0.177339 0.218797 0.194110 0.225983
0.176489 0.308127 0.189771 0.171436 0.199118 0.209362 0.190177 0.199618 0.202368 0.195211 0.206402 0.221255 0.177339      nan 0.195035 0.156665 0.192854
0.190139 0.337279 0.195520 0.221373 0.197825 0.208126 0.162326 0.196117 0.209249 0.172659 0.218890 0.207938 0.218797 0.195035      nan 0.193610 0.183363
0.195499 0.279792 0.204111 0.154459 0.201239 0.203213 0.194758 0.206948 0.216568 0.206782 0.213731 0.205680 0.194110 0.156665 0.193610      nan 0.202016
0.184184 0.346313 0.207056 0.232000 0.183980 0.191855 0.191297 0.207054 0.210117 0.183419 0.205943 0.229959 0.225983 0.192854 0.183363 0.202016      nan
