0.162089 0.328755 0.186850 0.224061 0.189463 0.207903 0.190917 0.206433 0.200975 0.190341 0.202215 0.207179 0.219620 0.205263 0.194772 0.211066 0.197240
0.328755 0.176613 0.330127 0.284306 0.325839 0.334375 0.317488 0.328255 0.337725 0.320158 0.338356 0.348238 0.309636 0.280589 0.319946 0.280323 0.324405
0.186850 0.330127 0.166557 0.225433 0.189009 0.209439 0.192250 0.207841 0.204412 0.191712 0.205542 0.213060 0.220991 0.206634 0.196163 0.212437 0.198755
0.224061 0.284306 0.225433 0.153360 0.221146 0.229690 0.212795 0.223586 0.233032 0.215465 0.233663 0.243545 0.204394 0.173156 0.215258 0.167048 0.219716
0.189463 0.325839 0.189009 0.221146 0.167283 0.204062 0.187493 0.203122 0.197005 0.185703 0.198312 0.207641 0.216708 0.202348 0.191329 0.208151 0.193379
0.207903 0.334375 0.209439 0.229690 0.204062 0.157886 0.197120 0.200679 0.215039 0.198155 0.215500 0.226084 0.225299 0.210895 0.196977 0.216697 0.192161
0.190917 0.317488 0.192250 0.212795 0.187493 0.197120 0.174718 0.194885 0.199221 0.181207 0.199815 0.209947 0.208358 0.193996 0.182525 0.199799 0.186118
0.206433 0.328255 0.207841 0.223586 0.203122 0.200679 0.194885 0.159365 0.214704 0.197257 0.215278 0.225419 0.219290 0.204795 0.194286 0.210596 0.197361
0.200975 0.337725 0.204412 0.233032 0.197005 0.215039 0.199221 0.214704 0.197340 0.197154 0.202021 0.213110 0.228595 0.214234 0.202900 0.220037 0.204415
0.190341 0.320158 0.191712 0.215465 0.185703 0.198155 0.181207 0.197257 0.197154 0.173858 0.197723 0.208303 0.211029 0.196667 0.185263 0.202470 0.187335
0.202215 0.338356 0.205542 0.233663 0.198312 0.215500 0.199815 0.215278 0.202021 0.197723 0.197896 0.214592 0.229227 0.214865 0.203469 0.220668 0.204890
0.207179 0.348238 0.213060 0.243545 0.207641 0.226084 0.209947 0.225419 0.213110 0.208303 0.214592 0.191324 0.239107 0.224746 0.213671 0.230549 0.215455
0.219620 0.309636 0.220991 0.204394 0.216708 0.225299 0.208358 0.219290 0.228595 0.211029 0.229227 0.239107 0.186337 0.185479 0.210845 0.191283 0.215301
0.205263 0.280589 0.206634 0.173156 0.202348 0.210895 0.193996 0.204795 0.214234 0.196667 0.214865 0.224746 0.185479 0.146505 0.196461 0.160184 0.200919
0.194772 0.319946 0.196163 0.215258 0.191329 0.196977 0.182525 0.194286 0.202900 0.185263 0.203469 0.213671 0.210845 0.196461 0.172484 0.202264 0.185999
0.211066 0.280323 0.212437 0.167048 0.208151 0.216697 0.199799 0.210596 0.220037 0.202470 0.220668 0.230549 0.191283 0.160184 0.202264 0.144484 0.206722
0.197240 0.324405 0.198755 0.219716 0.193379 0.192161 0.186118 0.197361 0.204415 0.187335 0.204890 0.215455 0.215301 0.200919 0.185999 0.206722 0.170905
