104.487974  53.179381
 90.561837  51.926310
 91.624397  52.228422
107.112362  50.235977
 90.156972  52.091902
 95.552724  51.678697
 92.492667  50.455633
108.770433  54.213839
 97.704723  50.874754
107.702946  50.174616
102.865305  51.465070
103.465158  51.015299
100.508279  52.697646
105.683825  50.278073
109.051137  53.578108
 96.639503  51.935488
 97.584985  51.018457
 92.227307  50.937039
 95.351175  50.223460
100.367704  50.811285
104.698114  49.970519
106.055943  50.991397
 91.140684  50.996422
 93.353848  52.010991
 96.077864  49.977983
 91.313294  50.064713
 93.028877  51.857637
 89.257625  50.476698
107.412965  51.178767
100.763766  52.348852
107.598404  51.410043
 96.963085  52.127393
 97.245165  51.155394
110.293744  50.597652
 95.044067  52.397339
 95.181622  51.394721
108.069474  53.645517
 96.366394  50.476926
102.341166  51.102063
104.917679  52.656327
106.938674  51.557282
 93.788183  49.920028
103.629649  50.599950
 96.972668  50.189160
104.400531  53.868740
109.446781  50.525071
