52.015227 51.106538 51.603361 51.765693 51.573807 52.516477 50.998824 52.473479 50.855833 52.137515 52.813675 49.903531 51.117679 50.605537 51.129256 
50.106792 51.921424 51.571542 50.158893 51.445631 52.265196 50.257948 52.654874 51.091504 50.150090 52.212064 51.376852 52.323401 52.638138 
52.436425 52.194995 51.269476 53.901913 52.197794 51.959828 53.865366 52.346049 51.174293 51.528051 52.428640 52.948947 51.836508 50.555297 50.574292 50.554098 52.186964 49.968280 
51.123886 50.507912 49.916335 50.146277 50.029527 51.795122 51.369971 53.059937 50.105187 50.840049 52.226186 54.437247 50.522154 51.789947 51.051260 51.963182 50.006400 52.225765 50.926267 50.295499 52.502353 51.575971 
52.796794 52.052963 53.471551 53.245553 52.020924 50.958823 53.275545 50.941121 52.097630 51.181318 53.706364 49.957199 49.976962 53.042970 50.758866 50.622823 51.547012 
51.933922 50.355574 51.443924 50.711904 51.803735 49.992558 51.142565 52.436268 52.402908 51.821125 53.154638 52.797798 51.900065 52.788553 53.130543 
50.234169 51.237409 50.604513 50.490549 50.313857 50.408301 50.126055 52.247510 51.866169 50.535802 54.246371 53.106673 52.280906 50.026862 52.958543 54.251401 53.786202 53.137057 52.694373 52.371655 50.411440 51.271135 51.249053 50.486959 52.199784 53.645045 52.334903 51.270677 
52.646668 50.854683 51.709211 50.527778 51.610263 50.193809 50.439698 50.993794 50.218056 52.970194 50.523524 51.051756 50.495554 51.614982 50.946275 50.786636 53.148837 49.926914 50.578547 52.638309 50.446981 50.427518 51.418294 52.180998 52.523456 52.781473 50.125896 51.903903 53.627774 50.523741 54.184653 
51.055899 53.454024 52.433777 51.943310 51.841104 52.549596 53.967313 52.720176 50.000523 51.483418 50.993164 50.768215 50.083185 51.147435 52.484945 53.537077 49.995302 50.635244 52.180516 53.326876 52.341294 50.117755 54.012192 
51.721293 52.367494 51.188009 52.276386 50.773075 50.571483 50.771640 50.006430 53.464025 50.949189 51.349527 50.153456 51.525898 50.966379 50.757896 50.507971 52.254562 50.811057 53.250353 51.929652 50.069488 52.784573 50.801753 52.156436 50.569704 50.939351 50.774586 50.249026 50.340778 51.194688 50.930571 
51.716032 50.197548 53.646538 52.768699 52.325340 52.021397 53.786464 51.398897 53.449281 51.105917 51.199999 50.774924 50.600618 50.800979 52.696210 51.461390 52.241942 51.348493 50.579455 52.959760 51.083167 51.617851 51.107139 52.062850 52.827601 50.708319 51.311562 52.641780 52.550639 53.548692 49.965572 50.112834 52.753904 52.002367 52.543395 
49.907991 52.307568 52.880317 50.407711 53.992206 51.254634 52.221154 50.341244 51.680136 50.262086 
51.067429 49.927829 53.057058 50.051432 53.139045 52.353598 52.245627 52.363804 52.749159 53.214350 51.963726 50.707952 50.477073 50.289661 51.398359 51.991791 51.633244 50.135936 
50.871839 52.893619 50.525336 54.149732 51.769339 52.640498 52.450531 51.330692 53.655872 50.232272 51.824610 53.460982 51.931422 52.794122 51.050292 51.903981 51.826695 
51.925876 51.996573 51.243426 51.542347 50.271737 54.505633 51.469421 49.993763 50.373631 52.201323 53.407018 
52.215491 50.643139 51.221474 50.191385 51.533666 51.182829 50.077914 51.043998 50.776597 50.795859 52.309635 49.942714 
50.307384 51.153849 51.536803 53.023136 50.059290 53.456754 51.847376 
50.395635 50.827303 52.216852 51.059365 52.413609 51.614259 50.014320 53.015873 50.704012 50.938297 51.938978 50.210473 53.385093 
53.639689 50.758617 50.431537 53.478437 51.932754 51.013480 51.828907 50.550354 50.483666 50.497435 52.617818 51.648745 50.170608 51.080512 50.902525 52.155758 
51.888878 50.719724 52.380212 52.486380 50.368044 50.212605 53.603013 52.399084 52.369934 52.121674 51.091463 53.366281 52.769069 53.738332 50.685495 52.750405 50.521259 52.233122 
51.930519 52.146030 50.443661 52.860371 49.981736 51.041887 50.015802 50.166532 52.588101 51.790473 53.939262 51.950031 50.641498 
50.458714 53.520699 52.189888 53.318467 53.851062 52.239821 53.047636 52.053646 53.087488 50.319029 49.917729 51.633671 53.648213 53.063836 50.468495 51.968933 53.279464 53.141717 
53.374199 50.280368 52.393417 53.779534 51.948430 52.458278 50.096154 53.630372 51.117669 50.078437 51.246904 50.485539 50.249822 51.003411 52.808772 52.243477 49.953775 50.491844 50.903913 50.677405 49.937045 52.318012 52.087448 51.684350 53.659195 52.842807 51.539766 53.300462 49.940678 50.529396 52.055324 
52.474128 51.200807 53.794235 50.042547 50.707524 52.245897 50.419025 51.276336 52.463194 49.930998 51.554408 49.988798 53.833000 52.712218 51.721387 51.854534 53.874295 50.500816 53.197001 52.075318 49.953647 52.800058 53.557358 51.123308 53.310228 50.375981 50.737671 51.012148 49.949570 
50.754398 52.427996 54.078435 50.564559 50.327770 50.768352 53.695878 52.211457 51.856490 51.169499 49.944717 52.102131 50.065564 51.962490 53.037222 50.288098 53.365897 52.733054 51.324019 53.486123 53.134535 53.497415 52.485642 51.777126 
52.905767 50.723565 51.522619 50.627296 51.188253 51.136986 50.220513 51.500801 50.585579 52.317088 51.350491 53.020542 50.005442 51.162529 53.777612 
51.813381 53.545573 52.667481 52.729386 50.064585 51.270318 51.553047 50.100843 51.112287 51.945915 50.846767 50.103931 51.048996 52.864208 53.184942 52.193429 51.453012 51.936147 50.506885 53.518865 51.135734 51.607870 51.953413 50.890231 51.578854 50.002205 
51.979695 50.427277 50.429986 51.582197 51.139866 52.132970 52.414715 50.163104 52.701827 51.782143 53.290192 52.152998 51.571910 50.748840 52.975048 50.913619 50.918412 50.269515 50.697362 51.695246 50.033326 53.878293 50.291863 53.499069 52.788954 51.298240 50.373483 50.831612 50.222206 53.789599 53.239069 52.536058 53.946704 
52.302456 53.430393 50.529432 51.117977 51.023549 51.673075 50.825885 50.664561 53.439496 52.859197 51.735913 52.269299 52.390855 51.324261 51.217975 50.861559 51.824692 52.731694 51.613819 51.058625 51.769519 51.212120 
52.093877 51.568741 50.839980 53.194211 52.714175 51.874143 50.943383 50.625667 51.075681 53.214199 53.130854 53.118208 53.513277 53.072071 50.253119 53.576074 52.143267 52.201576 50.937648 50.402081 51.190495 52.782840 50.245516 53.960876 50.689644 49.940111 50.179119 51.877273 52.064011 51.899547 53.122217 51.899523 51.513930 50.776193 52.595041 50.770127 53.203276 50.272117 50.235638 51.336387 50.898435 52.124864 52.006141 51.229123 51.271622 50.321016 53.355595 52.450252 52.195724 51.848656 52.074936 51.590014 53.037987 52.877695 
50.768263 52.924504 50.507620 49.933266 52.067197 50.825178 53.744017 52.777977 49.979261 50.345831 51.051599 52.392503 49.902672 50.936943 52.218810 50.568148 50.246962 51.774428 53.623459 51.430221 51.497245 52.144004 52.804439 52.074758 51.347832 
51.404946 51.853484 51.086820 50.752938 53.832604 50.733323 50.364501 54.172106 53.054827 52.114274 52.667044 51.349804 
50.479293 51.013183 50.719738 52.802794 50.940967 53.376862 51.539387 52.357620 52.739576 49.942737 51.891160 52.720009 50.901447 50.675097 
51.577293 52.856723 53.834705 50.555889 51.403034 50.365865 51.646102 51.874107 51.236841 53.057773 54.188011 50.928951 51.594904 51.848429 53.380694 52.453842 51.728700 51.812197 52.819632 51.928690 50.674047 50.048990 52.370215 50.505017 51.814172 51.536019 50.051168 51.622730 51.387219 52.147282 50.335265 
51.974022 53.093288 53.596761 51.111136 50.581659 49.951164 50.936514 52.653767 53.223141 50.128409 54.135983 49.967114 50.951297 50.595665 50.184116 52.027243 50.704093 
53.012274 49.919464 51.515639 52.056021 51.351954 50.727954 52.451042 52.331177 51.146755 51.641829 51.101708 51.787947 51.281692 52.126553 49.950547 50.278283 52.268265 50.811099 50.078794 52.450325 49.942338 53.041304 
50.053292 53.247212 50.586391 52.338106 52.269778 52.806617 52.583585 50.148430 51.001096 51.805342 50.098903 50.351494 51.386442 51.784365 50.453269 51.114186 50.920269 52.991708 52.118898 52.245434 50.106414 52.723220 50.263530 50.075177 53.467479 51.327296 52.108048 
52.013367 53.696147 53.077096 52.322089 51.958372 52.623312 50.845785 50.278873 51.509188 51.946989 52.608916 51.772614 
51.041285 50.565185 50.065805 51.715911 51.005512 52.586617 50.839222 49.952334 51.999787 51.858469 50.098304 51.875980 52.134167 52.122823 50.656527 51.168905 51.318506 52.216594 51.467780 50.364490 54.042602 
53.210185 50.825006 50.635901 53.894791 49.955525 51.788599 52.509325 51.631233 50.349649 50.323534 
51.787224 53.467474 51.643010 51.726251 53.556168 51.907744 51.835702 50.449717 50.469111 50.110967 54.054379 51.369190 51.090078 54.103753 51.589529 50.096136 51.549005 50.093443 52.832947 50.993751 52.728515 53.233592 50.586667 52.441680 
50.441685 51.917650 50.950524 50.177672 53.087680 53.081403 52.673452 51.668940 51.053057 52.535619 50.100788 50.713737 53.331026 50.838418 53.969917 51.165911 53.330906 51.702550 
50.318244 49.948178 53.202503 50.883321 51.844513 52.715923 51.172637 50.810317 51.780100 53.831428 50.907297 52.583463 51.065127 50.796730 53.244046 51.729314 52.775589 50.525127 
50.576867 52.973376 52.268936 50.297755 50.847295 52.657224 52.355674 51.276745 50.820976 50.138810 51.497823 50.653738 51.545960 52.276158 51.863218 49.998217 50.002104 53.583859 50.481892 53.224804 53.070839 51.100456 53.843332 53.832005 51.276599 52.195628 52.218023 52.457693 51.888970 51.032871 52.519479 51.363026 51.499294 51.647983 53.306741 51.104672 52.454484 
50.850232 49.901801 50.252208 53.552791 49.903861 50.046491 50.659114 51.722749 50.275730 52.301635 52.310484 51.463940 51.375771 52.080484 51.032221 51.584755 53.405399 50.770240 50.038023 52.827664 49.999857 52.601395 52.786813 52.531803 50.481529 52.885458 51.907673 52.678703 
49.967162 52.810064 49.967941 52.260406 52.610403 50.544953 51.887518 49.985514 52.933664 53.817432 51.709117 52.417283 52.965104 54.044590 52.882164 
52.195408 51.820819 51.212802 50.476661 51.163164 50.094795 50.896341 50.286718 50.132146 51.885472 51.709848 50.169684 51.243505 
52.250112 50.753667 50.147420 51.680160 49.929908 52.194784 50.303147 54.218314 50.127220 52.099748 52.532052 51.257917 52.158184 51.979606 52.260416 51.014684 52.274317 53.629490 52.483833 51.647045 52.668327 54.358581 53.173830 
50.466711 50.140326 51.997131 50.408169 52.515727 51.489398 53.163600 50.332059 54.185000 49.996669 51.210293 53.465835 52.731263 
53.033198 52.726679 50.569757 51.361690 50.109696 52.365377 50.816871 52.969258 50.790769 51.396462 50.467565 53.273434 51.428664 52.140321 51.993117 
52.733219 52.762535 50.777223 51.310005 51.042071 51.649574 52.033392 52.458955 51.938852 53.851247 52.324294 49.939705 53.784964 
50.806320 50.619607 50.652029 51.493587 52.602803 50.989906 50.934719 50.897258 50.353306 51.643753 52.075613 53.128223 52.166058 52.796731 51.165940 53.449668 51.181690 
50.835409 52.010337 50.594719 51.258853 52.916210 53.781849 52.321600 51.875096 50.870234 50.921842 51.711115 51.518540 50.869146 52.499950 52.520328 51.769253 50.245454 54.103234 54.268835 50.085401 51.638339 
51.214329 51.577680 51.212979 53.892854 52.722609 51.054776 52.240325 53.190330 51.623699 51.899988 52.246535 52.146356 54.000543 51.635100 52.771319 51.260544 52.762073 50.152693 
50.479597 53.105990 50.440837 53.923180 52.236656 52.254628 53.262422 53.303197 50.427121 53.184021 52.083044 53.278457 52.911988 50.587439 52.361566 53.374853 52.198109 51.439888 50.431214 50.009156 52.177433 50.458043 53.825681 50.622261 51.360239 51.631794 50.190962 52.505796 51.444156 53.747399 52.496800 51.695450 
52.867507 50.662430 51.555754 52.058904 51.028775 51.770343 50.837257 51.201706 53.676063 50.024867 51.269847 
53.034510 51.031520 50.718848 52.545270 52.243417 51.150943 50.191827 51.018859 49.998357 53.407886 50.096523 50.281830 50.363008 54.160398 50.493024 51.429579 50.135581 52.628942 
51.503201 50.564035 52.805814 50.870967 50.959272 52.853207 51.277278 51.478282 54.193467 51.703112 51.243068 54.304153 50.428232 54.036546 
52.809410 50.652154 52.912178 52.018152 50.643277 50.982171 51.139650 51.602786 50.435686 52.650733 51.639460 50.362135 52.267608 51.355848 51.317973 52.656282 51.726072 51.794368 50.153299 50.644537 50.051913 49.970787 50.439032 49.933954 51.749265 51.449756 50.213828 49.902677 53.327145 51.547730 50.129582 51.523402 
52.222449 51.441705 50.910934 52.990931 50.018048 52.201210 53.113329 51.823894 52.117814 50.789513 49.955775 50.338776 51.666076 51.527307 52.135675 52.350525 51.628742 51.412259 51.403215 
50.155299 53.225111 52.564468 52.479431 50.038589 52.128470 50.056849 52.973848 52.604239 53.875069 51.448152 
50.441068 51.607840 51.084525 51.267329 52.018151 51.526135 53.353946 50.884914 50.529583 51.163299 50.510447 53.401464 54.174694 
52.646657 51.522408 52.179957 50.974349 52.543143 50.016281 52.526510 51.462918 51.322175 50.171282 52.679135 51.037617 50.762226 50.108805 51.298422 51.647659 49.965283 
50.715973 52.392063 52.476686 53.669080 51.623483 51.666142 53.427553 51.229612 50.244802 50.756211 50.182144 51.565738 51.580923 53.241371 53.195174 51.393391 49.912521 50.832449 52.111843 
51.540981 50.784101 51.034110 53.041504 51.257945 53.015563 50.793615 50.698359 50.890595 52.007035 51.024372 52.507725 51.711011 52.057196 53.160912 52.334928 54.036490 
52.821186 51.172863 51.753342 53.956688 50.081214 51.702353 51.400160 50.420228 51.013240 50.151298 50.628429 
52.296267 53.136509 50.821935 51.081561 53.271764 51.534939 52.097646 51.540661 50.732094 52.414441 53.828548 51.288405 50.422432 50.004132 50.751825 52.094729 51.382088 52.168232 
53.215192 50.145558 49.961343 52.396938 51.277166 50.554723 53.213177 50.351321 50.528904 51.253219 52.926673 54.101433 49.953290 53.082991 51.240318 50.756397 53.750608 50.750687 52.384863 52.933045 51.751520 51.509603 53.987522 
52.424289 51.494026 52.066966 51.999120 53.454825 52.968346 50.957272 51.762996 52.368123 51.454586 50.135057 52.339254 51.190716 53.175701 52.653119 51.646977 50.977560 53.792832 52.994554 53.241238 50.924798 52.147922 52.680732 50.534502 50.765944 50.766388 50.620739 50.748020 53.545194 52.856722 51.767793 53.016728 51.659419 51.809598 50.609892 49.993824 51.487353 
51.183760 50.634659 50.344161 50.560932 51.969240 52.254382 51.442570 50.063425 52.825543 53.352421 53.085578 53.290525 50.521123 53.311438 51.435172 51.664791 50.064666 52.578861 51.017347 51.306603 
51.278522 51.905500 53.095403 51.016422 50.237666 51.996770 50.514297 50.938619 51.914924 51.198994 52.099637 51.103734 51.574640 52.407485 52.018228 50.142924 50.933125 51.399008 50.990649 51.306155 50.501105 50.311205 52.002217 
50.135592 51.303980 50.857757 52.490597 53.983736 52.895746 49.912164 52.802675 50.289290 50.982704 52.929916 50.359272 53.321710 50.732272 51.470645 
50.385554 52.818106 52.026806 51.080472 52.504999 52.752816 50.172376 50.664121 51.710501 51.092132 51.387298 52.163207 49.957094 51.493721 53.149022 50.056214 53.014851 53.531411 50.507983 50.651611 
51.583333 51.424501 53.448814 51.306204 53.619880 52.921552 53.227199 49.929624 52.656296 50.083369 52.785526 50.142197 52.220052 51.539464 51.306231 51.080284 53.025095 49.923190 52.527017 52.218568 52.871182 50.869277 51.266265 
53.482769 52.391504 50.326281 51.237078 53.055666 52.117167 52.932693 50.645497 51.368334 52.520415 50.767582 52.572989 52.516058 54.111999 51.886409 51.509165 53.427686 50.329367 53.332266 
52.071911 53.132435 51.513516 50.819632 51.725962 50.910354 51.126551 50.742964 50.166756 51.035127 50.574628 52.945360 53.963802 51.538980 51.483795 50.856999 51.491241 50.709842 52.493226 50.748950 
52.561317 53.213623 50.396407 52.289730 53.299725 50.996962 53.291626 51.265615 51.687652 52.659569 51.825619 52.946505 50.597400 51.554208 52.061866 50.579682 50.933106 51.045767 53.453687 51.417765 53.507327 52.878664 49.967542 51.469034 51.649866 53.653639 54.384581 52.727072 50.296866 
50.473301 51.738184 52.753271 52.172572 51.665012 50.645688 53.293764 52.208426 51.012761 50.733262 50.294914 52.041190 50.399924 51.022459 53.912110 51.252463 52.962724 51.006331 52.274336 52.489668 51.442221 50.261427 52.013735 51.841238 52.796868 50.143964 50.981219 
51.337788 50.871110 53.362434 51.861296 50.185698 51.615481 51.153759 51.500250 51.435021 50.089443 53.820475 52.860307 52.349938 50.326604 50.391512 52.636071 50.965655 
50.425518 50.970905 51.554587 50.050170 52.348320 49.900697 51.636078 50.339441 51.963387 53.975595 51.397998 50.671817 51.800802 50.043461 51.390365 53.200178 
51.147979 51.477637 51.147962 53.959742 52.075801 52.031761 52.301311 50.942730 52.992526 52.001900 50.612745 50.234232 52.679557 52.268502 51.998203 50.952441 52.351787 51.703131 50.360344 51.239714 52.577019 51.937137 51.983348 51.009688 51.405533 50.182189 52.622816 
52.587891 52.664797 51.872663 50.194893 50.759309 52.644418 50.713160 51.627952 52.969432 51.557250 51.883223 50.262046 51.710767 50.735616 51.525252 51.230105 50.618946 50.960012 52.717576 
50.159786 50.217422 53.133786 54.029431 50.174695 50.026458 52.116027 50.212626 51.581845 50.955719 
50.538004 53.612700 50.448777 53.702279 53.481858 50.248191 53.975578 50.135194 51.546865 50.134101 52.808289 52.472539 49.979551 52.742909 52.781534 50.662978 52.422931 52.699785 53.279545 51.333163 51.500804 51.731993 52.778782 50.180544 52.553181 51.568235 51.738686 50.600980 53.487135 53.986944 49.900704 50.276788 52.027805 53.638161 51.927637 50.775715 52.012501 51.933702 50.888222 52.037043 53.528057 52.444908 52.403281 
51.816575 51.471977 52.903444 49.931920 50.858397 53.740070 53.609347 51.104143 50.803866 52.227515 50.805759 51.178127 52.831208 
52.029660 50.512408 52.445548 52.396886 50.607063 50.785651 52.331077 50.387663 53.036289 50.005019 51.407713 51.972529 49.921865 50.564574 52.755821 50.291288 50.538246 50.736702 53.047190 51.684515 51.591227 51.869472 52.591884 50.282899 50.693950 
50.200953 51.024214 52.310926 52.250355 50.553608 50.273528 52.065556 50.991294 51.451158 52.895862 51.724647 53.745584 52.197276 53.276576 51.642402 50.111060 51.333517 51.022705 50.900866 54.167695 50.459959 51.630316 50.816544 53.586134 50.832946 53.823520 
51.136670 52.977640 50.925585 51.906879 51.429565 51.603986 50.326927 52.144237 53.789088 50.797089 49.904602 51.291394 50.899406 52.783362 51.161580 51.889648 50.815440 50.265878 52.103318 51.650078 52.362827 52.706798 50.048784 53.203138 50.295590 
51.286589 53.378418 51.922675 53.555776 53.893277 52.977788 51.588028 51.807533 51.066467 50.159586 50.395619 50.501637 53.039971 51.797266 50.913545 52.730659 51.670648 51.628586 51.065774 50.868698 52.072501 51.279004 
50.556108 51.490861 50.972117 51.671723 51.220351 50.736521 52.356280 52.424729 50.215708 52.596827 49.933598 52.936385 50.964177 52.053422 51.624909 52.481981 50.149853 50.008655 50.495603 52.267071 
51.989586 49.972020 50.782464 50.224168 52.836921 53.402139 51.776576 50.542496 50.668636 50.768509 
52.267235 53.203396 52.803885 52.507682 53.372095 53.168021 51.576187 52.254940 52.825603 51.226964 51.718024 50.585179 51.947986 50.752504 52.715874 50.372178 52.570805 52.457729 51.890092 50.216918 50.653476 52.091626 52.480215 50.438119 50.111011 52.242447 
53.430267 52.028499 53.539054 51.614502 53.944231 50.703124 52.793220 52.593441 51.775677 51.330543 50.622807 50.196729 52.110679 52.576388 51.721964 53.750923 53.234545 51.364655 51.345133 52.514124 50.873069 
53.117789 53.565622 49.902069 53.278999 51.562317 50.166393 51.804407 52.628713 52.199765 
50.306309 51.522558 51.419413 50.821899 50.850602 53.670960 51.422384 50.834698 50.735773 52.235809 52.406243 50.112159 
54.047156 50.938562 51.746670 53.101841 51.084267 51.311869 50.596667 51.617138 50.110955 52.486867 52.902519 50.614505 50.097373 53.119066 50.682077 53.857814 51.511635 50.762003 52.988789 50.853946 50.547223 51.064065 51.045658 50.464066 
52.413296 52.399997 51.503966 52.262525 51.806528 50.043599 52.843759 52.792600 51.675877 51.503490 50.784853 50.707645 50.650268 51.807314 50.754649 50.181633 51.929028 53.086457 
51.331849 50.395350 52.060726 51.515632 52.880710 51.477260 49.952413 51.290702 53.270490 51.012322 53.070469 52.647281 53.035517 50.719322 52.703880 
52.066873 52.590675 51.865138 53.268624 50.616014 52.373059 49.990421 53.687933 52.306788 52.187137 53.388096 50.043827 53.078644 51.053775 52.647754 51.892904 52.531995 50.608289 52.027504 50.569843 53.287187 52.723210 50.498924 52.532121 50.541945 54.030009 50.253878 
52.360385 50.316646 53.628320 52.643073 51.237000 51.752543 51.423940 50.077327 53.927387 54.055332 51.256316 53.583024 51.846027 50.308455 52.812999 51.600007 50.166822 52.799592 51.291620 52.427092 53.477169 52.005617 
