91.305560 92.355955 101.715604 89.022272 90.372027 105.145880 104.781742 97.167906 101.131162 98.102902 100.995919 99.816335 89.552055 106.711085 93.554836 
109.812055 104.261813 109.815994 90.483687 95.027556 96.952004 102.389210 96.154507 100.591662 96.793809 95.420605 101.730495 95.780893 105.819059 
98.262454 94.021379 109.022116 108.242876 106.928542 103.854298 107.588586 110.388838 106.687478 107.839171 97.599878 97.282356 101.350788 91.366341 94.002317 105.100263 92.958827 98.798809 
105.778261 96.037809 108.249927 109.675829 90.401389 106.635299 99.961823 105.769910 93.660708 110.123559 108.912161 109.145347 102.400154 88.903596 101.689611 99.624479 106.458631 106.515153 97.300831 91.538643 95.824091 92.078446 
108.414445 89.957288 101.457102 110.087076 106.272174 104.472232 109.196904 104.763558 91.776730 100.496413 103.683744 92.689432 101.615702 102.362788 108.108920 98.914763 102.732363 
92.949542 109.880363 107.914915 98.139808 108.368868 90.313145 95.016352 98.177712 103.908054 94.240752 106.975795 103.515681 99.067260 97.887132 106.400902 
93.577889 93.952508 102.031451 101.758288 99.584629 100.737285 96.178046 98.309223 99.255299 98.070086 107.751793 104.423180 99.824782 96.978671 99.216934 109.064745 105.385300 110.265795 103.564882 94.954416 108.992122 98.117663 91.344398 100.561987 91.694325 105.462361 109.302284 105.530756 
104.503735 91.672186 101.093010 105.287697 110.067309 96.393389 100.006363 104.137896 95.674801 97.467584 99.590687 91.946724 99.533300 93.394368 98.005776 99.491310 107.730934 93.630867 107.443931 104.427582 101.211429 107.389801 99.242685 103.033974 98.770432 102.213979 95.640554 91.997420 107.839319 90.169977 108.979453 
96.879694 103.591214 104.398923 109.652747 98.757171 102.190671 107.394908 107.025987 101.277549 108.670789 107.642397 98.371770 92.921750 93.471861 98.134293 104.569523 101.118734 102.254069 109.462374 108.784564 108.318463 97.643393 109.476366 
99.122165 99.679086 90.926930 106.552176 92.982170 91.693022 97.302005 96.259122 108.048156 98.646142 90.602622 108.597294 97.394933 91.807164 102.388383 110.151166 98.236338 99.633455 104.347600 103.548271 108.754014 101.768702 109.912864 105.927008 106.032019 92.873167 96.983053 107.821858 91.650664 107.848047 109.129349 
105.426989 98.241446 109.886362 107.055588 106.684412 110.278546 107.946253 98.258223 106.838552 95.261017 106.288309 109.522123 95.914805 88.864345 110.164101 89.136226 109.865564 94.201005 104.142902 101.617200 104.551702 98.179433 106.447925 96.605478 107.128445 110.322227 93.224560 109.721548 102.168300 108.238206 100.307030 89.226910 109.391533 90.041416 103.518253 
97.079602 108.074573 109.711384 97.115398 107.491662 100.018632 90.997435 101.079607 105.089066 96.302453 
105.102202 93.485432 110.291496 97.370150 104.720977 102.626757 103.744260 94.083177 109.586129 103.213438 109.949387 90.593946 91.015675 101.985682 97.818252 94.982316 92.240171 110.406908 
104.116905 98.271153 91.975176 108.144077 100.149935 100.779242 103.914311 100.318646 108.177220 97.958657 107.590550 101.251455 99.377678 103.736270 98.871041 108.561403 99.952179 
99.325679 108.493594 103.847413 89.921143 101.753720 109.994760 97.524522 103.036675 108.427520 98.805544 109.245771 
99.007984 90.516735 98.133265 91.598168 106.945399 92.954989 94.961963 106.694040 105.783761 91.413024 99.676848 94.988263 
106.165575 104.634556 98.805166 109.504888 102.185932 105.646795 89.069484 
94.306955 105.088430 106.316635 100.916695 106.626712 97.613332 108.803852 100.553701 96.653843 99.497061 101.360677 107.824868 106.112435 
108.063563 98.917051 98.357158 102.683105 101.146372 96.929010 92.205100 96.822488 89.337247 93.138877 110.317666 106.280690 110.081308 93.979339 105.125266 99.089460 
97.900405 106.503553 98.285015 101.408394 109.473148 110.198494 107.896071 98.409609 102.777879 97.970783 102.681580 106.163680 105.666239 107.114872 92.354350 95.074350 103.699289 97.938770 
109.270034 97.908620 89.422179 101.707227 93.354563 89.911389 89.833012 109.262707 97.404927 107.211946 106.552148 103.802217 99.422072 
102.497376 107.912509 102.782085 102.341662 110.051653 100.214159 110.004937 107.104107 106.423931 92.684776 90.306266 108.389174 107.462677 108.240596 105.744862 107.118175 110.268765 101.687217 
101.427203 110.203500 101.063782 108.497116 110.064299 95.288577 95.057061 107.032655 99.613803 93.190671 102.845575 98.375129 90.697194 90.783216 106.776946 93.460234 92.875976 99.245086 110.383219 104.489130 100.230351 103.201689 94.501397 105.397781 103.271671 106.471570 107.822823 100.424826 92.377072 98.498792 109.757935 
94.091243 101.276055 106.885216 89.475235 94.193985 101.951291 106.696667 102.083480 105.210426 92.427399 110.491318 98.838741 109.712597 100.508845 100.339339 107.867629 107.133862 92.833555 99.512988 93.390350 91.099818 106.171470 103.440711 107.849000 110.489796 106.020744 105.842741 101.595584 96.383186 
99.145739 103.374000 106.319085 95.283918 88.871138 95.499498 107.717357 95.569858 95.793652 108.034359 93.081692 99.539245 107.169999 109.602170 100.717012 102.346853 106.028918 100.494079 104.174800 105.463042 102.768607 107.328354 107.696561 99.125386 
107.532276 97.496592 107.929406 93.471480 98.033889 97.708397 90.976374 91.558978 96.144294 93.894626 95.109796 108.157374 98.531557 97.644638 109.744869 
94.386048 108.254036 106.303135 99.377943 93.487280 102.820728 95.935057 107.124487 108.531934 100.565344 102.727576 100.688264 99.455883 104.687406 108.628521 99.922888 101.981517 94.393264 89.538250 106.841716 99.739530 90.735955 108.240316 97.202812 99.341267 107.838341 
94.009293 99.331355 95.934255 97.480592 109.841573 90.864622 106.403074 97.049813 110.229418 103.378338 108.792993 99.797774 89.937887 102.893156 97.033145 97.512206 105.679924 98.432325 97.860032 96.830856 92.092853 109.332566 89.422684 102.697139 102.429792 104.118255 107.755496 93.302087 105.821452 110.306389 106.207533 107.036152 105.610966 
99.040214 103.957605 91.761773 103.299303 108.228515 99.651382 101.484722 101.142497 107.544448 101.828714 92.674580 101.316242 109.973095 102.404287 102.777463 94.569553 93.258876 102.803744 100.129831 105.870268 94.292025 91.292217 
104.758081 99.146197 109.453031 99.864946 107.651366 107.026234 97.774904 98.831912 97.113624 104.156655 107.223564 99.527224 101.634144 104.971454 89.117927 104.162562 106.657150 108.392043 91.245291 95.706035 92.157484 100.278931 89.539443 107.442727 96.025004 98.193152 91.103118 100.258638 94.615633 100.105638 108.563683 108.435333 93.848501 95.181308 106.500269 109.085639 99.985163 110.488650 109.036054 106.688319 97.139974 92.148381 110.388509 108.895881 96.380430 95.921889 107.604360 95.193844 102.066907 109.106470 100.937452 106.166887 100.115296 104.612596 
91.269543 98.082004 109.908608 106.507176 101.506041 89.091798 106.582896 100.014035 105.612185 103.289259 109.560581 95.571485 109.114861 92.923662 109.570613 88.891026 109.500720 101.855324 102.508506 91.027384 104.888241 90.177186 98.668488 104.154904 102.774958 
108.415949 104.067769 100.006248 106.304754 109.702302 92.216442 94.992745 109.978271 98.554496 107.310631 100.694273 89.563067 
104.152964 106.276059 89.728376 97.368500 100.875009 109.043706 96.400098 108.429291 96.910290 102.348684 103.156222 99.953365 89.203058 110.483642 
98.087077 108.805183 110.472232 103.326951 105.511464 101.349456 105.206439 106.679321 97.800222 101.888436 109.272478 93.495958 106.362030 90.002269 109.276181 107.502100 107.352117 99.122512 105.623523 106.519948 106.579142 98.882405 100.856347 95.513099 100.651495 91.898604 99.632565 106.479482 91.681916 107.338236 105.964600 
94.183767 103.714971 108.123955 89.641758 90.138454 108.309859 96.481402 106.515978 110.160665 90.914201 106.891137 103.094624 101.652464 89.748933 100.792156 106.364994 89.623576 
104.815004 107.427897 109.356485 90.480422 93.666935 107.927724 92.925694 95.320008 97.910911 91.724191 110.326758 98.212980 97.556029 101.880121 102.696224 90.207692 97.314918 89.449601 92.160035 95.246351 107.392231 103.669259 
99.837906 105.373771 90.284937 100.412455 103.898940 98.647761 100.333251 99.921669 104.309792 106.609027 96.495496 101.748234 101.205075 99.882057 100.503944 100.764521 95.465159 103.993902 92.192549 97.267175 94.061956 106.352693 109.018062 93.970738 109.362725 104.554322 105.051181 
90.805871 109.995505 98.259037 99.254818 108.287902 96.963399 106.418449 102.489755 107.080178 97.004358 97.056846 90.906946 
94.722396 95.853993 107.705230 103.465848 89.612913 100.268203 92.288641 90.608212 104.685332 101.212218 94.220743 110.068041 107.104445 101.127419 95.927534 98.953467 95.795541 99.090198 103.593547 91.705716 107.999547 
108.428823 105.304209 103.901516 108.664873 91.749320 93.592483 97.990973 97.352953 89.277694 101.005374 
104.303278 107.654905 94.989577 98.781301 110.079866 95.982797 103.681839 96.359698 97.854106 110.184162 109.927972 102.359418 109.256504 107.529053 110.066623 103.168008 99.714261 102.818702 98.995158 97.389001 103.743409 99.935950 90.346932 103.857930 
89.612201 98.447438 96.704973 103.230986 99.219950 101.367156 95.153547 91.983633 102.909056 96.016987 97.392164 99.019858 102.948613 101.927495 107.653380 107.255030 103.733644 109.251460 
102.126644 95.925723 105.397446 105.626740 94.114412 99.504864 89.681701 101.867807 91.126694 104.412921 93.987587 97.999105 102.962536 101.265237 107.898933 107.836901 100.897312 97.429282 
89.497022 100.883863 92.722185 109.198591 98.379501 105.778808 102.567457 102.091676 99.380408 105.950122 104.515892 98.503922 92.050047 96.159641 107.589650 104.247486 106.106198 109.627217 94.590863 107.508471 103.398232 108.471788 106.892930 108.694634 106.112207 97.584268 92.334618 101.944515 97.891078 98.716666 98.442397 91.939852 100.811794 96.576411 104.566770 91.304099 97.408422 
91.831499 101.266451 108.838376 105.831397 95.913462 90.396755 98.463115 100.136282 107.430782 101.827091 99.960867 90.295116 91.252925 110.423713 100.561621 101.900932 103.270891 110.466761 99.036091 105.616646 101.665049 108.431154 100.261407 101.355106 104.671751 97.505244 108.292348 105.170235 
99.827436 106.642395 105.844240 107.203151 104.490421 97.422487 93.682770 110.131512 107.206953 106.723154 109.009856 94.086231 109.552532 107.979782 109.565335 
101.903676 94.168586 99.200127 106.502134 110.099086 98.620671 94.198613 91.836362 107.766452 99.937412 95.607144 90.622291 99.391639 
108.285465 97.267583 109.450131 93.653322 95.840894 104.041134 98.757452 107.606571 104.925862 98.328307 93.445688 102.987251 97.656094 89.771468 91.532603 95.938019 110.119058 105.519114 96.641522 100.229625 107.676519 109.285043 104.393741 
110.430409 106.869765 108.494799 103.479253 106.149040 99.690126 105.532492 105.341568 109.939224 95.405226 104.986631 108.586568 97.304172 
101.098742 96.490222 102.981948 98.672750 95.608827 95.279445 89.992572 104.919336 99.236704 94.050397 94.472745 107.547167 97.115241 101.436013 91.633546 
99.961124 103.787693 99.842149 110.111798 102.812536 103.239252 99.622151 104.535579 90.604087 104.704660 98.212426 91.831837 106.088658 
99.263990 106.965199 92.914830 106.154186 100.969042 107.016012 91.718861 103.173466 104.917227 106.406743 94.915395 99.484852 92.593343 109.977609 95.461210 102.201925 103.767650 
105.589632 94.795262 109.800458 89.266269 108.617814 103.729023 97.140920 94.910727 98.599924 101.501173 93.716267 104.562762 90.878464 94.058090 99.395349 106.956465 109.385179 109.762028 109.674766 94.741759 94.854130 
99.265815 98.587485 102.657570 109.519205 95.925963 94.932040 105.504582 106.311888 95.266015 91.592362 108.312584 95.651180 108.687269 109.964744 96.348606 96.322808 96.340126 103.257576 
108.081719 99.957085 91.019812 109.321036 108.030112 103.955724 106.994769 103.971456 102.604746 99.614135 91.103971 104.016280 106.574716 108.824289 95.698383 105.515093 92.291063 97.838149 103.193182 89.462680 93.278683 100.245781 104.543641 104.982464 108.409912 91.358036 92.408558 95.385677 103.537792 109.294392 108.001187 95.130380 
98.611804 92.319916 104.205682 106.028851 104.976009 102.194194 93.912656 108.293409 108.125909 94.197773 93.557217 
105.006619 97.636153 106.926632 96.262917 109.898530 101.788440 103.886273 106.272485 94.564825 106.866475 100.297187 93.941911 107.656912 109.885542 94.616010 103.328711 97.201113 103.347676 
103.200933 94.710740 101.565337 92.625272 101.909474 98.363270 102.851585 91.756024 107.250363 92.292829 108.241944 109.990523 90.156217 105.884694 
100.484645 109.441671 100.325878 102.131994 108.024060 109.933808 108.272881 102.639725 92.391297 107.587789 95.530245 99.352252 102.120053 95.022042 104.364018 101.934390 94.684261 90.884069 97.173109 104.952419 106.588510 92.466955 109.459584 98.783789 100.883651 92.214730 98.632864 100.379653 107.595723 91.951559 98.999364 95.057540 
109.227814 90.597479 107.201209 99.415281 105.721069 104.658211 108.055454 110.234707 92.405403 98.132973 91.621503 104.050870 109.501642 91.633732 92.411781 98.247920 110.022588 105.418296 100.098578 
90.787072 99.052667 99.929246 101.124636 99.520783 91.367332 94.458582 103.941032 109.405633 105.798833 90.072845 
98.091567 97.926384 107.798928 99.205866 89.885119 97.737437 103.805116 98.230514 98.698901 97.494696 89.846823 103.797468 107.592964 
95.220959 107.729589 108.897208 102.781332 100.226050 106.321565 93.909225 96.526127 102.364768 96.226209 108.870937 103.309942 94.213963 90.429288 101.932876 97.301970 96.287240 
94.967357 107.216475 106.749860 105.596495 96.183423 89.426139 103.998489 107.100551 94.529109 110.410655 103.010201 99.115977 104.765729 107.433288 109.674266 98.913189 92.719606 95.006673 90.045502 
89.593811 101.320083 109.035427 99.530023 95.902853 102.955991 88.922449 94.818151 99.261591 102.057635 91.814246 101.539220 95.582298 100.527845 106.564910 108.315000 107.473284 
96.117578 90.232061 99.942421 106.078414 95.316808 95.044142 110.371155 95.466223 100.827601 89.257828 96.073890 
103.486496 104.393477 91.402363 100.583871 101.768971 96.921553 90.059858 107.217309 95.710547 98.992640 106.343562 97.466146 102.134201 100.439402 95.908317 97.768986 96.592450 96.328723 
109.325391 90.753980 107.675532 103.353614 94.041290 93.319610 99.159454 96.822837 97.660955 92.644736 107.565985 110.424206 89.228624 100.779609 89.325137 95.785808 105.311554 107.288977 103.991133 107.987371 106.883472 103.532966 107.052234 
93.749267 109.720495 94.464400 95.515834 110.140168 104.539389 98.422985 103.382844 96.795815 109.801815 105.219114 96.607436 101.279094 103.135586 108.165667 97.966063 100.574666 104.117402 108.914695 106.884110 89.370178 107.564273 94.991325 103.267741 95.184259 99.747076 92.773756 91.951461 107.545597 108.787526 108.946649 102.205868 91.758814 101.343139 97.293779 91.085086 97.131240 
92.225483 105.843143 106.587923 103.814632 88.869733 109.768419 102.147448 91.199756 98.444656 100.852200 98.001119 106.595697 101.075041 102.776997 90.423840 104.886962 104.888435 106.083770 97.675047 88.856669 
101.868817 98.730032 108.223676 108.486588 94.277923 94.266835 96.440681 99.379496 104.392613 93.918610 105.080123 104.098739 107.142764 97.055927 93.794924 104.535030 92.165156 108.676494 96.362717 97.992319 107.800226 101.558764 103.430369 
99.770510 105.636541 92.125286 101.869211 105.925562 102.493360 107.849167 95.724802 103.031638 93.582847 100.425829 109.249029 100.530208 92.195335 109.725742 
91.428315 105.784231 92.032659 104.171249 108.244087 107.705892 99.087929 101.710048 100.905065 90.372690 106.939276 110.131291 101.012009 90.928191 108.654350 95.467514 97.454833 103.619519 101.602421 94.502562 
106.179609 89.355165 110.220842 90.241178 105.366913 97.123985 104.801674 91.850046 102.941413 92.271394 97.136161 96.499553 95.523906 92.145941 107.816581 93.234517 105.479731 105.413425 103.007109 92.536174 105.227947 108.025984 109.508554 
103.130694 98.947107 105.539312 94.493574 102.786400 91.800309 106.537723 100.870007 106.848471 100.921381 91.168215 106.575063 94.817359 106.970298 89.526637 90.269403 103.754518 95.211471 105.860264 
105.751794 106.890372 105.603312 91.819380 101.511822 101.580634 104.956852 89.027912 100.150155 97.263885 88.821524 102.943237 109.204387 99.837621 102.069984 99.173580 108.335455 103.058454 103.770436 92.832073 
101.221852 103.469710 91.522510 99.358012 100.236544 101.729549 103.840202 108.199244 106.535632 102.062451 101.004062 105.266470 92.279898 90.616597 91.346771 106.202335 104.717392 92.274081 107.355657 93.074156 108.632162 104.820964 97.552843 105.875022 104.179372 109.735325 110.219395 107.661814 104.125804 
96.414082 109.574182 103.307541 90.642424 89.561396 93.722461 106.725621 101.618868 103.915594 110.059707 102.459084 91.682036 95.524361 93.422536 105.756413 106.323471 104.401671 97.893365 93.181263 94.164703 97.110781 100.578731 91.981156 105.622679 98.291581 91.507291 99.964189 
93.366579 90.813913 103.075011 106.825070 103.581589 104.325194 108.874830 100.511536 109.244967 101.481119 107.884102 106.379271 95.158944 94.956978 92.337283 107.499947 91.435838 
92.903576 97.469773 106.614529 92.032854 109.391468 95.328162 89.674667 103.501828 90.981419 105.696631 102.981377 91.313634 105.544122 100.671650 103.327772 105.402030 
107.079072 91.768086 104.020959 108.191194 103.562265 97.802785 105.284733 109.246211 98.161518 106.812019 96.687041 93.533243 109.747096 101.940832 101.183416 94.219211 110.257912 93.286107 100.555028 108.610524 95.807735 100.989147 105.478461 92.375583 101.204332 94.365310 106.181008 
108.559848 99.498697 99.359083 108.078000 93.910911 100.737207 93.962632 106.221347 98.878171 91.968275 109.079258 97.000383 104.269719 104.502792 104.639488 105.054755 107.319654 104.726413 99.005841 
98.929073 102.675583 98.618527 107.120080 104.906505 95.667631 94.422743 102.591623 97.950648 95.423066 
93.310145 107.343465 99.432507 110.215901 103.614892 92.075589 107.004030 106.111706 101.343833 105.313125 99.749444 95.210446 105.504140 108.693160 110.356490 107.198761 109.102167 102.972919 106.569003 107.624521 103.169827 95.001901 106.729469 95.013004 96.684135 105.647953 106.263282 104.635768 104.821488 110.154345 102.894673 93.152478 100.905523 109.301909 95.264039 97.248442 102.578495 99.752242 103.435436 97.468596 105.824825 104.821696 104.381892 
102.090840 89.134790 102.334204 94.600321 89.754388 105.628362 102.963861 98.800567 94.723821 101.513975 97.326134 104.811139 106.852989 
95.910304 89.974974 96.104956 100.170419 107.331907 105.861656 107.387874 109.367981 104.854370 90.132692 90.132467 98.587942 106.537602 99.652673 107.880278 104.176383 102.439672 97.613294 100.719035 96.969580 109.551150 88.875709 110.349432 109.943400 106.576238 
103.310885 95.988258 103.579847 98.906148 105.929932 103.853556 105.423346 91.193053 107.553093 100.582554 104.670590 110.200574 91.142964 106.943366 100.536677 109.100425 101.703758 96.107149 93.465542 109.991979 102.770723 98.617822 100.696743 109.243444 89.047322 109.759711 
91.907060 98.222358 100.760831 95.644713 89.824146 94.687715 91.069508 102.965779 107.699172 106.903925 95.114978 101.072299 91.942572 107.810032 104.526067 103.946286 108.487281 92.293164 98.417007 89.301107 92.168937 99.438660 93.845228 108.131898 101.472689 
107.839130 104.983338 104.135572 106.124023 108.517773 105.114383 108.340129 103.510145 108.210419 100.691051 90.041819 101.661100 108.707396 91.230079 110.034666 109.046324 108.960370 93.164054 106.813012 93.139014 93.160505 104.279327 
104.707856 105.669821 101.474546 108.187246 89.952151 102.166413 92.709167 108.297269 99.451663 106.769374 96.816410 106.504932 110.306148 104.582209 92.530236 94.097537 89.762457 96.581842 104.081737 102.378128 
108.418058 97.108360 105.205891 105.015331 100.570973 101.791414 109.602681 94.507212 93.808259 98.915696 
95.403672 107.815160 109.169522 106.252810 108.876793 104.568268 104.156239 93.909870 97.691327 94.796639 89.971999 100.946688 96.867122 98.300168 97.817051 97.102805 104.083342 110.176477 103.324156 102.140180 91.524390 92.432360 102.111508 108.913021 104.051442 96.541735 
109.761147 101.011840 107.466541 96.692416 106.372719 106.090351 100.804339 94.478303 109.862866 108.429348 99.058982 92.449693 99.572402 109.346438 98.051094 109.350951 106.030220 104.385859 100.475949 101.200387 92.638439 
99.912704 103.023263 91.771101 101.530054 99.713223 103.902333 100.863268 99.400540 91.225741 
110.075535 101.066960 106.239292 92.459867 98.988059 108.431490 98.293138 89.714411 96.842658 94.007800 98.319800 107.891355 
108.145122 97.270848 109.746254 103.300954 91.509053 101.573220 108.509210 91.608254 94.944060 99.460131 110.070854 95.645302 90.350631 107.890857 106.692486 109.259886 110.359401 90.024059 98.340128 92.805568 94.214867 105.208275 96.389907 102.891933 
94.099480 109.614131 94.956210 95.170371 89.359503 101.631625 101.591797 102.024025 108.604723 109.753386 99.391612 93.662562 98.299996 108.008783 110.319551 100.688771 110.073290 107.978246 
96.851181 100.800831 93.042111 88.822635 103.364611 100.831542 93.863358 105.306120 106.498143 101.334269 110.443697 96.992701 109.282567 89.672946 107.123178 
106.357980 95.836094 93.946972 102.454800 109.713654 104.025122 92.281000 107.003253 91.569704 102.562897 103.574932 93.108294 106.108089 99.326006 101.419154 96.455082 109.200658 94.352809 108.418002 90.038209 108.672128 99.447249 104.415311 98.664505 88.829564 109.088501 108.877216 
96.024895 108.795406 106.213618 96.783983 107.466938 94.389384 96.406610 100.594568 105.984838 110.433024 101.682564 105.517603 101.350075 96.056968 106.929832 103.054442 105.307138 107.416114 95.869935 94.250642 101.874457 104.455648 
