     nan 0.193441 0.173156 0.208294 0.188660 0.190741 0.187913 0.197350 0.129640 0.176213 0.165827 0.176247 0.202417 0.178195
0.193441 0.146438 0.152615 0.156688 0.157561 0.154567 0.148906 0.151665 0.177833 0.159374 0.155691 0.147166 0.157785 0.178755
0.173156 0.152615      nan 0.165701 0.150562 0.155151 0.154184 0.161116 0.184090 0.144312 0.143839 0.149745 0.152599 0.146129
0.208294 0.156688 0.165701 0.142808 0.155537 0.159068 0.150070 0.153536 0.192532 0.152598 0.156265 0.151338 0.140884 0.175513
0.188660 0.157561 0.150562 0.155537      nan 0.159913 0.132681 0.152073 0.186873 0.149771 0.159581 0.160027 0.138465 0.173351
0.190741 0.154567 0.155151 0.159068 0.159913      nan 0.144035 0.158275 0.177566 0.162037 0.153189 0.149496 0.155230 0.173016
0.187913 0.148906 0.154184 0.150070 0.132681 0.144035      nan 0.152270 0.181405 0.154591 0.140976 0.145450 0.140039 0.164677
0.197350 0.151665 0.161116 0.153536 0.152073 0.158275 0.152270      nan 0.183260 0.156979 0.165405 0.157036 0.161853 0.181729
0.129640 0.177833 0.184090 0.192532 0.186873 0.177566 0.181405 0.183260      nan 0.172876 0.167371 0.168618 0.177686 0.195693
0.176213 0.159374 0.144312 0.152598 0.149771 0.162037 0.154591 0.156979 0.172876      nan 0.128737 0.146330 0.159832 0.154683
0.165827 0.155691 0.143839 0.156265 0.159581 0.153189 0.140976 0.165405 0.167371 0.128737      nan 0.146237 0.157986 0.149794
0.176247 0.147166 0.149745 0.151338 0.160027 0.149496 0.145450 0.157036 0.168618 0.146330 0.146237      nan 0.149049 0.172265
0.202417 0.157785 0.152599 0.140884 0.138465 0.155230 0.140039 0.161853 0.177686 0.159832 0.157986 0.149049      nan 0.174697
0.178195 0.178755 0.146129 0.175513 0.173351 0.173016 0.164677 0.181729 0.195693 0.154683 0.149794 0.172265 0.174697      nan
