80.000720 48.372772
79.800204 49.774663
80.360316 44.778136
77.464537 43.769076
79.647751 44.201534
83.201264 46.944254
81.056444 47.022546
80.662731 49.815715
87.295731 51.169657
79.261364 47.549953
86.067968 50.468487
86.705342 48.977541
78.115539 46.784122
78.479727 49.298484
77.305116 45.234849
84.120752 48.014127
86.227729 51.461074
85.690747 51.003429
78.959164 48.862086
78.038358 44.720609
77.779503 42.777914
88.101251 49.199964
76.834687 48.854781
79.427262 44.813237
78.594385 43.560335
83.366738 48.765470
78.917544 45.513883
