1.121626 1.173998 0.822589 1.204687 0.864500 1.110873 0.921524 1.101164 1.055776 1.199279 1.058188 0.911320 1.035080 0.997424 1.222595 1.221834 0.821687 1.189572 1.236816 1.158002 1.046235 1.086507 1.100319 0.835118 0.885231 0.893218 1.052977 1.157062 1.011361 1.015540 1.243378 1.068541 1.173244 
0.856282 1.199754 1.053159 1.160639 1.141300 0.922713 1.188598 1.183548 0.885432 0.937184 0.805873 0.933515 0.804951 0.988262 0.890095 1.040940 1.094387 1.240156 1.107122 0.988921 0.806358 1.121977 1.099712 0.835151 0.857475 0.884236 1.035022 0.868969 0.920541 0.915153 0.895946 0.962737 
1.034386 0.969268 1.161566 0.901887 0.959379 1.249042 1.176528 1.117345 1.249754 1.037048 1.102211 1.197154 0.917143 1.118164 1.084960 0.821435 1.037495 1.208846 0.923296 0.947686 0.868275 0.914700 0.923252 1.042407 0.947841 1.215978 1.212099 1.087178 1.140733 1.058898 1.017439 1.165578 1.095240 0.850227 
1.099054 1.064489 1.145368 0.980513 0.835560 0.819743 0.886653 0.973707 1.170645 0.921375 0.870481 1.032329 0.976841 1.245019 
0.795449 1.124426 1.078193 0.797633 0.911317 1.209290 0.913257 0.975590 1.002489 1.252422 1.255398 1.207324 0.839554 0.824476 1.063670 1.073687 0.867993 1.017657 0.798137 1.126906 0.994216 1.044666 0.992736 
0.808469 0.805697 1.040668 1.198211 1.078990 0.803631 0.806349 0.842115 1.199418 0.823878 1.147051 0.977307 1.074775 0.941340 0.830241 0.834721 0.841750 0.960059 0.963747 0.851033 1.156542 1.030377 1.094570 1.205490 1.155940 0.807587 1.109504 
1.211094 0.971338 1.053151 0.900708 0.801026 0.939477 0.836525 0.860095 1.054154 1.064672 1.159182 0.874003 1.204413 0.991980 0.987985 1.033881 0.993840 1.246768 1.015250 1.102622 0.906318 0.925245 1.003151 
1.158414 1.189737 0.828963 0.965536 0.934195 1.085567 0.947240 1.010462 0.795635 0.954467 1.200802 0.927191 0.922000 0.826779 0.860933 1.020174 0.921962 1.033971 1.096347 1.072372 1.154942 1.064528 0.894422 1.079514 1.086068 1.023763 1.055426 1.098393 1.223506 0.905145 0.853376 
0.977310 1.160329 1.225589 0.992370 0.911740 1.128837 0.935055 0.865036 0.848221 0.923281 1.000557 1.012447 1.166600 1.088870 0.886589 1.073124 1.043510 0.804931 0.821723 1.188778 0.799350 0.835679 1.036425 0.924544 1.009931 
1.047436 1.207453 0.954699 1.169017 1.063625 1.211836 0.879005 1.211114 0.906493 0.800133 0.949099 0.946088 1.217701 1.041963 1.005072 0.806151 0.881148 1.120480 0.970939 1.184677 0.932204 0.887825 0.996693 0.891602 
1.094690 1.235387 0.927242 0.844146 0.854899 0.879360 1.200383 1.000091 0.957351 1.087315 1.080533 1.254083 0.835814 1.238324 1.086027 1.177801 0.851126 0.916557 0.834681 1.046643 1.163136 
1.036702 1.008088 0.838239 0.990527 0.824889 0.925548 0.803175 0.918910 1.146280 1.165492 1.069517 0.835701 0.825631 0.891588 1.185254 0.802058 1.056642 0.925166 0.974806 1.172341 0.943579 0.936296 
1.166635 1.032036 0.890672 0.818437 0.897281 1.242676 1.231533 1.079650 0.926568 0.811833 1.206628 1.103375 1.257065 0.973258 1.004855 1.039516 0.921935 1.200802 1.020418 1.114315 1.231448 0.798107 0.979092 1.221784 0.821771 0.918705 0.928161 0.961911 1.001766 0.950261 
1.249335 0.836873 1.240405 1.136228 1.180877 0.874303 0.834981 0.937978 0.914596 0.922952 0.887101 0.975622 1.238380 1.108990 1.044751 0.992145 0.971570 0.942125 1.004580 
1.049619 1.129554 0.971619 1.148692 0.990061 0.859557 0.875500 1.187517 1.151048 1.030736 1.240751 0.959617 1.138571 0.894322 1.174521 1.188759 1.132358 1.193096 0.804342 0.850408 1.194998 
1.222221 0.934331 0.926730 1.155930 0.826953 1.025110 1.087114 0.849089 0.930169 1.141200 1.091619 0.970897 1.004686 0.991391 1.000303 0.858967 0.803113 
0.802631 1.097332 1.064088 1.018634 1.220792 1.242567 1.020032 0.886657 0.841625 0.831560 0.861672 0.879239 1.049176 1.037434 0.939315 1.013864 1.226195 1.242807 1.094365 1.003030 0.847891 1.074547 0.798340 1.038147 0.863592 
0.916250 1.200558 1.185015 0.903977 1.194302 0.795889 0.857018 0.998798 0.902474 0.817832 1.117737 0.861852 1.015385 0.941441 0.994865 1.096360 0.971342 1.131917 1.064559 0.953162 1.056386 0.842914 0.807499 0.941405 0.853237 0.811416 0.833297 
1.040803 1.009032 1.221915 1.151712 1.040119 0.920154 1.073349 0.992351 0.833888 0.901960 1.230582 0.929508 1.202190 1.008590 1.100766 0.996101 1.195369 0.962642 1.220199 
1.084559 0.995196 1.042209 1.013361 0.905267 0.904371 1.023317 0.956780 0.809592 1.012547 0.946116 1.070921 0.921649 0.807746 1.248918 0.848215 1.039424 0.934163 0.970196 0.980778 
1.075039 1.134927 1.113967 1.003116 0.980134 0.863278 0.919999 1.043737 0.927665 0.969861 0.973566 1.140326 0.952179 0.847131 1.051743 1.221098 0.961480 0.966082 0.912443 1.180591 0.893019 0.839330 1.173676 1.041026 0.930362 0.937062 0.897010 1.015456 1.106974 1.026449 1.183145 1.005360 0.871593 1.245892 0.998967 
1.199363 1.026659 0.894082 1.175326 1.005880 1.028129 0.886070 1.116880 0.893607 1.043869 1.029235 0.858878 0.839767 0.817412 0.917524 1.220398 0.918072 1.170316 0.925119 0.999480 1.178867 0.974690 0.821796 0.904472 
0.849239 0.926288 1.107344 0.846952 0.869016 1.119056 0.954701 1.044677 1.183332 0.824847 1.064031 0.941823 0.928395 
0.989512 0.848458 0.846708 0.997307 0.838670 1.165492 0.921202 1.087312 0.900554 0.929160 1.230563 0.832970 0.977988 1.095245 1.090311 0.953857 
1.048542 0.831084 0.967006 0.849096 1.005269 1.154976 0.939813 0.795767 0.836775 0.822429 1.049162 1.215747 0.989885 0.835292 0.908188 0.848244 
1.144152 1.026121 0.935936 0.844594 1.029459 1.194687 1.178839 0.879722 1.076253 0.819784 0.948858 1.143052 0.902105 0.909166 1.094371 1.107179 1.105095 1.156444 0.943710 1.092589 0.969000 1.132657 0.963615 1.233830 
0.952052 1.192366 0.888181 1.032209 1.125381 1.000380 1.051112 0.808091 0.888375 0.956045 1.038661 0.972903 1.017640 
0.926798 1.070015 0.916183 0.903496 1.057311 1.141131 1.096737 0.959482 1.154592 1.142036 0.956889 0.993949 
0.969233 1.022309 0.838018 1.016567 1.005123 1.072098 1.145802 0.824803 0.963256 1.243741 0.977667 0.916171 0.848167 1.141837 1.046261 1.163444 1.155015 0.839829 0.921724 0.981224 1.095101 1.201295 1.119176 1.056443 
0.998825 1.199686 1.203490 0.846797 1.058825 0.844024 0.819689 0.989362 0.924115 1.243093 1.134685 1.249185 0.877374 0.829886 0.929171 1.077897 1.142003 1.183913 0.854753 1.168938 
1.254359 1.084223 0.992407 1.009199 1.233234 0.886181 0.836408 0.906229 1.038496 1.207328 0.958506 1.060270 0.801077 0.823581 0.955184 0.870799 0.959291 0.831995 1.067327 0.835259 1.135487 1.211571 0.906190 1.115411 
1.113656 1.139458 1.076415 1.057049 1.143063 0.805237 0.854773 0.864987 0.966890 0.948568 0.840203 0.978269 0.863793 1.105769 0.840646 0.833415 1.007802 1.066017 1.184773 1.034970 0.861593 1.060265 1.055503 0.922041 0.819366 1.183960 
1.112992 0.818149 0.981838 1.133638 1.115602 1.077916 1.214807 0.836237 0.845008 1.003197 1.117971 0.831089 1.118778 1.121698 
0.839080 1.105662 1.114492 1.188713 1.070350 1.094383 1.114621 1.208295 0.842863 0.800047 1.239284 1.002035 1.083959 1.174751 1.087283 0.840184 
0.845948 0.888095 1.154865 1.121878 0.869577 0.797215 0.873657 1.118849 0.919747 0.903036 
1.160559 0.986433 0.930138 0.994010 1.205181 0.879879 1.211076 0.892510 1.038569 0.917812 0.802793 0.967109 1.032206 0.880410 0.853149 0.833352 1.103016 
0.895913 0.856775 1.209297 0.896194 0.888478 1.225633 0.916240 0.799513 0.827398 1.217136 0.800205 1.088338 1.106202 1.131532 0.907238 1.008309 0.870181 0.906818 0.878842 0.906473 1.035975 0.872009 1.024704 1.018318 1.225531 1.252599 0.906378 0.933250 1.196640 
1.190933 1.001605 0.998699 0.881012 1.101613 0.941536 0.921879 1.071689 0.855094 1.207076 1.107793 1.129144 1.258742 
1.183176 0.908990 1.149053 0.832389 0.851877 0.834869 1.005021 0.812945 0.876317 1.117728 0.923570 
0.965504 1.099229 0.888732 1.041353 0.816080 0.816397 1.042940 1.070999 
0.858565 1.075430 0.929120 0.942185 1.068384 1.171198 1.189872 0.803107 0.880981 1.214206 0.836859 1.153936 1.183652 
0.954204 1.120230 1.015515 0.859284 0.822439 0.826581 0.904799 0.913033 1.149764 1.023528 1.189298 1.049091 1.110626 1.106670 1.217193 1.033802 0.933199 0.857537 0.841651 0.822042 1.115665 0.942204 0.926177 
1.063081 0.914959 1.092744 1.018595 1.178349 1.060824 1.084741 0.905487 1.094194 1.109955 1.056929 1.245377 1.051448 0.884090 1.017628 0.962138 1.012215 0.932550 0.848837 
0.798696 1.215118 1.119544 1.062247 1.208152 0.863546 1.042651 1.083717 1.122031 1.163875 0.878958 0.794763 0.819531 0.899374 0.823560 0.840211 0.893269 1.065757 0.863108 0.973255 0.947050 0.987241 1.090847 0.962615 0.907846 1.169977 1.147499 0.904923 0.827669 1.090054 
1.240592 1.114186 0.926229 0.950803 0.847016 0.886930 1.009430 0.879164 0.920295 0.982924 1.188712 0.819135 0.939231 1.064666 0.877536 0.876117 1.063365 0.860300 1.144027 1.072799 0.882567 1.191994 0.904298 1.019979 0.844487 1.029631 0.877168 1.140637 
1.116971 1.248993 0.872844 1.010450 1.064868 0.896633 0.869938 1.174523 0.879830 1.186643 0.830722 0.910567 1.191976 1.069745 1.101026 0.901059 1.148073 1.254955 1.014800 1.164392 0.835949 0.802215 1.080876 0.924848 
0.959266 1.231557 0.922855 1.064924 0.810094 0.966406 0.984323 1.140035 0.994009 1.037068 0.848268 0.797721 0.964888 0.939082 1.108097 
0.862152 1.027602 1.132936 0.800948 0.930869 1.057645 0.901133 1.258343 0.832878 1.178197 0.956908 0.947589 0.986424 0.858436 1.035853 0.893190 1.200367 1.199147 0.920355 0.813299 0.908045 1.114297 1.050647 
1.176413 1.238466 1.097124 0.946588 1.211749 0.928885 1.031980 0.984646 0.981242 0.901440 1.010104 0.839542 1.199103 0.800037 0.954134 0.895376 1.241678 0.934937 1.120088 0.813753 0.847299 1.115754 0.951791 0.809579 1.072244 1.126719 1.113617 0.958596 1.064756 1.058270 1.193464 1.147002 
1.096486 1.106939 0.967200 1.220607 0.810045 1.112897 0.875316 1.073831 1.244958 0.984155 1.048895 1.013880 0.859693 1.196020 1.045176 1.073697 1.043737 0.845742 
0.909867 1.175107 0.967412 0.979224 1.092332 0.971296 1.200306 1.253537 
1.065130 1.171706 0.888533 1.215230 0.871361 1.156113 0.965946 0.875081 1.192507 1.071537 1.028406 1.035699 0.859941 0.960681 1.111459 1.112505 1.118370 
0.824270 1.065523 0.813357 0.948251 0.920218 1.010131 1.150872 1.133222 1.214804 1.069735 
0.911319 1.253477 1.146228 0.927142 1.070017 0.825391 0.964259 0.897438 0.836637 0.982981 0.853484 1.084187 1.098187 0.979466 0.823422 1.131550 
1.079517 0.955700 0.909757 1.185615 1.115847 0.870643 0.839003 1.251680 0.907442 0.803413 0.982036 1.080570 1.160221 0.976101 0.910640 0.981496 0.837731 0.927488 1.231325 0.869239 
0.806609 0.887221 1.197604 0.913060 1.073323 1.252130 0.986317 0.977322 1.028972 0.846580 1.108773 1.057822 0.932567 0.927727 0.991384 0.831139 0.848968 1.086822 1.114605 1.225261 1.173016 0.861998 0.822744 1.065518 1.015416 0.963873 0.826763 0.797370 1.000820 0.896910 1.121158 0.979402 
1.255923 1.107309 1.101332 0.950239 1.053877 0.998596 0.824034 1.058493 
1.245996 1.200113 1.170053 1.057909 0.949184 0.825190 0.855478 1.119100 1.042868 0.846102 1.248451 1.239218 0.954234 0.903590 
1.188257 1.062751 0.875725 1.182699 0.972977 0.855087 0.849725 0.999333 0.868435 1.092918 1.167215 1.242583 0.908775 1.094581 0.930150 0.876420 0.997252 0.843248 1.172936 1.015998 0.972577 0.971369 
0.974012 0.930130 0.847112 1.169247 0.947627 1.188654 1.204751 0.883385 1.027926 1.178916 1.197513 1.146973 1.005978 0.806749 1.136924 1.038322 0.861236 1.021574 0.926499 1.204908 0.813912 
0.852870 0.821782 1.245460 1.025743 1.200336 0.849463 0.832266 1.111579 1.043346 0.835467 0.958876 1.092593 0.979596 0.875205 0.884410 0.869821 1.057441 1.214709 1.012158 
0.907859 0.840846 0.867146 0.814320 1.091200 1.115927 0.884094 0.806594 0.999916 1.048724 0.968541 0.818804 0.853183 1.175351 0.917635 0.906210 0.843608 
0.922933 0.803121 0.885870 0.802280 0.939072 1.126248 0.901217 1.155167 1.022811 0.802156 1.006444 0.860948 0.950718 
0.888156 0.976713 0.911154 0.813513 1.159351 1.219500 0.964725 1.142880 1.080902 0.808115 1.018065 0.920515 1.210579 1.233001 0.948119 1.004513 1.157663 0.832278 0.867930 0.946027 1.024549 0.975127 1.131020 
0.902066 1.094460 0.930425 1.036170 1.217192 0.911309 1.056699 0.848201 0.998463 1.201766 0.998396 0.879953 0.903491 1.250926 
1.096410 1.073359 0.895839 1.089245 1.203893 0.848213 1.190064 0.809492 1.013555 0.858875 1.021494 1.121487 1.091489 1.085269 0.906200 1.246563 
1.191181 0.873560 1.054900 0.968124 0.865877 0.947099 1.209096 0.826431 0.811493 0.975095 1.021514 1.017830 1.027641 0.955033 0.986498 1.221099 
0.872408 0.971968 0.906459 0.849124 1.138910 1.213197 1.021139 0.994274 0.971574 0.889551 0.919283 0.998733 1.038933 
0.920218 1.218544 0.915010 0.906560 1.014741 1.243436 1.225155 1.032945 0.811470 1.097914 1.173909 1.062929 1.137601 0.917583 0.809001 1.152666 1.022702 
0.943321 0.897102 0.944839 0.853775 1.017491 0.803235 1.199635 1.180500 0.965349 
0.817715 0.933189 0.805191 1.039432 1.100491 0.948240 0.911441 1.142649 1.191951 0.881956 0.881253 1.142194 0.797718 
0.973015 1.048833 0.856456 1.107985 1.012823 1.011698 0.832065 1.158395 0.979562 1.065616 0.895396 1.128363 0.941764 1.062524 0.821793 0.810928 0.970702 1.089974 0.815184 0.856934 
0.982994 0.993788 0.921139 0.962879 1.087195 0.932359 1.180257 0.951146 0.799175 0.928727 1.105718 0.844334 0.890024 0.983929 0.927649 0.812411 1.171715 
1.052158 1.135667 1.078705 0.901921 1.217035 0.892453 1.116757 1.007030 0.856981 0.796739 1.023121 1.088385 0.994585 0.893251 
0.871767 1.002344 1.165874 1.183595 1.218791 0.950054 1.166120 0.837829 0.855604 1.155761 1.180521 0.937247 1.044077 0.958950 0.812298 1.055309 1.091389 
0.963345 0.995815 0.945181 1.138095 1.102828 1.126322 1.060248 0.853522 1.156336 1.149454 0.984624 
0.944385 1.018895 1.232414 0.865390 0.969427 1.207840 0.900864 0.862531 1.058356 1.178011 0.840572 
1.006527 0.883854 1.096661 1.020617 0.865980 1.126385 0.878832 0.852360 0.800227 1.226585 1.037585 0.960399 0.975514 0.867792 0.825659 1.108716 0.995227 1.104079 
1.080928 0.978661 1.080877 1.109414 1.115569 0.909134 1.204724 1.224241 0.819815 1.187177 0.867347 0.974633 0.926120 1.049843 0.834166 1.064606 0.894037 1.005894 1.224464 1.004182 1.142930 0.905802 0.839934 0.978899 0.965348 0.857808 0.808067 0.971779 0.816708 0.874150 1.190860 
1.242593 1.039592 1.080109 0.865047 0.861261 0.858544 1.246202 1.153737 1.207745 1.063467 0.958282 1.114023 1.009496 1.191133 0.959873 0.963604 0.953571 0.974459 0.907916 0.948308 1.108329 1.095425 0.856257 1.239568 0.954177 0.876227 0.864710 
1.179656 0.835884 1.084072 1.181344 0.997324 0.881342 0.975506 1.181679 1.146972 0.916965 0.953972 0.892067 1.008890 0.982039 0.814561 1.044147 0.802965 0.948558 
1.073078 1.120564 1.213562 0.823126 0.854647 1.011179 0.908127 0.889803 1.129328 1.193193 0.982166 
1.097200 1.164828 1.232732 0.922286 0.849459 1.043670 1.009051 0.866799 0.878201 1.051686 0.946909 1.059493 0.966342 1.017301 0.854029 
1.204280 1.242844 1.216370 1.196966 1.197095 0.940067 1.004781 0.825457 0.912022 1.103730 1.193402 1.127917 1.249462 1.003160 0.980944 0.840084 1.006690 0.852601 0.844664 0.989208 0.998748 1.141891 0.950396 1.122032 0.876661 0.809286 0.813455 1.028382 1.097917 1.014410 
0.823003 0.838097 1.131513 0.811661 0.894722 1.090858 0.823727 1.159306 0.840631 0.962620 0.799932 1.144671 1.166914 0.912270 1.169602 0.950688 1.169692 0.983407 1.110380 0.990471 0.954673 0.947344 0.941138 1.213578 1.189215 1.078572 1.076937 
1.145733 1.238225 0.915796 0.998977 0.881535 1.038022 1.057883 1.023575 0.891813 0.815722 0.860766 1.173682 0.815057 0.911672 0.910459 0.981133 1.096432 1.106333 0.809420 0.913188 1.128592 1.004345 0.880496 0.818858 0.815395 1.171847 1.032942 0.930944 1.021226 0.916180 0.984629 0.982447 1.015144 0.859482 1.237048 
0.959111 0.835231 0.855680 0.817859 1.194664 0.869702 1.069275 0.977064 0.842659 0.819350 1.044023 0.914704 1.190976 1.129510 1.024831 1.180122 0.904596 1.167555 0.941953 1.058587 1.217345 0.996269 0.965860 1.200126 1.042254 1.028221 1.074179 0.899915 1.061211 0.854448 
1.217333 0.909380 0.865452 1.185837 1.144341 1.177547 1.197674 0.982611 0.884289 0.944095 1.057181 0.807908 0.808743 
1.199906 1.101737 1.199457 1.106251 0.898652 1.041195 1.210883 0.945528 1.180141 1.062675 0.839265 1.152449 1.087212 1.153776 0.958767 0.814180 1.256340 0.928415 1.208011 0.879394 0.887297 1.029617 1.116154 1.165829 
0.841662 0.898140 1.055028 0.839530 0.856289 1.027747 1.056671 1.030144 1.211577 1.110455 0.842535 0.958043 1.113730 1.118158 1.055589 0.849269 0.955846 1.062412 0.854543 0.872348 0.920707 0.939266 
1.004187 1.199473 1.118940 0.927758 0.858175 0.820818 0.808473 1.161442 1.155383 0.858081 0.822266 0.823541 1.175635 0.884912 1.093858 1.049163 1.143830 1.204937 0.883151 1.038238 1.240073 0.958765 0.936616 0.892817 0.911202 0.873601 
1.082769 0.899817 0.808769 1.228488 0.882004 1.002898 0.956385 1.135318 1.251968 0.897780 0.945505 0.934184 
1.069473 0.820359 0.988857 1.241754 0.928821 0.823018 1.021436 0.810342 1.005497 0.810106 0.911899 1.002764 1.003255 0.922241 1.135550 1.214847 1.248096 0.868117 0.945503 0.912383 
0.931894 1.054028 0.869486 0.870369 0.950202 1.238406 1.145646 1.167670 0.834081 0.873330 0.932408 1.136896 1.239854 1.030501 1.185187 1.073429 0.870649 1.176051 1.060158 0.947984 0.935887 1.082081 1.000881 0.845783 1.095678 
0.852576 0.842882 0.959776 0.966270 1.052827 0.858891 0.843231 1.157292 0.949185 1.106186 1.056374 1.107114 1.054977 1.079601 1.231304 0.917330 0.810164 1.097714 0.954098 1.008480 0.940716 0.958216 0.920441 0.885061 0.880103 
0.935275 0.951707 0.965206 0.805515 0.910331 0.893194 0.821461 1.231061 0.955902 1.225131 1.172554 1.138020 0.813287 0.980631 0.936474 0.835770 0.964386 1.253710 0.844827 0.946036 0.967742 1.009442 1.000344 0.831929 0.991340 1.109620 
0.953552 1.218413 0.885464 0.885115 1.134153 0.992504 0.894586 1.066991 1.241622 1.009467 1.115197 1.240779 0.922123 0.917860 1.100638 1.220336 0.923976 1.179242 1.016774 1.251423 0.816619 0.854053 0.906420 0.941477 1.014337 0.899212 1.108549 0.912906 1.193076 1.162302 0.938158 
0.924335 1.191327 1.231699 0.955535 1.198602 1.147881 0.935778 0.834356 1.193131 0.835654 0.981963 0.874782 1.163241 1.228500 1.034195 1.142837 0.864342 0.797366 0.929676 0.851892 0.910840 0.958176 1.157618 1.099675 1.022242 1.141169 0.830909 1.078703 
0.970498 0.879225 1.222389 1.209266 1.014085 1.147143 0.841664 0.807390 0.923915 0.966308 0.814600 1.156035 0.846580 0.990419 1.050350 1.220299 1.014389 1.013973 0.988849 1.187923 0.797374 1.022852 0.931189 0.948993 0.916402 
0.953502 1.200939 1.067549 1.022150 0.889029 0.959288 0.925533 0.916401 0.860478 0.849886 0.801258 1.000914 
