79.989430 87.867626 78.606028 78.838820 79.687868 79.344490 84.096142 80.644670 84.034616 79.749985 88.993018 86.643363 82.434139 78.348664 81.960269 89.231582 78.444446 78.257673 76.885810 81.888136 83.988599 85.512261 86.299611 85.941103 79.165121 81.032320 84.041959 86.206317 79.988415 87.777867 84.064857 83.147624 81.981077 
81.258216 87.942823 78.384661 86.298887 77.546183 79.189078 89.723045 83.794366 85.116961 80.967596 79.371412 88.305341 88.160806 83.920363 80.703335 86.360721 77.054858 80.633055 81.084348 87.639021 80.848616 82.419077 77.655451 78.713491 80.779454 84.926507 89.076315 77.907019 85.211503 84.534194 84.017843 81.169135 
80.347488 78.305951 78.213064 84.666410 80.847514 79.273069 78.323067 78.023099 84.226766 76.748072 83.405299 87.741085 88.571036 82.650335 78.745753 77.732708 85.454519 83.339283 85.211503 87.117084 79.442567 78.780190 79.488204 77.048857 81.834691 83.477293 80.603766 80.722730 79.855019 79.971411 87.763838 78.164304 85.000271 78.084520 
87.720707 77.707778 83.396761 85.373203 79.406634 77.235699 77.569366 86.985795 81.535353 76.909409 85.738355 85.681360 77.341101 80.894131 
81.272360 86.684268 81.594618 80.860603 78.019943 88.960162 78.750572 87.566248 85.287660 87.451971 80.784254 86.428335 84.749127 83.994074 78.448976 86.219911 78.962073 82.849189 79.203441 78.303118 80.369391 78.288848 87.303092 
78.050436 77.392019 81.873328 76.675551 88.521532 85.166856 84.909750 79.937098 79.445456 81.462199 82.226213 85.344116 78.597141 88.535088 81.605483 83.480621 83.090683 83.651381 80.937756 80.125137 83.708768 87.202568 85.899986 77.189719 87.654085 78.567895 77.998809 
89.362823 81.105874 82.322812 84.973034 78.624854 79.878217 79.370808 79.007871 81.430181 85.863015 88.608231 81.992929 89.514018 88.097633 84.519292 84.178667 85.204299 88.661105 76.377942 86.217608 78.877877 77.207603 77.865882 
86.904453 76.502102 84.183537 85.307129 78.149900 83.012009 89.007458 83.912118 78.858847 85.275289 88.052656 85.745346 77.258188 81.446111 77.425765 86.410523 78.229536 78.802157 82.393621 80.325216 89.097185 77.486652 80.047659 77.973619 83.356824 82.077430 78.921366 82.845419 81.841059 78.780478 81.371313 
80.815279 89.269409 87.545025 87.491734 84.125515 80.296412 82.663054 80.173533 79.111047 85.111306 85.793539 84.939459 78.559108 82.625968 76.513546 88.839474 81.186654 88.387608 79.490659 76.615862 86.936183 78.804789 81.594722 81.354028 86.451978 
80.688558 88.360231 77.073029 79.909360 76.965904 83.497696 77.300216 85.742261 84.834077 78.102279 78.006661 80.851855 84.846014 77.347607 89.702903 79.477023 85.597511 77.295993 79.433739 87.824772 88.348270 79.714344 78.008564 84.708224 
78.360260 87.505745 76.413882 79.321641 79.723774 80.879817 80.628861 79.713411 87.290088 83.969668 78.088757 87.993217 76.883451 76.335711 78.610947 77.033978 78.151285 81.293698 77.645024 80.568914 83.239951 
86.681154 80.588216 79.492923 78.480011 79.828362 77.544688 80.289469 84.737061 88.518420 89.201930 82.155284 82.048906 89.049883 80.132008 89.870172 78.163486 79.734197 77.446883 88.616148 86.228107 80.848200 76.905226 
81.157590 81.126965 84.646116 77.501543 77.919826 82.617982 85.543376 80.995360 88.525746 81.669032 79.561076 85.737330 87.071850 80.413298 80.281446 80.581875 79.999833 80.005566 78.930667 86.335433 77.939616 86.874641 79.543225 82.874303 79.306737 77.776566 83.919653 86.884076 81.648144 82.353098 
80.186398 83.125179 76.216464 88.438033 86.198692 79.968074 79.172978 81.097285 83.993018 87.829913 77.571432 76.828807 87.683588 86.837000 81.605408 79.870457 82.227499 84.327136 82.434295 
87.196715 81.806144 78.666891 88.680035 88.565710 82.955737 79.660124 80.587645 81.915095 80.479666 79.933641 85.655881 85.887726 82.075800 81.913755 78.806904 89.815028 82.432941 82.566279 81.680392 86.355461 
77.238450 86.123996 82.537925 87.857284 78.809914 78.789996 83.136330 80.123869 86.817713 81.928838 86.018660 84.556219 87.481309 83.307983 86.888308 85.221727 79.095906 
79.370136 87.847177 85.446553 76.352871 82.804596 84.515658 83.414908 77.443578 84.972267 82.286076 77.580143 76.645379 83.807504 82.156153 87.837184 77.404933 77.270929 79.456574 83.735393 81.088153 77.298699 80.757688 78.419899 84.255931 77.728317 
79.731178 82.094908 88.704653 79.578198 76.261142 89.791296 79.067363 81.659682 77.532729 77.625124 79.907567 76.526967 88.218546 77.504466 81.569526 86.720624 76.786520 81.290016 78.628635 77.332463 82.529803 84.417155 79.225020 80.462231 77.647805 78.315049 79.741987 
77.960217 87.071102 88.255003 78.217965 86.227073 85.884103 78.015043 80.391862 79.146627 78.882768 83.903872 77.603152 76.916839 78.655280 78.374969 80.546176 81.527745 84.487830 78.777341 
79.773598 89.863921 87.468217 80.275539 84.758816 78.649423 84.708804 87.508187 83.224975 79.895340 82.179581 80.972399 82.361440 78.397081 81.779510 79.925395 76.916037 81.264459 81.901412 84.938140 
79.937760 88.126283 78.519529 80.560803 78.285506 80.757963 80.012811 76.851132 77.384159 78.455559 80.156804 82.716090 81.106897 78.550079 81.915722 89.324230 82.941125 85.669420 89.754136 76.592314 83.171638 77.024259 79.208824 87.601692 87.434880 84.404468 88.609528 76.748921 80.427039 89.703102 82.534429 82.764207 86.273449 83.416669 79.668272 
81.743468 82.381468 76.218317 76.466922 84.263965 78.146746 78.814734 78.845548 81.851186 88.050727 84.838182 87.310411 77.326323 77.023359 89.206095 80.787674 85.782741 76.981040 77.303392 86.536563 76.777992 77.561858 79.824267 82.362292 
79.034691 85.468713 79.556803 89.003180 76.726193 87.585099 76.282060 88.388888 80.785135 77.117794 81.128752 87.157321 76.625374 
81.247248 78.179756 76.611040 86.864887 77.527480 87.140650 80.961411 81.399007 80.651346 89.167454 87.476885 80.483838 85.376679 85.530651 86.135323 83.995627 
89.045087 77.021989 81.365888 84.237674 86.792562 88.763636 87.350603 78.896389 85.189255 79.413388 78.620119 89.013828 87.917551 81.823408 76.964707 80.828405 
87.027699 84.566321 76.979501 78.336548 89.770654 87.889755 84.036926 79.137431 89.533297 79.161346 77.093325 85.562503 77.189142 76.321221 76.521733 78.745998 82.560096 85.730344 83.627978 89.394244 84.732524 88.101950 80.392875 89.481608 
81.412197 89.443516 84.703927 76.441176 78.037392 85.981573 82.324543 80.710584 85.460929 76.821615 80.799730 84.202128 83.346405 
77.018641 89.723463 76.868882 86.486745 83.210526 76.385945 77.082454 85.040010 83.645117 83.387350 80.956977 78.880496 
78.265311 89.009425 79.735016 83.801970 77.638883 81.924448 76.153706 83.386878 84.890518 82.635152 78.255485 86.872705 78.284991 89.904673 80.184512 77.815107 80.345666 81.145889 79.164634 76.860562 88.831081 82.544200 84.561411 79.814220 
82.212679 87.294993 86.343709 78.542122 89.357532 89.082590 82.294816 83.969407 81.962862 82.442689 86.894033 84.042268 88.290213 77.476583 76.944750 86.233713 83.989557 76.840031 84.554512 80.903545 
87.783693 85.495193 79.396742 77.816699 82.449767 80.203677 81.935275 84.308359 87.032543 81.205318 82.010598 89.636753 89.435332 86.865274 77.556414 77.273161 86.586150 85.100175 76.458817 79.624356 82.654531 79.155448 77.078835 88.484556 
88.563633 79.563747 77.059613 76.609906 89.871996 88.038299 79.842714 77.749866 84.271821 87.831035 78.287842 84.137462 88.511176 84.503527 79.856315 77.477567 80.427454 87.255473 86.609060 78.631125 78.687639 80.420415 76.773575 88.842328 77.775885 79.295187 
89.866915 79.335427 82.894203 82.619765 85.494125 87.069598 83.140984 88.511176 83.833408 87.027356 76.771735 83.304539 77.392272 89.346088 
77.252819 85.941554 77.026576 80.365882 86.842772 76.807055 78.006957 86.438668 81.474520 77.252125 88.820014 84.214561 82.743623 83.203014 79.356923 78.371173 
77.986976 82.350747 76.879528 88.171384 86.838247 78.748778 77.083956 83.777497 82.646840 76.715418 
85.358552 79.415843 81.587787 89.426639 79.660270 87.229519 88.933492 85.755561 84.789421 83.027095 79.458439 86.275099 81.940525 77.341274 79.381352 83.189104 86.539537 
89.327945 82.438291 82.445267 79.572424 78.401378 80.264552 80.302888 79.370493 85.011536 89.165305 84.263429 86.170809 76.872140 81.395063 79.237629 85.684138 85.239065 77.740360 83.144192 77.350463 84.358082 81.232068 82.262179 86.931098 89.433790 80.266126 78.443168 78.335565 83.164373 
87.672059 78.420462 85.650675 79.022716 80.308533 88.584293 88.785054 80.900577 79.880032 80.427442 85.813742 84.632861 82.714844 
89.600039 79.059541 78.641757 78.585342 79.800060 77.774931 87.594367 83.035352 81.142427 77.316129 81.626239 
87.299682 88.638015 79.548196 89.868355 77.135272 80.162846 80.817890 77.472375 
82.692076 83.963334 81.951087 80.741246 88.253948 82.149194 78.979656 78.477788 79.632350 82.200707 79.540565 89.405892 81.219985 
80.657613 76.387631 85.828265 79.091929 82.250573 81.130232 80.336758 79.677119 81.911293 86.834158 81.904100 81.246096 77.544507 80.757909 87.251071 79.783286 83.349024 78.048494 77.149292 79.560385 78.259503 85.644425 80.178850 
78.556296 78.477342 83.340460 80.698097 89.051814 79.194001 87.663588 80.876858 83.280382 83.997138 83.453274 78.299224 87.298546 78.729678 82.384871 78.281022 77.486156 79.233162 78.554538 
79.602363 79.110585 80.916842 87.157514 88.287865 83.598663 78.957290 88.039600 84.186473 82.137854 78.864987 80.585789 80.779307 88.637719 86.020864 84.497905 84.957309 78.424848 81.188355 82.526308 83.667032 78.480301 79.132411 81.083342 88.041976 80.691548 83.036787 77.647024 80.806575 82.210880 
79.897300 87.647653 77.056099 84.386769 81.340404 77.512617 80.617889 79.079942 78.854125 88.204661 88.288230 78.108967 82.634292 82.635524 77.648839 82.962066 76.539680 79.399206 77.205907 84.064833 79.463291 81.354818 88.589884 80.405490 79.396367 87.209215 76.755565 80.058438 
86.526216 87.962558 83.168738 81.572054 88.019795 84.141860 79.629401 88.551027 77.807365 82.453582 76.706585 83.083030 81.059318 88.216313 89.621355 79.713596 78.548277 83.887880 82.234146 79.350250 77.033008 79.707033 80.839969 80.482943 
81.335895 87.939380 76.817203 81.845261 81.656312 77.846497 86.710521 88.121800 76.724696 81.864550 77.441747 77.919975 87.827291 88.955277 85.934847 
81.641474 78.050757 82.358232 77.783786 79.465503 86.271692 86.710521 88.813221 77.640746 79.632622 86.185583 78.750451 87.658537 81.629684 81.549127 88.012557 87.562946 76.830264 87.531018 85.800090 80.338315 81.119702 82.442835 
86.177057 89.499226 76.906703 78.224309 82.188486 86.871567 79.502671 86.183330 85.678137 81.296010 77.374093 77.156667 82.363484 79.719278 82.552373 78.254190 87.334994 84.219636 88.369853 83.983203 80.628637 81.821559 84.751199 79.211385 79.474756 80.654131 80.615145 79.959827 82.033271 81.326394 82.937875 86.511263 
82.290591 77.457111 86.509999 82.411886 80.833567 81.182854 77.585893 78.144134 88.266402 83.297797 76.764223 88.392425 83.503882 82.546795 77.577349 78.828735 81.578125 79.579268 
77.828826 89.130677 76.945301 89.008049 78.444165 84.428906 77.588819 76.575786 
89.917147 77.347144 80.273220 88.361476 89.469769 83.098530 78.875874 78.501651 82.725321 86.397530 84.594307 89.710585 89.276005 76.644391 81.974279 77.814128 83.963223 
84.504547 78.225766 88.826562 87.679248 79.428896 84.645021 88.472284 82.751039 87.239817 80.772106 
79.995188 80.822671 86.605272 79.119142 80.728008 84.292619 80.383813 79.152321 80.266508 82.007591 80.800405 79.975592 88.103525 78.220340 82.678245 77.883743 
83.493883 87.245375 79.681719 82.454963 87.110763 81.448391 88.402542 79.179242 78.506819 86.365182 86.319782 77.594445 85.098353 81.099085 77.539232 84.737297 77.174648 87.332330 84.264372 87.672399 
77.861409 88.487369 87.328599 80.450816 80.662298 79.604254 77.920532 82.834216 81.022090 86.365182 86.047520 82.991186 77.171996 78.447566 86.643519 81.451296 81.484575 77.758620 83.584108 76.901896 81.385944 78.928350 79.251353 81.448820 86.974779 80.756848 89.176986 84.739605 78.329877 80.589505 80.021286 80.163723 
87.054665 79.405331 84.217997 86.247458 76.414407 87.078374 77.411706 86.047520 
87.105838 82.415637 79.760402 83.416458 85.883735 76.416961 82.126943 87.491421 85.834484 89.688121 77.556077 79.440044 77.914895 77.415028 
89.352333 85.594265 83.716970 80.989174 85.859677 79.244571 85.593453 88.727757 89.930842 86.109859 85.459407 78.530107 80.460667 83.934745 84.847872 78.345646 84.629982 79.063868 86.303589 78.327142 78.389675 86.286841 
79.263281 77.351685 79.986034 81.772450 81.585889 81.400985 76.230168 88.746665 78.220231 85.543484 77.740924 86.347408 87.274342 84.776963 76.899248 79.043679 78.742228 80.079898 77.655992 85.034870 77.136999 
78.616253 79.863225 82.742048 85.717215 82.598411 85.263811 79.184343 80.830561 80.988428 80.053161 87.290778 88.107099 78.035818 82.664014 84.797715 84.280243 80.159606 79.565977 80.683431 
87.914263 78.909496 80.048142 83.153531 81.906999 88.781655 82.497878 78.411696 87.204211 78.547532 88.108306 77.875279 80.074908 80.580663 86.390339 87.869909 77.360117 
88.119928 89.658208 78.020433 83.295086 84.547204 89.068130 86.030290 82.568020 82.638888 76.695882 86.086477 79.074775 81.342977 
84.410143 81.886186 80.004961 79.460743 80.484955 89.596042 87.533724 83.745278 81.693342 80.940631 83.741918 89.417777 77.488925 82.820532 78.903955 83.455889 80.327329 81.025974 78.694006 79.230031 86.064674 81.454121 79.271424 
89.996992 81.737543 83.377053 86.698584 89.870898 81.594691 80.659719 78.914330 85.994749 84.292419 77.910889 78.918135 77.255771 81.144297 
76.610598 80.064580 83.189115 82.696689 88.930486 81.797777 78.487340 78.652645 80.913826 77.616149 89.398204 81.728710 80.666353 85.877593 78.893053 76.388765 
78.132695 84.718104 79.971810 84.907237 81.798812 79.654925 81.730389 79.159810 82.118167 87.205930 83.843413 86.004113 80.027731 83.869960 83.564754 89.047431 
76.729981 88.686914 78.684905 78.201361 89.299200 77.570498 82.969840 76.294056 85.133140 79.000521 80.168718 79.921352 81.609364 
88.225476 76.760433 77.725615 80.430035 89.113453 77.187943 82.433304 89.194853 78.947498 81.068147 88.855686 77.751313 80.453236 76.804087 78.804897 81.744161 81.401932 
86.651591 83.765161 78.094423 79.727182 84.758608 84.225278 80.468789 87.836623 77.009483 
78.446862 86.216962 77.911315 83.977838 77.090048 79.225426 79.051212 86.691681 79.764373 84.677316 85.956941 84.020158 78.331551 
83.186092 89.200256 79.300982 81.497135 84.471386 79.050061 84.576122 83.228621 81.033037 86.124176 88.162095 88.492889 81.012126 79.334869 79.446474 85.927999 82.571773 81.109606 79.717519 87.896142 
85.648721 77.714014 81.873639 85.008235 88.197155 79.609025 82.470080 86.526252 84.573525 83.411888 89.612325 76.311206 79.773908 87.597774 77.933668 80.050481 82.047428 
81.514781 82.519218 78.464422 79.758251 88.599616 84.845477 85.948879 88.440455 80.328385 78.347149 79.984864 79.312146 80.472175 79.892946 
79.511012 86.075258 89.951837 84.001246 88.096784 81.311005 82.714973 80.225598 77.003470 85.455007 79.745756 84.850252 87.972989 80.046123 78.710175 78.351677 87.914969 
84.984733 87.228520 81.240767 77.393911 78.149955 87.376081 81.526463 81.300386 77.922617 77.818063 83.172071 
80.681664 86.306169 83.625247 79.295562 80.642406 80.741217 83.087079 80.547893 78.573128 89.002191 84.571324 
80.904454 79.427872 86.555057 84.618188 84.677386 89.577228 88.605240 79.628164 80.795983 87.737682 82.443493 85.360422 88.044383 85.244641 76.986288 80.092014 85.671538 81.472592 
79.577333 82.132699 85.848937 77.800120 89.062737 77.724643 80.352353 82.674276 76.146784 87.491496 81.166382 82.726228 84.544158 82.639634 88.550864 80.606774 76.271177 82.833109 81.001300 80.008288 81.678948 81.544249 79.718581 88.080123 77.074645 80.357646 80.853239 84.027498 76.936978 76.229275 86.488799 
89.556048 78.508556 78.647223 79.734503 80.148872 80.830520 77.568103 87.207109 80.673055 77.008417 82.170568 82.678341 86.260790 79.551535 88.874909 87.877435 85.981950 81.266301 86.372278 85.010223 80.809916 82.665493 84.115762 82.936290 77.870770 79.381194 87.430621 
76.834453 77.394217 77.218693 80.989165 82.757884 89.906938 85.049715 76.728117 87.652088 79.192394 89.054965 79.166352 80.261988 87.622094 81.679128 82.491578 83.939021 84.690164 
84.978363 77.142013 83.501922 86.772994 79.919150 86.491023 88.015837 83.430447 86.991589 80.061490 81.911650 
82.682363 77.311947 87.919766 77.281464 80.090766 86.695833 77.194192 86.008290 81.349323 85.656641 82.039937 86.828802 80.216400 83.010205 76.977006 
82.195941 84.037353 87.983301 82.788182 89.375900 88.051998 79.129762 78.664455 76.992282 80.575398 79.687175 84.873267 77.394736 83.582101 81.619908 76.937693 86.810314 78.304788 79.162903 80.923174 83.891961 82.429343 85.329935 83.773529 79.325812 80.781518 78.519806 88.261327 87.041814 85.450983 
79.854674 89.781345 85.135906 84.250702 84.498173 80.814387 84.105986 86.222516 87.204789 85.986218 87.361735 78.077167 89.754934 88.507517 83.298137 76.219689 86.218006 80.023174 79.274376 81.892023 78.321650 76.605842 78.621831 82.371478 86.359566 83.306811 82.075550 
77.186270 83.277029 77.039542 84.662929 77.996626 83.343667 77.184749 88.464122 84.719271 89.830379 88.959593 87.445956 79.110998 81.679117 79.117817 84.627181 89.458225 81.446891 76.974858 78.219539 81.815169 83.525991 77.864980 79.001003 84.129275 77.072125 83.997188 85.467484 85.222883 77.582599 81.306252 78.999848 78.172755 78.544539 82.737668 
86.501822 84.722106 79.364788 79.248114 82.686506 86.507943 81.327973 81.279633 82.820419 77.718273 79.942511 78.808610 78.825012 79.159447 86.993657 81.277997 82.016336 79.349034 80.301785 78.700339 80.292099 79.047452 77.527601 86.845850 86.546233 81.870736 85.983449 77.953990 83.283240 82.316071 
88.136388 77.721411 76.975265 81.698862 78.077256 78.917524 82.293375 80.230559 80.564774 82.885172 87.182688 80.081016 76.983602 
84.674596 77.088903 83.510368 86.067723 77.994016 87.310253 82.368031 81.252770 87.226181 77.742145 82.334300 76.954029 83.114415 78.953289 79.851295 78.114645 82.546425 79.508510 81.251028 84.167198 84.478622 77.984445 87.258197 81.031235 
81.334941 84.432974 78.333935 77.897817 80.354857 76.698443 78.213411 89.909626 88.107825 85.728547 86.000636 88.878942 82.700687 78.186032 85.981458 78.338501 83.854831 78.264463 85.539216 79.261150 87.348274 78.037965 
76.662000 77.303062 78.127705 79.145318 83.236277 84.956324 82.139399 81.619975 88.675797 78.574342 86.000636 80.778260 85.686187 78.535217 85.981458 84.510527 78.129294 80.373846 79.942029 78.263033 79.314653 79.816671 83.816606 89.389704 77.230292 79.066865 
78.693139 81.282059 79.539120 82.837495 86.000636 88.773038 84.027036 85.823479 88.494957 83.862766 77.611994 82.565233 
78.246180 79.599518 84.439323 86.381883 85.790654 78.292017 80.575413 78.101607 77.469953 77.223282 77.551530 86.922767 82.481085 79.332686 85.775426 86.001037 76.254967 80.996277 81.536282 88.732241 
84.823723 88.980912 80.357529 79.211185 85.288712 78.496804 77.026556 79.591489 80.762553 78.824849 78.996652 81.495620 86.324660 87.925242 85.810107 84.696144 77.721285 76.223697 76.821453 77.114651 83.758351 78.590674 79.856235 78.753937 86.890703 
78.606974 78.636324 76.941400 78.994942 77.169859 77.499041 81.802071 84.955688 85.440080 83.940337 87.318117 82.236401 87.278340 86.491850 80.319760 79.201841 78.893348 81.116327 79.105440 84.276315 80.113984 84.133490 78.723876 83.067366 87.881496 
77.175191 83.612379 78.843528 76.740518 81.172875 89.986064 78.484938 83.193208 88.782094 89.473644 86.833853 81.229210 77.279531 83.762386 77.431385 80.096819 81.379390 79.676775 84.516549 83.069180 78.374424 78.279435 82.038283 77.025637 83.759776 79.289155 
84.957740 77.313569 76.310283 81.004072 79.454327 87.239339 80.777277 79.448402 81.273929 87.150013 80.666133 80.488698 85.979122 87.146178 85.749957 86.386551 79.075063 89.246338 81.250260 84.352855 78.830148 80.899307 85.342243 85.346708 80.667579 76.544751 82.942160 85.182248 76.988176 83.528214 81.657592 
78.404578 76.807621 83.783018 84.586740 88.483719 77.672758 81.234070 84.355152 82.111563 88.435979 82.910255 79.914409 82.205790 88.061200 84.523851 76.490003 88.755523 79.403631 85.090810 77.969724 84.067502 76.401940 84.083871 80.246599 86.938159 86.103391 77.554836 82.785023 
82.223842 84.885577 79.221705 83.386008 81.217023 86.800651 76.583852 81.497775 84.227229 77.348350 82.700843 78.499750 81.729817 88.309697 81.690131 87.573151 81.772283 82.567010 86.279656 88.772322 78.458181 80.411402 82.442963 76.277964 83.386560 
88.118750 82.599839 78.617472 77.848850 87.010827 76.808905 88.844419 80.881917 88.418254 78.584300 79.349029 77.987841 
