84.224237 76.821677 78.396782 76.987818 77.131406 85.232325 86.499890 86.576759 77.347568 81.290201 83.546723 84.718120 80.052828 88.091487 88.933984 88.214760 89.040299 76.674676 77.120430 79.479630 80.512577 85.840709 79.097936 81.808606 79.842127 79.324070 81.525438 77.578318 89.280930 88.437223 
84.410177 80.157498 76.820863 86.644845 86.713389 83.450942 84.089329 89.833922 77.719992 85.405722 80.727018 86.122958 76.428901 80.404961 79.420715 81.556859 77.576589 83.519661 83.842152 88.846486 87.134881 84.460390 85.298741 84.521259 84.101330 77.014031 81.132434 86.562964 84.405952 85.210911 87.920693 80.222377 89.116817 85.945926 85.853731 86.780864 88.881708 78.680163 80.705853 78.706963 78.687233 78.950530 84.172176 83.070813 81.433644 80.075428 80.085764 87.482458 88.620703 85.203529 85.126829 77.353842 78.742725 
80.399657 86.308765 84.148121 79.621228 87.923759 87.936477 80.229225 81.041785 77.769689 76.451037 79.662604 85.509964 79.739893 82.493117 79.274227 78.032519 82.414611 79.506787 81.183675 82.178074 82.771097 82.850459 84.508781 
89.652302 80.627295 87.944010 89.967508 84.605625 86.931087 82.861003 77.255242 87.817949 83.260934 84.735419 85.236446 81.035812 80.116539 88.148199 79.687009 78.868928 85.503911 80.173585 85.188022 83.435888 86.500377 85.038653 79.173504 81.026264 84.379014 
83.848352 77.040623 88.026863 85.176467 87.857160 85.875143 82.247510 89.411185 76.521181 84.705785 78.954446 77.370984 87.255387 77.071040 79.074406 84.281115 77.892518 81.168257 77.400223 88.347092 80.362117 79.330056 88.970779 83.457583 77.420415 79.687362 76.937432 79.052967 
86.909641 76.588775 89.006698 87.456404 79.355645 77.829173 77.498897 84.430185 85.710592 81.386494 82.015033 83.399249 82.326467 82.988002 80.030263 78.965127 89.393934 80.570785 79.847296 87.894414 
81.720954 89.571969 76.885010 79.328124 82.119388 84.496094 81.201718 78.951512 87.005693 87.944074 81.265102 84.107521 79.551452 82.574855 87.618298 84.319501 83.577570 83.669519 81.644040 76.463201 77.218945 78.695047 78.594246 79.008172 77.175235 
78.712460 76.448485 79.165970 84.650243 82.096166 77.029396 87.488731 79.826919 86.706115 82.858139 84.044141 80.582780 77.111574 78.089169 77.934128 89.523126 84.477730 84.113802 
76.946366 78.263844 80.235495 77.786122 86.829014 86.995699 82.435944 87.157927 76.616152 78.528524 77.586053 87.465720 84.904797 77.376375 
88.464320 86.559558 82.122708 76.849369 78.794090 80.864004 81.733048 84.924596 87.854586 79.571684 77.624957 84.876389 88.874740 89.051204 86.302915 76.152161 80.758727 84.848493 81.627775 79.579409 83.614161 79.500161 80.723965 
82.311897 78.672659 86.752089 86.722645 86.122893 83.985006 78.753110 80.594712 80.392232 84.007971 89.308983 81.675894 88.021521 83.803817 85.011979 81.817201 89.046250 82.197337 83.346961 83.550178 80.490222 78.260742 81.932910 
87.827315 83.928306 87.846688 79.594431 77.872863 81.489585 79.937864 86.755042 77.226380 82.219204 81.080182 84.880324 80.338249 83.168392 79.608073 84.199899 78.414223 80.724421 
87.487722 79.788864 84.447579 84.066832 80.895415 87.012906 79.057973 89.596739 77.416327 86.384650 79.261992 77.180900 81.488935 87.491547 78.981363 89.725931 79.411474 82.696747 85.275765 85.008836 82.822827 83.664014 83.109450 83.618771 80.483356 80.873284 81.231380 84.214108 77.249000 
88.332526 80.037307 81.077460 82.721855 86.341666 89.144918 86.139627 86.372526 78.553302 79.909079 81.790054 87.274728 81.054828 81.256774 76.593898 84.133302 80.498156 77.028344 82.118467 76.135734 79.102777 81.976945 83.269800 
81.719663 87.958242 82.838772 89.881757 84.670998 86.646244 77.858662 79.355939 81.540384 80.232208 87.843463 76.683533 83.237733 80.925684 
79.184226 80.180267 79.594891 87.583949 76.949140 85.873127 84.599551 83.897512 87.532673 86.241650 85.080364 78.117936 79.290680 85.323170 79.677460 
78.417504 87.679374 79.188124 87.831663 80.142270 82.861379 86.933400 79.004490 86.506921 78.184937 89.949292 80.063173 79.191880 77.831831 81.741903 82.490406 88.245000 76.853839 78.084726 86.647744 82.580068 78.635660 87.925956 84.084203 80.812237 82.826667 
78.043495 83.862501 77.215849 76.234778 85.251133 76.952910 80.704197 86.640601 77.273288 78.987198 79.892091 82.288505 83.157817 82.518059 77.342337 78.872009 86.703163 87.430971 79.782548 80.289766 79.455251 78.441336 81.890730 82.910104 81.763224 80.657142 
76.254212 77.037698 84.414472 82.291417 82.502333 87.082739 85.690519 84.630877 86.985718 86.913144 82.691527 77.853119 77.396845 86.359195 78.441868 83.148101 79.160521 77.422568 
82.596084 87.598444 82.014681 89.384859 78.704225 82.008127 85.171115 81.409407 87.004733 89.765624 76.765788 86.843558 76.688966 78.542772 89.143377 78.591767 79.556166 81.280427 79.853083 82.275090 83.597468 88.641875 78.794428 76.592990 
89.336732 83.047771 87.023680 81.215506 86.908269 79.625112 78.586775 76.982028 84.174921 84.157456 85.919527 77.120683 81.819760 82.518795 80.720164 77.744906 78.543156 82.744520 78.357104 77.935762 82.339841 
79.767831 78.875684 80.186899 86.805039 86.653055 80.965849 89.585460 80.376187 87.371343 79.469687 88.079904 89.076884 81.843462 84.275683 81.796176 85.261231 77.213141 89.909129 83.458254 80.789704 80.029676 80.322820 87.972793 80.625411 79.641907 81.909734 
82.516981 79.096808 86.812131 86.711439 88.485314 82.242346 81.111237 78.207626 88.143273 86.760034 87.548600 89.806639 79.404046 82.961976 76.769709 78.722123 77.554970 83.668802 77.153581 79.696264 81.011058 77.072329 81.901149 76.470807 
79.890031 83.089825 88.007512 86.532636 81.193228 78.228188 83.803912 78.131034 85.218485 85.482935 88.431610 78.301131 78.511712 82.633172 76.656394 78.982903 89.982465 80.921817 81.194103 78.578436 76.911985 80.335204 76.088973 81.350056 81.853217 80.464601 80.174573 78.602947 82.277227 81.766399 79.032887 83.342694 
80.217897 89.477692 87.878856 78.230691 85.258300 79.710697 81.976759 83.324162 81.412564 78.282259 88.355302 80.563499 83.526621 89.250064 77.186800 80.157277 78.105528 83.981460 78.685495 76.616115 86.667339 80.338322 77.592120 81.731800 78.814813 77.251108 82.569078 88.895777 81.340078 89.529621 86.328855 
89.123180 78.951280 88.609478 77.617437 83.143638 85.265636 80.183195 79.075519 87.333359 82.117516 88.085954 81.729364 82.465882 86.770867 84.386147 81.166206 88.770957 87.678031 79.462836 81.175434 89.408610 83.521175 77.981984 77.065077 82.578271 77.727906 
85.126315 86.876610 83.043396 86.435703 87.170402 88.639506 82.960881 80.451972 86.290879 77.327541 81.552003 81.135669 78.786996 87.334898 79.297404 89.370833 82.896954 79.489439 86.977997 78.417436 
77.704311 77.073766 80.744822 87.801963 83.676274 81.317126 86.095621 85.062969 76.969818 79.328399 82.618073 82.247977 80.401771 80.427243 77.163035 85.482220 87.415355 82.774377 87.161459 77.902339 79.810002 78.295735 79.460081 81.604763 78.440838 82.288939 79.642450 77.432785 
83.847208 87.921455 83.454773 85.271826 77.743874 83.511538 77.934751 79.096476 89.232418 86.438590 87.202991 81.032976 78.384687 81.789149 78.375208 86.605543 80.908583 77.898980 82.089803 82.166658 87.005913 78.001620 80.904451 86.632161 79.941210 78.635022 81.267632 78.792468 80.400227 79.827741 
89.641329 81.455476 88.374044 85.021722 81.271588 78.354575 81.468480 87.495291 78.859119 86.442718 80.970383 87.932058 84.288500 76.916867 77.003453 82.988653 88.188734 
85.577607 87.995668 83.926254 85.325817 83.453615 82.897664 83.863108 82.280312 87.605228 83.646173 82.486218 87.852040 89.271157 80.027165 81.538572 85.087471 83.001293 80.623415 83.504260 85.004975 
77.416716 78.811057 79.221485 85.224756 78.032589 88.118053 87.855310 88.117533 76.800848 76.986741 80.101078 80.806532 86.188674 80.152229 89.085410 80.552726 82.886295 82.430315 83.091895 
86.792993 78.460857 87.162964 80.938526 81.941445 79.529364 86.639145 87.208270 81.680866 87.300816 77.818257 77.982108 86.905279 84.880961 78.068545 77.515292 85.058798 80.773443 85.801479 82.826953 77.229838 86.838483 83.240405 81.295140 85.625425 81.239371 77.960951 78.233676 82.079899 82.576655 
84.136593 78.865499 77.567068 83.102170 80.777262 85.864552 78.020119 82.491789 79.920035 79.655333 88.795746 80.745694 76.843940 80.740781 78.235268 82.189565 80.977858 81.109083 85.940585 86.049190 77.217677 88.039025 79.581389 81.812438 80.071980 79.882023 84.008436 89.665174 80.520976 86.125568 80.799592 83.584676 78.834042 79.279068 87.692464 80.216381 78.577158 
86.607658 81.383361 87.303072 78.885255 76.607608 88.641877 79.083838 80.319112 79.706676 85.266142 89.923930 78.836923 80.785695 88.746727 81.694650 86.424373 80.445608 78.517763 85.238364 83.928107 76.517860 87.920704 79.087173 85.790188 
89.396970 84.271027 89.787647 88.088141 83.522255 81.368357 86.133452 85.898622 87.577026 80.462301 83.873121 79.130227 79.195845 85.676811 82.252682 89.597747 81.725091 85.070801 77.314303 81.572385 80.367634 
77.978178 80.962373 77.709946 87.560309 79.139616 81.951851 80.462231 83.392027 87.359382 86.175564 79.746902 81.307969 78.364433 83.658366 84.979419 79.427334 79.616353 88.112368 77.099359 79.222584 80.039533 80.208287 82.383193 80.676160 79.568406 85.265655 88.157267 77.552006 79.393409 79.270290 77.087677 83.791491 88.659262 76.682115 78.839683 84.101146 
83.768035 81.748271 86.429398 89.174181 84.535128 86.116560 76.965092 87.273689 77.044631 85.426816 80.463022 88.744908 77.801529 80.168864 84.118670 79.596582 79.979070 87.339574 79.135174 89.028368 78.948425 77.805752 79.022082 84.635077 86.535685 82.904118 84.032154 81.359019 76.633793 78.276039 79.195317 77.674850 84.488644 81.942543 
79.548058 76.938125 84.333075 88.774063 86.067598 77.653711 78.813028 80.168996 81.603936 77.149438 77.467681 77.925187 77.404533 79.894343 78.086778 89.059691 79.112915 82.080546 79.441041 81.662980 79.766180 80.345460 80.962826 79.482369 
76.586886 85.606354 88.612893 80.485394 81.055834 85.637352 78.930918 82.366281 87.592550 87.824246 78.498433 86.667810 82.658035 78.644861 81.663420 78.161457 86.252686 82.157663 76.331726 77.495649 78.594103 82.385910 86.099724 85.556142 81.551580 81.117063 82.588466 79.785570 81.386732 87.195788 
82.588154 80.294242 79.553454 77.268076 81.173038 81.005145 80.691760 87.469557 80.262055 88.613432 79.351186 86.533268 76.671875 82.194176 82.460505 82.844506 86.345550 80.963275 81.687584 81.659186 76.951741 81.145536 
85.988180 87.306543 78.914408 88.459003 87.839243 84.876431 83.882654 81.034628 81.097801 86.405382 78.213648 86.732904 80.054332 78.261492 78.129689 89.602551 82.905521 
81.901633 77.207754 87.827036 88.277493 81.896453 84.798701 79.619650 80.845272 78.985070 79.999397 87.694840 77.590263 89.697386 86.014915 77.157744 85.536824 87.127699 79.531316 79.030827 83.655477 79.626681 79.800106 79.157043 83.459643 
86.963345 78.466332 76.754012 80.860641 87.474665 79.380263 82.823539 82.815629 79.068810 78.115269 85.584111 84.585368 87.817365 79.947181 80.814641 84.331865 78.373960 77.596218 84.598651 89.649930 83.058532 87.995388 77.989239 80.180177 80.838640 86.346045 78.853996 80.423272 80.306086 86.558799 76.749935 78.222876 81.041861 77.322947 77.724270 80.863679 
83.610260 81.750489 76.761648 89.552979 80.942906 80.995659 77.201275 84.658209 84.815219 81.175098 87.184163 80.593929 86.845294 87.097138 83.478896 84.115455 78.395470 82.538569 80.146215 84.826635 81.977425 77.445944 78.200832 
87.829125 86.149614 81.597667 77.208997 83.621132 77.059720 77.415759 84.838006 84.360639 81.218814 76.846577 84.067000 86.641835 87.985765 81.843390 78.353655 82.322089 76.627038 84.773103 85.576971 80.321744 86.060749 81.674572 79.474233 79.292297 79.866445 80.235615 81.747068 80.981480 80.660921 82.480215 79.254268 
88.091359 86.064251 82.029434 76.641676 77.841319 88.526672 85.738811 82.421425 84.770695 76.570563 84.870620 79.593477 80.211834 82.344497 82.157301 88.762671 82.549505 78.826488 
88.359098 82.016847 77.615914 78.748787 83.900632 88.396317 85.568368 80.335593 81.664251 79.634695 89.903328 77.345612 78.421900 79.705928 78.294599 84.341206 76.936730 77.993697 76.782656 79.386306 81.735758 85.835496 85.883008 77.937323 89.544042 77.786684 79.291833 77.313461 84.018364 83.547725 82.667660 84.256399 83.749251 82.768513 83.131594 80.164527 78.618440 77.979780 
80.587771 78.718453 76.979620 85.765552 80.468081 88.761500 85.409670 78.562087 79.347493 83.993130 76.259437 78.437852 88.942860 88.692746 78.613906 85.879409 78.669712 79.223632 77.478193 78.567362 83.180818 78.295749 83.336630 80.781524 
88.364588 83.475557 77.304512 78.942903 77.862787 79.341875 89.967442 85.616163 84.589087 88.503841 84.776873 79.044239 80.753118 80.644381 79.763917 81.328357 80.539761 83.626960 77.677153 82.780197 82.415573 83.621157 86.113519 
87.492956 83.511933 84.904407 82.089453 83.081167 88.218979 78.805597 85.860758 80.396154 87.490411 
88.032033 77.826032 77.407020 86.776970 78.474882 78.859188 79.459890 87.148384 85.095927 88.230524 78.928733 86.475176 80.412393 82.076860 80.063080 87.960941 87.926936 77.743686 
80.515763 88.961992 83.491947 85.332660 87.182171 85.736637 82.385010 87.960977 82.440681 85.699884 77.404601 76.644404 77.812271 86.150999 81.688740 78.247771 79.501134 86.297303 77.725940 78.167072 83.287640 81.252033 77.527209 79.977793 85.469947 84.153688 
84.871799 78.203807 79.629160 76.446817 80.717742 89.689499 87.117278 85.485460 80.122684 83.649375 78.696864 87.634971 81.799320 86.226784 76.621441 89.511462 82.663504 84.884021 88.207799 82.630494 77.519571 84.827078 82.218594 89.777421 81.486345 78.885424 82.523720 89.240384 
85.123365 87.288132 80.602069 85.152444 79.300986 87.797475 86.388546 84.440498 87.555280 80.222679 81.716357 87.513262 78.182441 86.837730 82.654463 82.589422 76.676479 81.916759 79.258968 77.240957 
77.999283 86.609807 81.046879 82.592948 79.964040 82.375382 85.145001 87.493902 79.726048 85.860959 77.293847 77.865756 88.446800 80.745083 83.910867 86.921742 82.015281 78.772310 84.992611 87.782594 79.252266 84.933627 80.747927 89.874445 
87.702736 81.121908 79.976907 81.537461 80.386675 86.947681 84.120859 77.746887 87.830791 81.535242 85.298943 84.383959 88.533815 87.152121 86.346682 80.333987 76.877577 77.812423 87.800566 
88.347884 82.335503 84.965196 86.742323 88.578017 81.390209 79.928673 76.618219 77.506632 84.892752 82.014061 78.232741 77.164163 83.293106 83.863934 85.526063 78.941396 81.820870 
77.945710 84.708068 79.476789 86.463888 77.839847 87.244154 80.085480 81.769144 77.841749 88.433901 76.690134 77.573035 78.537994 79.939493 77.351255 84.362936 79.795513 89.691827 84.621926 88.440029 83.573493 80.967494 78.276455 88.971597 77.443646 83.079549 79.129375 87.537661 79.564945 78.207151 77.873174 82.321364 78.536568 77.609082 
81.508928 76.327502 83.839272 79.424044 83.804761 85.747509 78.244234 78.564172 77.725642 79.177308 87.817422 88.145459 76.718888 77.968145 80.199203 84.309159 80.206538 77.850351 79.850494 88.048974 89.336196 86.916006 80.677211 77.681497 88.138723 78.741878 83.269042 77.051974 81.003957 79.276232 
78.635685 88.501864 77.392735 82.798439 83.593492 79.354567 82.983775 79.105299 83.151418 85.668684 83.553276 78.974245 76.580888 84.969265 86.123942 88.390529 88.917159 85.583415 82.970555 77.716779 81.836970 80.151447 
84.179647 77.705981 80.651663 84.444745 86.370656 79.247509 88.898337 88.598318 77.774343 77.833367 81.124488 89.144972 86.189362 78.453307 76.846928 76.689497 78.132651 80.082632 
85.589252 77.589854 80.588048 86.534512 87.902302 84.985836 76.391280 89.090984 83.773042 77.581405 79.922349 76.777203 82.014312 81.770834 77.318056 77.427293 77.538154 79.371040 76.688155 76.696951 77.362915 77.440261 77.283449 85.564993 79.136723 80.637359 83.294152 79.091975 80.755286 86.040139 79.927688 79.360643 
77.485143 80.376201 78.296979 88.599400 80.237023 85.173666 86.152503 82.536056 83.721153 80.063952 77.972298 80.354010 83.058265 86.199171 79.213552 79.050409 88.095336 87.455612 77.175119 89.801751 79.644690 77.120892 89.419380 86.938907 87.108270 80.184666 85.703652 77.588421 83.422923 79.249881 81.884640 78.604720 85.211955 76.947804 81.374949 79.620056 78.715055 89.809259 77.063620 79.487582 84.833104 87.184966 82.962906 
78.201989 89.670208 81.024110 88.438299 78.837786 83.941816 79.015321 88.298395 85.452139 78.880045 77.218703 79.804827 86.802724 81.883771 89.039680 76.861636 77.009718 
88.120988 84.948199 82.810378 79.272265 78.939401 84.833585 85.463729 84.909886 81.836011 77.346754 87.308169 79.549860 88.732694 83.570750 78.292558 76.421478 
82.893788 80.733462 76.620076 79.999672 78.238883 89.523912 86.659437 78.626008 88.629288 84.465177 86.659443 86.724255 86.365505 88.818447 84.616470 79.762638 83.874008 79.821503 84.266882 78.272848 
81.128763 86.833266 84.420041 82.635221 86.818122 80.714121 86.682267 78.741097 82.159202 85.058834 87.118528 87.230492 84.935898 80.932786 78.042323 86.850839 78.405018 86.922724 78.351513 85.388501 81.279569 84.262996 
82.668481 87.478898 82.292514 78.267602 82.301768 85.469661 86.707803 87.512465 83.929221 85.604491 87.331514 77.288712 77.814213 78.953243 79.367543 89.931875 88.860933 82.150479 79.174083 88.549045 80.549164 80.508403 79.410199 80.414087 77.203720 79.828913 81.153920 77.567594 79.749019 
85.249226 86.785336 84.736275 85.428869 86.827444 78.261639 84.169034 76.241967 81.195593 79.087147 86.432596 80.999514 78.156522 86.105451 81.348293 81.161670 83.826342 
78.608222 80.021320 81.374331 82.521466 87.296773 78.442556 89.035232 77.099552 81.328440 86.951701 85.337132 76.883111 82.692432 84.275541 81.249980 87.939459 84.919585 81.873116 89.142703 80.530963 86.805120 84.547798 84.359968 78.898765 77.364486 82.154608 89.147450 79.591359 78.175374 88.086388 79.915063 79.724956 
80.812186 76.934968 87.196499 77.669296 84.103992 79.592760 77.585741 81.049851 83.717373 89.586054 89.137707 77.046058 84.210908 79.902165 85.664954 87.825721 88.579846 89.810598 89.235915 87.069100 82.601454 77.839622 86.935330 82.041865 88.793677 79.819499 78.492036 78.980089 79.618555 82.956573 82.721491 79.716816 78.760403 81.579561 78.388271 
81.175817 80.200808 79.528864 84.679809 81.270519 79.170240 79.962688 81.167852 84.253967 79.413196 88.769803 85.368707 88.433610 77.276708 83.076708 88.188644 77.028241 88.388960 79.721894 77.441593 88.309468 88.754179 84.299512 78.683873 88.897558 79.373234 79.462782 78.015399 77.879818 83.407744 80.965900 81.155096 
87.518915 83.354051 87.500620 77.654972 85.441515 79.233374 84.048306 79.443142 83.175409 80.998520 80.522670 77.726277 81.880989 76.289444 77.443104 80.444744 80.018525 
77.037979 81.666702 77.421197 78.203346 85.840887 84.099248 82.471642 85.217547 80.483381 89.023170 80.326866 79.185336 86.120590 78.723623 80.314046 80.545840 86.117499 80.417381 89.496922 80.909566 77.595065 89.457716 76.523127 89.680567 76.329112 
86.385692 88.439261 85.491375 79.806552 85.478711 77.282604 84.655600 89.531728 82.064516 79.766990 78.312696 80.981584 87.967007 80.170261 83.498330 83.428412 85.467982 84.923900 76.533531 83.381518 83.933932 83.338475 83.374983 86.760023 76.905556 81.704060 82.361929 80.069101 82.120218 88.418511 85.605165 84.898558 78.781349 81.183646 79.679760 
78.088966 88.793068 82.418550 83.450428 76.648311 80.102214 88.426510 85.947139 82.653290 80.545307 87.784065 76.604406 84.825865 88.211670 81.182090 89.042017 82.677392 
81.019633 81.010668 87.254718 79.969207 88.193897 87.672180 78.602563 83.055474 87.067153 82.593317 79.209084 87.247742 84.996988 82.099903 82.065961 81.561357 76.808992 83.985261 89.715001 80.132530 78.738267 81.921874 81.065731 81.195983 80.053144 79.482500 81.604479 78.138431 80.806904 77.298529 83.813033 78.102048 84.353924 84.188499 77.778705 77.248473 81.717826 89.802318 
80.440833 76.946478 88.098836 76.557116 78.904571 78.734664 83.064786 77.504169 89.318301 85.996242 81.112695 86.230300 85.588199 80.480630 77.835877 80.101052 79.561307 79.516960 87.846066 78.111008 88.848619 82.793105 79.154571 76.928542 84.550276 80.938038 78.340178 80.350755 76.892928 83.228227 88.682261 
83.347143 88.932734 86.663998 77.286059 82.029836 82.721847 78.650726 79.457059 87.495292 80.692957 88.006979 85.213008 83.623299 81.259907 88.623609 89.841685 81.102486 81.990271 87.535743 82.625645 77.483150 85.044119 76.765801 77.613897 81.639473 78.748041 76.738603 81.331703 78.992065 87.894345 
84.399834 78.516388 86.106047 78.236359 78.374319 79.123692 80.947820 83.637682 78.178426 86.475894 80.806400 85.852963 88.531388 77.057544 77.017757 88.156392 77.072077 88.853345 82.764604 80.985567 85.872898 88.766481 81.904766 85.643584 82.964336 89.118468 79.319529 83.234294 77.010170 82.009334 
79.887929 76.752716 78.841512 85.175895 81.990923 82.623888 79.424098 80.082870 86.543479 79.348531 87.013903 85.321971 86.271199 79.342475 79.029013 87.495611 87.994168 87.357213 77.308229 79.835817 76.335502 78.285352 82.974448 77.173723 82.437287 88.267435 88.843597 83.626048 86.127748 
77.714484 76.705183 78.579463 87.002469 78.436567 85.688549 79.157099 82.417059 80.976639 77.227665 87.274646 77.644897 85.926237 88.284999 78.131925 79.743559 85.631803 
82.171370 76.684924 77.840868 81.881826 85.987176 77.431896 82.403438 86.099434 86.069727 85.394318 76.932797 84.545745 79.526117 77.751875 81.715013 77.903633 80.933926 81.124041 
78.462499 86.675071 76.760883 82.497832 86.583584 86.213454 84.845054 76.697541 81.803343 80.117381 85.697410 80.370125 77.616055 78.463263 79.887109 77.555680 78.998909 80.948613 78.206705 77.079089 81.002992 
86.814879 86.802414 86.267496 77.999124 88.753312 77.292768 85.938887 82.457650 86.975955 79.871941 76.998766 89.061970 77.195527 78.333693 78.937940 80.139513 80.562955 80.639591 80.547508 76.878047 82.614933 78.339863 83.785748 81.120177 
86.294474 86.818996 85.970378 77.944532 83.040969 77.082839 86.227465 79.945376 81.114308 78.373230 76.441653 80.913264 89.826974 81.607386 77.043659 85.633761 77.598376 86.420672 82.876167 77.193350 81.804124 83.331829 77.351331 84.900884 78.170184 87.572130 76.929829 87.351214 
78.254501 81.321744 86.828320 87.396189 78.249962 86.425281 84.893544 84.346429 77.014983 81.100366 78.102009 86.078787 88.714916 78.240463 79.610971 89.036125 79.504306 84.917497 78.750047 
79.951893 86.712570 86.757698 87.667787 82.390935 85.140553 79.952961 81.667745 76.845928 82.090139 77.095271 77.440504 77.681600 85.597705 87.272282 85.711290 82.476364 82.455358 89.675225 80.946567 76.613494 86.968626 88.673448 83.871390 85.371755 83.001395 79.391139 79.737075 78.279903 83.980409 82.820292 77.102570 
87.630332 79.617276 83.384073 83.018165 79.176828 82.085033 81.268525 82.728072 86.533195 86.679474 87.588898 80.402346 86.520508 81.911795 89.605523 81.603788 
83.695728 84.725070 89.800579 87.267627 86.423685 86.964427 76.198086 81.528908 78.058964 82.449084 79.426960 82.093671 84.825216 88.104198 77.639932 82.564486 84.201213 78.310764 
80.710934 87.142958 76.511929 87.696311 86.826504 87.963140 83.760301 81.379224 83.288229 76.801116 76.321741 80.561105 82.276132 83.637160 80.983801 77.946432 79.511144 80.262634 77.681219 79.725733 80.603737 84.771224 77.056916 80.456095 80.937632 88.988401 83.471037 80.208774 80.193454 82.910410 81.526840 80.642873 82.980433 76.462471 78.191693 79.251089 82.507091 80.233465 
82.844367 87.161830 82.152466 89.611734 86.937888 83.152224 83.159522 85.966091 77.798818 89.039139 83.449970 86.306330 77.788400 77.179952 84.445098 78.358538 79.276510 81.572211 82.181863 81.854786 76.745005 80.118623 87.681433 83.498932 
85.499891 76.725310 85.093406 77.012666 79.940349 86.171429 89.172892 83.748474 80.876186 78.699515 82.195363 79.423153 77.116618 79.288193 82.080354 77.465004 78.452953 78.567840 77.524983 85.268382 
88.124282 83.322155 83.974593 89.425771 77.990809 80.097583 80.860580 80.045438 80.880490 80.943201 78.883947 86.427408 86.001008 87.752890 80.815687 87.029519 78.635020 89.877105 83.830274 83.318116 77.085043 80.926806 84.019252 79.866207 79.101191 79.392846 83.271724 85.785302 79.777772 79.174547 79.509861 
85.789473 86.097533 87.721809 83.555671 84.734270 80.977633 84.934300 77.304648 79.572382 78.873817 77.923810 81.299325 83.917094 87.201241 79.763259 77.172547 80.895579 77.133142 83.478271 82.720751 84.098492 79.986599 79.996113 79.065779 79.938243 79.884790 82.612965 
86.411726 85.989648 79.994321 77.314286 76.572476 88.371216 85.808305 88.296201 76.640640 78.620828 85.326231 76.841451 88.037683 86.402079 84.146296 82.910574 80.121865 81.137332 78.233771 78.387349 89.144892 78.194509 89.405842 77.511442 
86.222074 82.036253 81.738289 87.989625 87.907714 83.249305 89.710464 77.049042 81.056243 82.155964 80.950868 76.620395 81.444469 82.007280 85.891568 80.240372 83.820007 79.309709 77.545899 88.599765 78.224265 82.673388 86.715955 77.267306 78.760395 76.491355 79.913178 86.051642 82.419034 88.324463 80.215958 82.637438 
78.927242 80.774680 82.483022 77.747570 78.461476 84.793237 78.486161 81.601500 87.099421 83.243371 82.993747 87.265501 79.873335 80.211405 85.217492 85.137821 80.255008 80.776173 82.494760 80.631060 76.590544 86.884397 81.330487 87.633046 83.697641 89.283119 78.053421 83.327737 88.919810 78.602728 77.310461 87.920348 86.015264 87.057387 77.221021 88.955787 
80.000720 79.800204 80.360316 77.464537 79.647751 83.201264 81.056444 80.662731 87.295731 79.261364 86.067968 86.705342 78.115539 78.479727 77.305116 84.120752 86.227729 85.690747 78.959164 78.038358 77.779503 88.101251 76.834687 79.427262 78.594385 83.366738 78.917544 
