 93.786197 776.754581
 71.767964 772.905215
 98.471485 773.150115
 52.264346 771.732356
 75.486260 771.814363
 93.809745 770.784468
 77.148438 774.192287
 95.458311 774.194229
 79.070253 770.139758
 84.729402 770.346671
 68.912352 765.535430
 75.371962 776.946507
 96.949050 761.329715
 75.807415 772.481453
 77.653291 766.289482
 65.546934 775.291505
 78.278497 778.449830
 84.587722 771.885166
 63.721825 781.660070
 68.425023 766.890023
105.087696 756.921881
 75.967959 767.665266
 53.554450 764.383646
 54.023862 767.466699
 58.334997 774.962932
 85.844299 766.005801
 58.728679 765.828425
 49.396870 762.368798
 77.125203 772.184198
 79.339023 773.910087
 81.466140 769.739161
 82.122913 776.486265
 56.899711 774.618164
 54.378614 772.208238
 42.262874 775.423680
 70.716710 767.289158
 84.242639 775.315891
 43.294024 761.860757
 56.990874 773.697483
 44.057142 763.583670
 54.457982 759.906098
 76.435903 763.924601
 61.250845 769.805258
 98.195448 771.469541
 89.476671 771.171898
 78.342241 779.089514
 62.761614 775.439666
 63.792513 765.507174
 96.233069 771.194552
 68.695077 762.930226
 48.457292 765.798260
 65.635313 778.682799
 46.651769 759.734103
 53.997450 770.966100
 71.765690 770.696192
 95.570992 769.560245
 43.977553 779.163944
 55.222956 764.038657
 66.129749 770.859475
 69.358300 764.565388
 74.621929 773.122774
 65.601222 776.377139
 51.996079 775.767110
 71.682682 770.349448
 61.890829 781.062927
 66.272286 773.959139
 64.861090 782.380803
 56.847919 774.626733
 59.544511 771.870167
 44.100673 772.884465
 54.281524 773.565256
 69.827035 772.249911
 56.098559 762.531156
 61.892067 769.115708
 65.123373 780.613758
 45.060162 767.285352
 56.723902 771.531656
 58.361796 780.368624
 84.920805 775.298561
 77.444649 776.024159
 66.878412 778.198296
 45.995122 773.698293
 58.658470 774.751949
 87.266608 777.854084
 85.164363 773.815518
107.219163 779.704026
 85.937748 770.057143
 61.151317 768.182589
 70.944141 767.696745
 77.838984 772.852244
 93.880128 763.746130
 42.390745 778.412482
 76.920908 767.135093
 85.387152 766.925046
 74.141463 762.537691
 93.123741 772.545653
 86.907714 778.427074
 78.925819 780.390334
 74.623048 776.685132
 45.259692 762.191972
