48.989803 44.452789 46.320026 46.368970 48.280418 51.292214 49.464748 51.549268 44.683257 49.815386 46.941481 50.338333 49.713105 51.292891 51.996320 50.420196 50.392757 49.016544 45.093525 48.300318 45.207530 48.383494 47.029465 47.201477 46.563270 47.867003 49.496148 45.597994 50.121967 51.891907 
49.818572 45.564400 43.820176 51.139919 50.919674 50.309537 49.178980 51.636911 43.568687 48.894239 46.793355 48.398938 49.064787 44.643372 45.706189 49.028216 46.041303 50.562853 49.557630 51.525508 51.343514 49.008616 48.395797 48.100343 49.120553 48.398864 45.710571 50.698631 50.528742 49.197565 51.906182 44.045140 50.238515 49.977398 50.811520 48.727072 52.174501 45.474775 44.971696 49.456182 44.585081 49.306314 47.610919 49.030930 45.553908 47.369919 45.721847 51.436830 51.732646 51.218833 48.262331 47.831899 45.648244 
44.063361 50.467482 49.031148 43.862901 50.962261 51.803086 49.016662 48.722909 43.483600 46.629800 49.151283 51.033794 49.168749 46.966644 43.681031 48.724727 48.195001 45.549095 46.118350 49.907368 49.251285 49.392259 50.500846 
52.284989 49.598515 51.985497 50.148361 48.339542 51.202848 47.722528 43.116555 50.535657 47.215102 51.141292 48.509343 48.964564 46.318315 51.552983 46.497122 46.575486 49.145306 48.227608 48.264447 48.792754 49.303114 49.947137 48.605852 47.718317 47.251915 
49.285391 44.084395 49.903546 47.725656 51.817438 48.976603 47.194032 51.063744 47.144884 48.347492 46.807729 43.461993 50.491598 47.604739 45.740220 50.991349 46.153264 47.710333 45.038421 49.366891 44.963938 43.298131 51.718411 49.963908 45.476587 49.186847 44.169428 45.063613 
49.193686 46.314518 52.209909 49.513700 47.301445 44.266418 45.047215 50.475566 49.307389 47.978122 48.927729 48.393252 48.827947 48.388140 46.966204 46.038997 52.247867 49.159161 47.744190 49.047471 
50.040855 49.945694 45.493977 44.985889 50.403377 49.363341 44.862110 43.323540 49.112705 51.914495 46.727203 50.040569 47.959527 47.213565 50.019924 47.195932 48.251377 47.580171 49.288779 47.015803 48.958849 46.910912 43.917218 48.491423 45.283164 
45.763137 46.184370 48.113780 48.300612 49.482921 46.002157 49.336988 46.072988 49.458271 50.406801 47.636040 46.991256 43.043498 44.441939 49.285223 50.768090 50.768440 50.227063 
48.068529 45.839395 45.177836 49.155139 49.904166 49.924555 47.639346 50.222046 48.492505 45.751278 46.332194 51.191165 50.791206 46.643228 
51.362138 48.678565 45.927995 44.666940 45.020159 44.375911 49.913925 50.183937 50.077768 45.037166 44.370301 50.152143 50.529655 50.915204 49.908966 48.666975 47.714928 47.716870 47.535317 43.979288 50.819569 48.066422 48.326112 
47.806943 47.956622 51.659027 49.200850 49.955048 50.327927 45.091135 45.560086 45.530418 47.890619 49.687878 47.307270 49.358611 48.589006 51.184748 49.037259 51.835044 50.180534 46.779618 47.008747 49.142647 47.926697 49.761969 
49.409172 47.521847 49.360739 45.007427 47.320247 47.316863 48.205214 50.923539 45.575931 47.834344 44.867769 50.311075 43.862553 47.540924 44.525812 49.634031 47.744395 44.902592 
50.147056 49.895545 47.333696 49.110153 45.898572 50.758782 43.296551 52.123211 46.670182 49.133984 47.953024 42.603226 48.002413 51.420950 46.155398 50.909832 46.057700 50.057034 50.206712 50.610593 46.460671 47.399003 50.329400 47.350179 45.415030 45.127142 47.638263 48.186570 42.991104 
50.475644 48.753729 48.106703 50.258886 51.019936 50.938583 48.201865 50.961263 46.322575 46.945686 46.816568 51.475660 47.341752 45.822609 45.268071 47.988113 48.397913 43.646448 49.278768 48.319128 48.680494 49.665608 47.097413 
48.322541 49.681880 48.452259 51.669632 50.058499 49.507128 43.646833 44.770857 50.034117 48.394421 51.296390 46.758795 49.616545 44.842623 
47.785042 45.594877 45.381216 50.521503 43.305121 50.863366 47.656842 48.043821 51.523304 49.968984 50.516142 47.037484 45.484656 50.930210 49.245003 
44.449318 51.299050 44.261324 50.063647 46.808213 50.273120 51.585551 43.366114 50.744242 47.244898 50.279758 45.054147 44.447842 48.110381 47.186838 48.268203 50.075820 44.526948 46.723274 50.215303 46.923073 45.095138 51.977630 50.419890 44.611724 47.099382 
47.237796 47.093219 43.629248 48.501195 48.791382 46.390041 45.079406 51.075532 46.811106 47.610128 46.313820 47.405125 47.878364 47.324872 48.151508 49.208475 51.001183 49.893432 49.450421 46.097701 47.854316 45.168194 46.851547 50.669175 48.099195 48.509569 
49.048168 46.383838 50.155214 50.136702 50.269584 51.700399 51.070680 50.463099 48.542505 50.447504 48.416423 45.841007 44.961694 51.343519 47.404068 47.290530 47.068283 46.419605 
48.245604 50.404639 47.568585 50.903618 48.233031 46.083092 51.211702 46.398076 48.886522 52.219712 48.186538 50.503623 48.371764 46.472078 49.585206 48.813520 49.474978 45.059093 49.099435 49.261730 48.930141 51.273871 49.029710 45.415302 
52.081276 49.554745 49.505043 45.403010 49.211214 44.940364 43.659077 48.168265 50.379873 49.682980 48.548224 43.493222 48.011249 46.257530 45.702793 44.844336 46.389206 46.532974 44.452242 48.781688 49.168678 
48.858275 48.395445 49.043962 51.305317 49.306631 50.129629 50.363375 47.395460 50.300622 43.673033 51.893182 49.974180 48.221038 50.091754 48.139130 49.225050 45.424760 52.468555 47.384504 46.951491 44.652044 47.047592 51.103336 49.069934 43.718665 49.391359 
47.080940 48.921996 49.749597 48.761373 50.615914 46.505715 46.502243 49.212377 50.605274 48.930201 51.523819 51.549064 44.995324 49.181104 46.389167 43.815351 45.988689 48.376524 47.271111 49.275333 44.739181 48.063838 49.622344 46.340439 
48.844723 47.203674 49.359620 49.491054 48.860003 47.959305 49.170029 45.538707 48.339962 49.755604 49.332609 43.288743 49.465782 48.633934 45.610259 45.330966 52.016203 47.363495 46.877761 44.743343 45.287050 45.564309 48.960646 49.716225 46.690429 47.348653 47.012742 45.021189 49.300030 45.356438 45.376046 48.344074 
47.841850 49.771992 49.407429 47.237024 51.148272 48.299804 47.332764 47.539555 48.336481 43.832994 49.439070 44.979661 47.928716 52.082305 46.464965 49.533882 43.694129 47.859253 44.726482 47.373879 49.569488 47.717832 43.652217 49.676397 45.034880 48.556920 49.264392 51.377090 47.769613 50.860753 48.526189 
51.045882 45.943986 52.122017 49.175409 50.397451 51.266238 44.743201 48.730948 49.669576 49.697932 50.562044 46.796391 48.964062 50.404996 50.984346 47.453653 50.509548 48.857267 49.449058 50.020770 50.424608 50.428067 43.193996 48.798481 46.367079 45.570456 
50.822593 49.643159 50.465598 50.955910 50.019214 49.635294 47.019333 49.459704 49.733007 44.100373 49.932347 47.948626 44.218687 51.054944 48.164791 52.055200 48.486455 45.685856 51.210806 43.408750 
42.907513 46.443259 46.157000 50.353121 49.628216 47.766215 49.170364 47.658186 46.444745 48.892693 50.323054 45.870391 44.276166 49.026378 46.994193 50.098112 51.737508 47.898319 51.150529 43.621310 47.252799 46.176265 48.152180 50.205725 43.355770 49.201684 48.005738 44.549824 
47.964971 49.445015 46.969265 51.283473 43.916653 49.895069 47.677084 46.546805 50.547335 49.392846 50.848306 45.476091 45.473412 48.516792 45.315340 48.603866 48.284430 43.921130 49.773393 48.840075 51.631646 44.104850 46.435789 49.155536 47.929987 46.699790 49.118185 48.491508 46.511146 48.150854 
51.247412 48.857305 50.374182 51.100022 45.791514 45.464605 47.460431 50.672895 44.422893 50.234565 45.778603 51.432225 49.360979 45.270617 47.956564 50.105528 51.982963 
50.176946 50.217523 48.508235 50.983499 49.245157 50.425546 49.341486 47.613373 51.453440 50.566830 48.688467 49.524166 51.783545 49.970035 48.361856 49.364408 48.171993 49.671020 48.970841 50.122418 
45.109936 46.354736 46.286396 51.268980 43.909509 51.819107 49.464294 51.335207 45.011461 43.094934 46.348848 47.094644 49.846312 45.874085 51.592327 45.128554 49.722185 49.212764 50.496110 
48.622528 46.019082 50.304103 50.167626 49.097828 44.810765 49.613080 50.736254 45.773393 50.237247 48.537941 48.577995 51.003950 50.529256 46.915158 44.263205 48.207753 49.518063 49.819243 48.601108 44.080705 48.996152 48.890139 45.103232 48.203962 49.265979 47.480524 44.805630 46.895602 48.663654 
47.427195 46.539048 45.226806 48.389744 47.438855 51.113418 46.247225 48.805506 45.043332 45.382549 51.994322 45.048366 46.360695 48.483493 45.138977 45.964438 48.002771 47.356385 51.092893 49.712197 47.574098 49.546479 47.184800 48.978563 43.628957 49.261492 49.553463 50.602197 46.536008 48.563255 44.339945 48.884498 45.042861 48.787181 48.902336 44.375300 43.619692 
48.365482 45.449588 51.282518 47.046701 48.131058 50.516310 48.142960 45.376953 46.891591 49.487907 51.221274 44.341670 45.164304 51.934951 49.870547 50.797580 47.681893 43.538220 51.250468 47.734287 46.809945 50.739542 45.051108 48.560966 
50.272487 47.209355 50.639345 51.632497 48.607466 48.297997 48.422376 51.396661 51.218428 46.653536 48.574480 47.500391 45.751576 51.357234 48.643228 51.407651 48.921628 50.224538 42.874697 49.510351 47.548166 
43.916401 45.630301 45.572889 51.316639 46.239693 47.381691 46.266711 49.749875 50.739773 49.842230 43.489153 46.240288 43.673926 50.719221 50.867011 47.768100 48.557223 51.252217 48.948950 44.008291 44.157863 48.137254 48.533396 46.006911 43.912846 48.324705 51.933343 45.370437 47.374281 49.713199 48.255923 50.315954 50.957549 44.663171 44.574401 50.364327 
46.894971 45.486376 50.905250 51.433319 48.159565 49.441289 46.963180 50.446225 43.543611 48.467732 48.861491 50.649298 45.160460 46.291996 49.652922 47.320171 46.815539 51.512474 49.609382 51.065831 44.838309 42.856943 44.725143 50.796450 49.374352 48.105829 48.696189 49.238215 46.085259 48.269501 43.352843 46.645519 49.012513 49.486260 
46.383717 44.106203 50.140638 50.497927 49.002361 47.475619 43.234525 47.108640 48.057278 42.606175 45.895286 44.641346 48.202741 43.761580 45.821885 51.655895 46.642824 47.174807 47.227038 46.454921 44.337798 46.228855 49.354746 49.418065 
46.095380 51.009223 52.080626 46.599176 45.065606 50.773107 48.075636 48.651926 49.770987 49.845610 49.311943 51.013073 50.085572 48.819997 45.721404 45.920127 49.715487 45.918816 48.011738 43.329957 48.320084 48.887930 50.745670 49.057917 47.003977 48.065674 50.410283 43.784839 49.425022 48.841690 
48.041744 43.889543 43.570162 46.576833 47.230184 49.696744 44.316049 51.345144 44.408514 49.739112 49.363967 50.440704 47.184672 46.509307 47.802042 50.504200 48.663344 48.165249 47.905392 45.650651 44.594822 45.141155 
48.297496 48.738024 43.301302 50.898308 49.687604 50.880604 47.709341 45.119887 45.328674 48.701518 46.055242 49.891248 43.713267 48.871878 44.967530 50.496906 50.378487 
46.596138 45.745920 49.904369 49.443432 45.958211 50.789618 43.640420 48.635908 47.496567 44.075409 50.536197 46.304197 51.215450 49.503552 43.345143 48.827904 49.465587 45.619634 44.298785 50.123995 49.443904 47.981222 46.808533 48.393594 
51.250236 48.271746 47.813079 50.170458 50.675106 48.533485 46.402152 49.362158 45.210027 45.325444 51.344499 51.069084 51.464022 45.792908 44.387412 47.891913 48.559566 47.493174 48.583938 50.220587 48.897949 50.644677 48.564361 49.880674 47.616326 49.786458 43.313590 49.114783 46.594770 51.627137 48.068737 43.148340 49.281813 43.327146 46.945296 45.619666 
47.785512 48.594831 44.437846 52.222118 44.636118 47.926919 47.732803 50.405196 50.913011 49.105705 50.068795 49.768182 51.684828 48.781676 49.085434 48.764503 45.075455 49.459893 49.563272 47.536476 45.548870 42.869322 45.250686 
49.618445 50.411529 47.712568 46.523623 49.427880 43.966688 45.387203 49.497860 50.099531 48.422410 45.031224 47.586934 51.580582 49.280744 48.124422 43.482097 50.078058 48.428932 48.780711 50.450811 45.242956 50.217896 49.978094 45.773388 47.620356 48.479521 46.504046 49.172960 46.419666 48.759289 46.994203 45.599002 
51.540106 49.269915 49.918075 45.448286 48.139215 50.833513 50.606416 48.484700 48.092910 48.709529 49.864382 44.099380 44.228704 46.402553 48.526203 49.414729 47.690709 48.822887 
51.593392 46.303031 47.448352 44.408828 49.403480 51.495547 50.998895 45.667883 50.230521 48.887363 50.528142 44.678470 48.155747 44.980265 45.499638 49.965335 43.361029 47.373621 46.934153 47.599826 46.611918 48.200156 49.533850 42.843667 51.370398 42.771843 45.559229 45.719944 48.265162 47.740170 48.532881 47.539875 49.544111 46.304190 47.185607 48.855618 43.044064 47.369448 
45.657914 44.901702 43.967551 49.777531 47.670555 51.948849 49.838017 49.030674 46.968670 50.302288 48.317317 48.706653 49.878217 49.792598 45.340280 48.994993 46.102501 47.644136 49.202731 48.707220 46.997819 46.996111 48.921361 46.742578 
51.072143 47.841638 44.816623 45.216523 47.888473 45.108190 51.978027 48.012055 47.941931 51.579700 51.057687 47.367818 45.224732 48.022781 48.696819 47.388658 44.885671 49.247573 45.929969 49.261444 47.134454 50.414275 49.519805 
51.269273 49.870441 50.532833 48.329277 46.947725 50.376164 46.508416 49.024802 44.819815 51.237372 
50.970578 44.310417 46.296842 48.942811 47.583592 45.032462 48.136032 50.362925 48.039952 51.894004 45.698950 50.122628 45.064874 49.181138 44.460823 49.969967 50.217201 45.749624 
46.355049 50.297134 47.256510 48.290127 50.977086 51.009063 46.761422 50.255771 49.530443 49.199818 46.618922 45.269301 45.542185 48.994554 48.313543 47.250495 46.639372 49.266703 43.237426 46.697200 49.063022 47.589970 43.781636 46.097794 49.750326 47.496564 
51.212264 45.515020 49.715978 46.803849 45.502958 50.961940 51.625984 50.899946 49.624476 49.845107 45.736366 51.641127 49.349655 49.258289 47.348254 51.553332 48.363992 47.587397 50.158927 47.548481 47.481748 48.958591 47.447007 51.774403 45.055877 44.315145 47.314513 49.872415 
48.941884 50.551722 46.871576 48.495211 44.046058 49.389927 49.222195 50.145928 49.973016 48.199804 45.605041 51.807191 47.479516 49.097437 50.510120 46.462972 44.899837 49.156046 49.044385 47.797070 
47.235148 50.776974 48.580161 48.901495 44.945508 47.289503 51.140153 49.010201 44.280280 49.421820 43.398592 48.398093 50.053580 46.638381 48.265246 50.384207 45.733198 45.578859 49.151762 51.256234 46.060934 51.229361 44.297238 51.810520 
49.063063 47.492953 44.469220 47.102651 45.503921 48.552036 47.132972 49.041027 51.197131 50.341510 50.844540 48.377639 49.994352 50.691249 50.347678 47.600612 46.412646 46.749024 50.588485 
49.235542 48.368011 49.115228 51.206471 51.426216 46.125574 48.033157 47.636292 47.465800 51.048109 49.425468 47.425397 48.426843 50.741177 47.812107 49.714506 48.468143 49.152493 
44.133412 47.543190 43.841653 48.611166 48.258160 49.339576 46.784539 49.751623 46.354424 51.151531 47.539590 46.579845 44.129071 48.989671 48.979181 51.046456 46.322035 51.589707 48.784028 51.577028 46.933922 49.904558 44.165247 51.916051 45.115662 49.960219 49.696570 49.856792 47.207154 49.245103 45.520974 46.256120 45.176312 44.675966 
47.470801 48.250286 47.931053 48.902594 50.932226 48.622255 49.075848 44.599569 45.601774 44.915523 49.175783 49.825107 46.565819 49.388390 43.942534 50.038178 46.141046 45.797696 46.060149 51.860375 51.379003 49.101657 46.717341 45.744817 51.501315 47.042372 49.393937 44.149388 46.005724 43.454046 
45.446802 52.008263 43.163058 46.338604 50.877854 43.624141 49.483622 43.803818 48.507271 48.026155 49.224564 46.448278 48.099101 51.034287 49.793369 50.473906 50.781496 51.108290 48.237125 46.097240 48.222424 49.602704 
50.056640 43.671183 45.094259 47.948567 48.984489 49.289154 51.437266 50.523710 45.415880 47.686416 48.832516 49.995598 49.050224 45.456131 48.737367 48.104503 48.256772 48.285749 
49.696032 44.480367 44.253838 50.122447 49.503077 50.667121 46.515086 50.729775 47.326705 42.978176 43.671468 45.740585 49.431517 47.292933 44.344933 47.672365 43.184674 47.015818 45.024419 46.442603 47.332646 45.978990 44.996638 48.247341 47.220570 48.511697 50.383472 45.936454 44.888226 49.133631 43.707221 47.441555 
44.350582 45.053474 43.295169 50.389981 47.854866 50.829246 48.090099 49.824097 47.491900 46.297194 48.150156 43.888159 46.575678 49.444213 43.365577 49.588456 50.101618 49.614780 43.915139 51.039218 47.678963 43.052631 51.345788 51.069126 50.232336 47.236641 48.558913 45.539198 48.859709 47.761029 49.291556 49.420775 49.550981 48.232522 47.728267 45.977310 43.404466 50.644972 42.658321 44.447649 47.460833 49.051574 48.184543 
46.361396 50.335962 45.270411 50.199068 47.129575 50.035328 44.163738 52.012787 48.690067 43.419772 45.619548 43.439186 48.626979 47.370287 50.593430 47.895796 46.622244 
50.220592 48.200624 46.381661 47.494512 45.741762 50.609788 48.947595 50.272271 48.737495 47.137323 51.665890 44.276371 49.406827 48.177252 49.540939 46.632306 
46.949972 44.652297 46.781322 49.660660 47.057175 51.595809 51.654868 43.712160 50.971917 50.432673 49.732663 48.800433 49.414825 52.133821 50.973021 44.473518 49.666899 46.751744 47.268294 48.047208 
45.993409 50.914834 49.105111 50.373048 49.799828 50.022929 51.538615 48.229796 47.918681 51.236532 49.491475 49.061029 48.988032 45.246811 44.888455 50.561629 45.276560 50.308038 44.826474 47.904312 47.093477 49.846357 
48.736481 48.947033 46.691017 48.269711 47.400583 48.530351 51.439580 51.839456 49.468905 50.328846 49.202248 47.063521 47.291885 43.569910 45.142415 50.403183 51.229294 50.047679 46.241600 51.001402 44.143920 45.171255 49.358283 47.284414 46.709852 43.571422 49.889637 46.256139 44.427229 
49.696730 50.659758 49.720496 50.652723 51.205441 48.533662 50.069872 48.361174 50.140596 47.754695 50.680801 47.943260 44.183135 49.678952 47.882338 46.001018 48.183025 
49.437613 46.792011 49.028505 47.945141 51.655793 47.950120 51.206861 43.745350 45.980199 48.749519 47.892913 46.063903 47.079342 47.613592 46.492222 51.923773 49.303318 49.398778 52.041873 45.962712 49.754344 49.862664 49.527100 45.561679 45.350400 49.372542 49.906468 48.422454 44.654198 52.014970 47.034057 47.058575 
45.058898 48.000550 51.745632 48.401726 47.778094 43.745283 43.126694 46.903794 47.822721 51.533581 51.570160 46.986775 51.021721 47.549719 49.164879 49.285540 50.636206 49.980817 51.279082 49.060116 46.908564 44.603384 50.372557 47.208646 51.205809 46.518911 43.446777 46.472672 48.927485 49.309182 46.312204 44.665816 46.213413 48.993990 43.568668 
46.837534 48.492610 46.960136 50.869186 50.136484 47.636075 45.671329 46.174418 49.191424 48.559405 51.674427 49.323725 50.085265 45.557392 49.424669 50.436580 48.794177 49.844054 47.993424 46.459966 50.859256 50.336016 47.988675 44.737036 51.693583 48.911246 47.001827 45.707760 48.223867 49.844489 46.835392 45.112273 
51.532063 47.464378 51.304360 45.982099 48.406335 44.495017 50.758874 49.642835 47.443920 45.774767 50.086065 46.864913 48.530593 48.162437 48.949059 46.243504 44.895038 
47.070446 49.167654 48.309951 46.520815 49.986910 48.656316 47.777512 51.069286 46.395329 49.645212 45.741677 48.489804 49.099242 45.652611 46.397970 47.697707 49.302792 48.872445 51.961756 49.484747 44.609553 50.797930 47.445651 50.156859 47.008211 
49.488140 49.749793 50.251710 44.072526 50.030471 46.490040 50.220106 51.264129 47.708239 44.292479 45.277421 46.902954 50.078914 44.929928 48.064304 48.070492 50.434635 50.620612 47.840486 47.439981 48.937213 46.716444 47.579827 51.399844 43.445653 47.282017 50.195549 46.980619 47.564518 50.544807 49.502296 48.572059 46.055969 45.502734 47.756612 
45.608696 49.885719 48.800925 46.924672 47.060226 44.311871 50.585324 48.796728 48.838459 46.569467 51.289608 46.845949 50.843458 51.153424 48.005455 50.435303 47.576594 
48.600568 45.810780 50.065729 46.940498 51.157289 50.393776 48.586449 49.203901 50.324748 49.258024 45.056585 48.777170 50.537226 49.148575 46.151682 45.775047 45.034813 50.503284 52.101689 47.168978 47.362310 47.984116 50.004083 46.133361 46.094021 43.481811 45.130369 43.053948 49.466622 47.038628 50.345056 47.011160 50.895357 48.547226 43.663440 46.904646 47.360634 50.544058 
48.061970 45.017027 49.168185 46.184395 48.540541 47.962985 47.196995 46.783220 52.197382 50.121244 50.006233 49.630076 50.576146 45.824601 43.302806 46.008292 49.423811 44.382613 49.770909 47.640428 52.132087 47.154526 48.456339 44.673403 49.310302 46.524231 45.484806 48.615380 44.878604 49.523890 50.091783 
50.331400 50.485205 50.302337 43.482246 45.939146 47.301493 44.300952 46.360181 50.606437 48.259359 50.616745 50.631906 48.532340 45.487827 51.722548 51.135160 49.364292 50.020619 49.856972 47.517418 48.248404 49.800035 47.886408 46.499082 46.306884 47.300618 47.270780 47.070010 48.168964 49.017220 
49.269614 43.559574 49.098614 45.005453 44.431557 46.932655 45.696393 47.415002 44.379605 51.096207 44.710189 50.530926 49.487512 44.466068 46.210192 50.118025 46.639329 51.557522 46.712614 46.809596 49.097707 50.786090 47.776103 49.958621 50.209895 51.551977 43.567245 49.842853 48.442051 48.936268 
45.264526 48.433793 49.339294 47.640196 46.766601 47.874195 45.164954 49.916194 48.625473 45.100387 50.516282 51.278309 48.842830 46.864472 45.068682 50.614236 51.608774 50.390069 44.921381 44.175218 47.335166 45.455049 49.174607 48.029227 46.935498 51.784875 49.551181 48.894713 49.254092 
45.985927 48.053482 43.634137 48.640290 44.998733 49.225080 49.621502 46.326316 45.527147 49.162953 50.607741 44.687087 51.298163 51.892211 44.994807 43.820699 51.236828 
50.460157 45.372660 49.408917 45.584006 50.476022 46.253100 47.029096 48.464135 51.072808 50.901003 48.235951 50.900493 48.535166 43.252461 45.471007 43.509334 47.788236 49.714441 
43.500003 49.068921 44.166745 47.948286 49.645211 50.303868 47.638168 46.700138 48.752886 45.577600 51.242417 44.189009 44.221084 46.725901 48.220289 47.801168 44.512647 49.557185 44.855716 46.738204 48.628655 
49.696911 49.237058 51.105561 44.284650 49.584638 43.029229 51.362423 47.305492 51.281564 48.411848 44.850366 50.215979 45.528369 43.058960 45.319289 47.055184 44.105704 44.843996 45.178981 43.520723 47.079193 46.891769 48.080861 48.484218 
50.977937 48.630026 51.248356 43.395957 47.859254 45.262454 50.791960 44.694524 45.524712 47.478896 46.488885 45.152413 51.765397 49.916063 47.091531 50.867208 49.069007 49.743998 47.993532 43.991338 45.774207 49.909055 45.311350 50.021253 46.916220 50.438982 42.966384 51.107283 
43.630853 48.694420 50.940026 49.703813 48.124717 48.551106 51.013550 48.248901 44.947956 45.951349 44.712323 49.670738 51.518455 48.505252 44.129005 51.482969 49.851683 49.835180 48.204986 
48.424148 51.459469 49.672333 50.829933 46.901567 48.204828 43.706429 49.503156 44.607540 45.925576 43.248146 48.986490 46.022526 48.210226 50.064453 50.829179 49.843381 49.658350 50.238845 48.457136 48.721617 51.241857 52.036160 49.685212 49.422936 50.492871 49.437591 44.137448 48.561796 48.859542 47.538310 44.603267 
51.700327 48.667239 47.358129 50.055594 49.624296 46.476219 47.916248 49.773997 50.340172 48.852457 50.356512 48.271726 50.949263 50.470594 51.808188 45.401836 
48.498218 49.893640 50.910866 50.335943 51.598930 50.617491 48.473787 47.463434 48.318201 46.853918 48.015826 48.856708 47.792407 49.115672 43.118303 49.332808 50.233078 43.260359 
44.431916 50.904842 47.617486 50.100142 51.428185 51.271171 50.902731 49.400528 47.211622 45.110380 47.115247 45.092601 47.307436 48.408066 49.457115 48.267564 49.779698 49.160466 47.486127 44.311265 44.610120 48.785634 45.593844 48.694724 48.175829 50.831822 50.640351 48.966777 45.172966 48.557260 50.381584 46.391291 48.662647 48.220377 45.844235 47.664621 49.448952 49.009896 
48.804423 51.385482 49.228157 51.580091 50.667964 49.651895 50.545763 49.154866 44.871901 50.004243 47.351423 49.429104 45.517798 48.559068 49.110129 44.725935 45.333949 46.349878 47.767745 50.445654 44.411619 48.541043 51.579689 47.130078 
48.924631 46.467051 51.062537 47.918404 49.323848 51.504840 49.845075 49.734072 45.281108 47.031787 49.309166 48.572721 45.623077 47.383389 47.137269 44.701284 46.266116 46.668437 48.257300 47.668632 
50.873286 50.731932 50.479103 50.158265 45.181147 49.312410 48.833136 48.389266 45.843441 46.726239 48.011621 51.104851 48.189976 51.648748 46.935289 51.141045 46.588146 50.376901 47.158072 48.748022 44.837456 49.495520 49.639496 44.019095 46.671309 48.499580 50.357335 49.847795 47.673140 44.881630 45.885665 
50.304135 51.166792 50.526104 49.080976 47.596748 44.970027 50.270442 47.884312 46.662426 48.727534 45.429504 45.465137 48.200469 51.550129 48.885455 44.465645 49.818620 42.971293 50.562483 48.142593 47.142959 48.667594 45.730230 46.050596 49.785510 47.263809 48.220135 
50.171684 51.204044 45.950495 47.277965 47.283429 51.905722 48.923544 49.802535 46.268969 45.947680 47.917013 47.672911 50.010333 48.783651 48.486927 49.719095 49.715867 49.527991 44.380110 43.023918 50.184463 43.860488 52.124183 47.278946 
49.706663 47.899152 47.809329 51.379414 50.305899 49.361561 50.565118 48.356912 49.521823 50.111778 45.980970 45.051768 45.826040 46.557733 51.396098 47.836017 46.918912 45.904626 43.082895 50.685836 46.370047 48.395754 49.378261 43.599996 44.465903 47.082832 43.514591 49.400902 50.262494 49.610431 44.609458 49.024905 
46.221608 46.809577 50.418862 47.604073 48.826295 49.048082 44.270334 45.107554 48.880356 50.463795 47.126370 49.389584 46.200706 44.559062 50.474132 49.152973 49.137537 48.364936 47.111093 47.925302 45.692999 51.629043 47.074556 48.828382 47.133622 50.260360 48.876527 47.534854 52.098258 43.206407 48.617537 50.614955 50.483411 50.927501 42.609172 51.816825 
48.372772 49.774663 44.778136 43.769076 44.201534 46.944254 47.022546 49.815715 51.169657 47.549953 50.468487 48.977541 46.784122 49.298484 45.234849 48.014127 51.461074 51.003429 48.862086 44.720609 42.777914 49.199964 48.854781 44.813237 43.560335 48.765470 45.513883 
