  0.081974 418.292997
  0.081398 458.237113
  0.080787 458.388771
  0.087158 458.893398
  0.082471 471.762443
  0.088886 405.910270
  0.085690 441.553136
  0.085701 431.281739
  0.084420 417.932130
  0.084305 443.389469
  0.083752 395.652456
  0.085265 455.833499
  0.079727 413.213592
  0.089340 471.393576
  0.083100 469.708217
  0.084574 412.879029
  0.085948 451.490299
  0.082631 453.609971
  0.080826 488.747029
  0.087173 506.244730
  0.086913 433.591803
  0.093117 458.283964
  0.084877 451.070323
  0.086375 509.324057
  0.088193 483.918783
  0.080395 478.237969
  0.085300 385.191003
  0.086567 415.974376
  0.088958 419.663215
  0.080273 397.930415
  0.082631 430.697432
  0.083640 510.674348
  0.084677 481.259621
  0.082051 406.227001
  0.092633 416.046244
  0.091231 399.268763
  0.083524 429.305152
  0.086195 421.063291
  0.084056 407.899986
  0.091099 419.777586
  0.081132 408.268098
  0.082314 489.993970
  0.081363 494.132791
  0.081265 380.657951
  0.081249 452.351546
  0.078740 443.782719
  0.084404 477.160085
  0.083607 370.194856
  0.077678 398.143465
  0.083410 360.665993
  0.087280 401.051174
  0.079691 470.412108
  0.087251 402.270720
  0.080929 462.005468
  0.087052 412.214596
  0.084378 500.502041
  0.080956 488.690167
  0.079927 358.973258
  0.084638 474.888485
  0.086147 415.568993
  0.087521 522.036713
  0.092856 513.682627
  0.086522 547.062240
  0.085633 475.659539
  0.082188 518.700013
  0.083150 448.217274
  0.083594 490.229832
  0.083950 381.888667
  0.086480 372.916729
  0.088159 567.207906
  0.091049 467.384465
  0.089732 473.948652
  0.083533 386.484183
  0.082271 446.335270
  0.079709 506.203316
  0.084166 490.160233
  0.083537 405.277979
  0.083716 442.038587
  0.083498 399.705557
  0.085600 444.242675
  0.085392 475.291345
  0.086157 442.177869
  0.080364 460.212866
  0.083476 500.555580
  0.086044 394.019736
  0.084819 481.079245
  0.085386 422.110171
  0.080902 543.880822
  0.082795 456.449930
  0.086331 442.092975
  0.089352 392.684107
  0.082447 542.736506
  0.081069 460.301233
  0.075366 464.766274
  0.084570 441.727240
  0.081571 481.059686
  0.078440 431.242016
  0.084677 438.396332
  0.087567 495.034826
  0.096935 411.993403
