 0.253118  0.581518
 0.327681  1.016378
 0.437050  0.436009
 0.437947  0.562595
 0.506731  0.639423
 0.492436  0.748093
 0.075260  0.916945
-0.054376  0.760816
 0.224855  0.511469
 0.383312  0.462562
 0.622647  0.648506
 0.386278  2.318639
 0.618059  0.464757
 0.412970  0.566470
 0.677076  0.402624
 0.188454  0.602590
-0.152750  0.956470
 0.247347  0.942584
 0.232613  0.778815
 0.564232  1.473205
 0.822940  0.649482
 0.444422  0.625642
 0.173680  1.273296
 0.184015  0.745250
 0.344473  0.995644
 0.398393  0.575516
 0.728112  0.442051
 0.327821  0.800216
 0.588013  0.857581
 0.382238  0.540894
 0.339243  0.671136
 0.240372  0.776856
 0.482574  0.799742
 0.678310  0.712846
 0.687101  0.833495
 0.507691  0.714348
 0.680848  0.508109
 0.877237  1.032091
 0.447614  0.365698
 0.420909  0.465803
 0.663583  0.909251
 0.690629  1.116588
 0.301116  0.695345
 0.355211  0.466743
 0.612511  0.366668
-0.077140  0.725504
 0.156221  0.666844
 0.270463  0.675826
 0.238186  0.694662
 0.457186  0.836046
 0.205535  0.521247
 0.362040  0.918190
 0.681312  0.507783
 0.340849  0.755007
 0.656687  0.426388
 0.367675  0.631955
 0.405354  0.812628
-0.278313  1.028534
 0.381311  0.638136
 0.461873  1.266824
 0.168624  0.579517
 0.357697  1.375681
 0.704439  0.532463
 0.622319  0.895341
 0.328232  0.840749
 0.479724  0.515424
 0.402119  0.915144
 0.648826  0.668435
 0.586701  0.660591
 0.938717  0.601058
 0.706515  0.598918
 0.649362  0.503299
 0.412904  0.807814
 0.312374  1.015231
 0.143482  0.839929
 0.605871  0.583490
 0.579266  0.483385
 0.656526  0.582556
 0.951455  1.107152
 0.793226  1.120785
 0.416617  0.452965
 0.186357  1.218615
 0.535971  1.353728
 0.876838  1.733563
 0.681477  1.295358
 0.440585  0.586161
 0.691120  0.728060
 0.464730  0.450783
 0.569024  0.945301
 0.463938  1.070188
 0.304349  0.620467
 0.583327  0.619086
 0.527768  0.295291
 0.334128  0.246417
 0.270879  0.538426
 0.403794  0.568579
 0.103706  1.622073
 0.120514  1.045576
 0.431690  0.883661
 0.376186  1.227180
