0.000000 0.023222
0.000000 0.011984
0.000000 0.017577
0.000000 0.032365
0.000000 0.025772
0.000000 0.039697
0.000000 0.032659
0.000000 0.022847
0.000000 0.015371
0.000000 0.023265
0.000000 0.017688
0.000000 0.028868
0.000000 0.017865
0.000000 0.045744
0.000000 0.024137
0.000000 0.038796
0.000000 0.025470
0.000000 0.032297
0.000000 0.024742
0.000000 0.037230
0.000000 0.021809
0.000000 0.019171
0.000000 0.057953
0.000000 0.026129
0.000000 0.057321
0.000000 0.044395
0.000000 0.038472
0.000000 0.039930
0.000000 0.028262
0.000000 0.050856
0.000000 0.030016
0.000000 0.015322
0.000000 0.061342
0.000000 0.029592
0.000000 0.050989
0.000000 0.048790
0.000000 0.018764
0.000000 0.027439
0.000000 0.124876
0.000000 0.088831
0.000000 0.027803
0.000000 0.031870
0.000000 0.015601
0.000000 0.028778
0.000000 0.018956
0.000000 0.039278
0.000000 0.043648
0.000000 0.021452
0.000000 0.022397
0.000000 0.034236
0.000000 0.228511
0.000000 0.042429
0.000000 0.061786
0.000000 0.025065
0.000000 0.020887
0.000000 0.014790
0.000000 0.134806
0.000000 0.042545
0.000000 0.015898
0.000000 0.026331
0.000000 0.072078
0.000000 0.037400
0.000000 0.050054
0.000000 0.027592
0.000000 0.060199
0.000000 0.031378
0.000000 0.066572
0.000000 0.057185
0.000000 0.025514
0.000000 0.037788
0.000000 0.046729
0.000000 0.022588
0.000000 0.028651
0.000000 0.056729
0.000000 0.033679
0.000000 0.051479
0.000000 0.086303
0.000000 0.026109
0.000000 0.022407
0.000000 0.020378
0.000000 0.028297
0.000000 0.061582
0.000000 0.038467
0.000000 0.014950
0.000000 0.024344
0.000000 0.024357
0.000000 0.015676
0.000000 0.046994
0.000000 0.024353
0.000000 0.025656
0.000000 0.045778
0.000000 0.043395
0.000000 0.024317
0.000000 0.023345
0.000000 0.013013
0.000000 0.043369
0.000000 0.014801
0.000000 0.024461
0.000000 0.020009
0.000000 0.029507
