3.710979 67.361785 0.297795 52.048608 0.158678 0.094095 20.170664 5.732963 0.277198 0.583526 3.953193 71.224524 10.064298 4.262349 7.762482 0.744096 2.081546 52.431125 1.998433 3.923454 5.199323 0.764133 0.027122 7.020702 1.627856 1.282728 0.119746 1.873681 0.722890 10.968987 
0.027702 21.523352 32.014693 8.989263 0.256805 0.039176 0.955355 0.991400 2.742547 1.168453 3.088584 0.796016 3.414725 0.094947 0.999155 1.814325 4.392856 1.319084 0.419527 0.750656 4.741025 8.458833 68.549788 5.146589 5.831281 0.327570 1.414949 1.833579 1.519493 2.198526 9.618312 115.462214 0.582173 41.050826 1.299685 5.691878 113.886030 0.119405 1.031690 2.403548 7.349806 0.165925 1.016665 49.956238 0.391763 7.317714 10.076931 4.907918 0.175180 0.854719 17.763047 0.374573 0.035240 
0.197389 5.608582 5.106453 23.295313 0.956871 30.348903 7.715661 7.899077 24.925897 0.705433 0.306905 1.085150 0.042479 1.070562 2.364067 0.097687 9.252312 14.170613 1.602227 0.583407 1.689441 12.439518 0.861276 
2.468457 83.331240 0.309116 28.572035 1.643034 3.516103 11.795664 7.053059 1.037895 112.636454 0.529816 154.615314 1.760350 0.277393 8.459391 12.862361 0.687595 0.560549 7.299273 0.848630 0.646184 70.510472 6.054211 0.094052 12.981798 1.063092 
2.230043 1.031994 0.414090 20.511891 9.035053 118.299408 0.985491 2.107145 0.777271 0.415399 1.904582 8.833472 2.366239 0.169955 6.541509 0.948184 0.040073 12.476147 14.199297 22.232976 33.005606 5.882460 8.825313 1.363501 10.297976 0.718516 0.208897 2.734314 
16.478467 0.575920 12.290959 2.026912 0.284612 5.493402 1.317838 0.727988 13.758027 13.582879 8.801198 6.498777 0.466559 1.277973 21.913478 3.463082 31.581961 26.868451 1.056624 6.023401 
4.967135 42.806619 0.449138 9.471042 0.168417 32.155798 0.177043 10.318342 16.172738 48.105325 42.932362 1.004239 0.265872 1.647105 1.443126 10.066463 2.065952 0.223142 1.929065 0.851499 0.574013 0.150239 2.934462 0.196320 0.805932 
0.207486 0.188435 0.203514 19.075907 6.011177 5.679776 0.742019 14.577501 13.184964 0.094571 0.040223 11.371113 3.957894 4.782120 0.876875 23.793495 1.147822 0.951601 
0.081324 27.720408 7.149564 0.692522 28.651354 1.854837 2.990873 1.308085 1.064248 0.242927 21.588777 4.945612 0.892433 3.382913 
6.435439 33.186717 1.108178 2.561434 0.380614 7.288197 13.470693 0.532681 1.266053 6.666197 4.644345 6.952313 1.081499 4.960481 4.312294 0.338396 10.237987 1.364337 6.774363 3.468671 0.751308 0.116825 1.227104 
34.983343 0.294668 6.872189 75.350156 1.853475 10.716270 11.051831 5.613746 1.376994 0.221649 4.401720 3.868548 0.801796 5.843030 0.624160 0.183646 18.121816 0.827233 5.997579 0.284200 4.611083 0.277972 8.183232 
0.355313 4.502898 96.207845 2.508651 0.292038 12.324457 40.380088 5.812390 4.337816 1.087473 9.954238 0.928946 4.325574 0.738997 7.976401 24.333363 0.089643 1.524174 
0.998497 3.549918 14.053408 1.733279 1.128417 3.358018 6.915495 1.014793 0.272585 39.009604 3.081592 1.645500 0.267352 11.694442 3.789546 3.100450 7.699109 16.462332 6.167671 0.985192 3.361982 2.326412 2.200464 9.041379 13.646404 27.735862 7.336310 1.679727 2.124839 
1.255319 1.337528 16.604905 0.402862 1.130105 7.546477 2.538887 18.285496 0.490996 43.023088 0.540332 8.234722 15.286192 3.336331 5.188469 9.444445 11.797822 16.505556 11.837870 0.407283 4.812103 0.836098 2.131192 
0.894491 0.948126 4.475924 3.922016 0.924525 23.078768 27.617561 3.670421 4.808373 13.136059 4.324529 0.502458 28.287044 3.444025 
0.034726 23.746827 4.086226 1.277097 6.398579 2.805153 25.111475 2.671577 46.362312 8.321099 0.844553 0.665535 0.171391 0.620350 0.122642 
4.922275 7.011909 2.635870 0.534237 0.550259 2.118809 5.187707 4.059196 1.094178 0.119705 0.739894 10.436114 0.168165 0.294961 0.792108 0.087698 4.390410 23.652247 1.564727 28.744821 43.571139 0.107279 4.381047 1.107060 29.097126 6.304979 
0.464616 52.307306 24.405705 0.744022 3.698145 6.772760 0.153844 1.113694 0.185052 0.503898 0.138213 6.624696 0.064900 18.605495 0.125265 1.343305 16.313847 0.939217 0.135394 21.491942 4.125763 2.838175 4.314225 0.215855 36.918024 48.913222 
112.082603 0.865829 2.556777 0.151269 4.217452 8.505001 0.905600 1.014344 51.682181 1.213305 7.649249 0.249565 3.651558 19.477246 0.070576 3.534271 110.070329 0.028357 
17.704122 0.894941 0.365536 76.176288 0.509587 0.821885 1.410941 86.918703 287.961298 1.470466 0.314553 5.418753 0.088170 25.545373 15.264288 0.760779 0.229902 355.100089 0.246299 7.164918 14.163300 5.041678 5.403278 7.776358 
20.090897 6.356422 1.837155 4.499379 87.199650 3.574132 5.127493 0.309201 2.055774 0.347574 44.672670 1.580689 0.147930 33.714626 194.422545 2.024542 17.337270 4.827755 14.263364 0.377005 2.963579 
7.611125 0.638398 1.800885 0.816354 77.682216 6.492628 0.074152 0.480384 0.780477 64.240794 65.554389 63.973493 10.559486 3.016625 6.877888 30.642859 0.703402 5.033055 2.066362 9.440404 9.267273 0.525013 1.924198 0.288840 7.186677 3.460823 
5.994961 0.090511 0.728364 55.637650 0.018976 13.024150 0.882551 7.275266 1.969242 70.127984 5.699622 11.617181 5.707441 0.667062 1.002874 11.048147 0.523140 4.074709 0.542698 31.344612 9.023709 0.137143 0.146312 2.459390 
1.226941 0.210393 0.675107 8.992447 5.571316 0.201305 11.264072 0.177953 23.994186 1.752609 8.906335 5.579352 1.774680 13.914493 37.126526 0.529639 9.800908 20.822112 2.874243 0.104434 0.592690 31.223406 0.233955 0.026142 5.780731 1.922208 2.137371 47.548956 0.346405 0.290396 0.691274 0.085340 
0.149132 0.061444 0.690050 1.074205 1.383164 0.092833 1.003126 1.241535 20.993417 5.053077 4.628543 67.288585 0.151028 80.898867 32.752156 1.826492 1.772768 7.145604 0.120314 0.275941 13.473975 11.299375 4.563797 32.613101 1.509624 0.140300 2.121322 30.470469 1.456914 8.243186 33.757112 
1.154676 5.520932 5.259467 6.645862 0.037934 1.079380 1.123629 8.051744 1.737510 2.529303 1.246441 0.460399 46.204509 9.803800 1.324846 4.908546 1.403056 1.873841 0.275056 13.407080 29.128748 0.817351 11.716268 0.250068 3.048876 2.323008 
1.135675 13.032595 1.251100 2.605303 1.306810 0.595851 7.154878 4.434972 24.490040 54.272727 0.861546 2.023868 4.491735 11.523808 0.336179 149.105213 1.914877 3.455701 15.400035 1.698893 
31.471050 0.069493 0.865117 1.175825 1.420531 36.102650 35.575477 1.916532 1.671244 1.154715 4.521458 27.984659 193.962235 0.109053 0.447706 1.768549 53.577513 9.196112 3.202048 0.325636 1.357268 0.316794 0.610014 0.272457 8.235219 1.657937 0.740404 0.746612 
4.627150 0.668907 8.500233 1.190132 33.941058 0.384142 0.383419 2.528352 5.239179 41.165828 2.155783 8.127408 22.215494 0.535660 0.055012 7.798265 2.005632 203.511284 26.811011 21.297784 8.090420 3.007191 0.293104 11.885186 272.029157 3.496546 23.487815 0.750164 12.651015 1.489351 
1.938571 0.946925 0.670895 0.935754 0.869858 0.639565 1.914606 2.015956 2.812480 20.926310 113.545260 6.644929 4.862186 1.848944 0.563867 7.324184 3.291476 
12.170493 0.451929 13.914772 0.976785 30.382478 0.147670 62.096566 9.634326 9.436924 0.193850 1.471148 7.941346 2.010982 0.359995 0.444581 6.445380 1.447101 0.062932 3.414779 1.572498 
2.462994 0.032175 0.445556 0.845159 3.338917 11.850478 0.912701 0.473665 2.781161 1.180102 9.608650 2.302071 25.294112 11.495811 5.670182 1.498025 5.361125 4.069081 1.462741 
5.321462 2.077868 20.988547 2.619980 0.136163 5.732628 8.542448 4.465322 9.424918 1.092173 0.045710 46.153214 2.581902 0.576409 4.130639 3.975038 12.341253 1.400476 4.101081 0.831032 57.041252 38.550927 18.007270 0.405018 4.328863 1.919654 0.894695 0.087273 15.217706 0.190170 
3.198026 0.072024 49.451686 17.354446 38.325901 1.048781 1.993488 0.252078 19.878586 3.520206 12.663838 18.937804 293.492044 4.637665 0.877526 1.879714 0.069136 13.077086 3.233377 17.841692 0.180804 1.323961 3.466264 13.949476 26.513436 1.777572 3.417668 4.269126 0.664277 14.556963 8.498444 0.692967 11.124219 12.870411 0.616066 0.311720 2.326614 
22.998234 1.384621 22.354726 0.458373 0.309049 3.095620 0.104765 23.996364 349.940758 98.099533 6.197851 26.643829 0.116407 68.365543 1.839635 1.636351 96.947034 17.860623 1.587166 0.788617 5.520077 0.477662 0.093748 35.653970 
2.221353 0.169365 6.318684 26.029124 0.478542 5.040321 53.584176 1.952615 1.457848 5.079766 34.408637 0.404709 3.418380 0.990554 18.032343 7.506056 1.845836 4.165835 11.900244 4.209178 1.782207 
0.496190 106.194262 1.292991 15.979357 3.694695 8.415703 4.894064 4.094920 1.056877 58.847666 3.008729 49.612261 0.244162 2.661853 0.690880 0.647782 1.151700 0.767435 1.900319 35.995066 0.464356 6.164509 1.826741 0.258773 0.671917 0.344660 41.244465 3.942453 2.781836 5.423387 0.250934 19.249823 1.019728 9.935453 27.817068 5.779577 
28.201755 0.335704 1.555109 10.555351 0.908326 27.631386 0.188504 1.564380 10.101512 2.080133 138.204078 2.123878 13.601494 483.020116 0.226802 18.135334 63.993577 39.925957 1.845965 15.641346 1.247539 2.579040 74.352307 4.397107 180.245725 6.918302 67.706947 116.593588 19.952489 407.065079 8.193262 54.673708 0.082898 25.018128 
35.496329 0.650277 0.832615 1.345758 19.987826 0.343406 1.182629 8.024390 12.033544 15.534458 9.137062 0.905611 0.253483 40.131191 0.539911 8.314749 0.708380 1.253989 1.927645 4.603620 6.423555 4.089647 6.001030 1.639373 
50.660210 0.364667 3.976041 5.955213 7.123401 2.531375 0.864714 0.026995 0.197929 1.602619 3.684165 13.661678 8.341008 4.222088 4.815662 2.396870 0.668764 21.274028 0.235081 44.328738 4.698898 5.774263 15.037730 28.140535 8.331322 1.016461 3.332070 5.040645 2.330567 6.406083 
0.907271 88.030373 16.677976 7.725873 1.310999 72.483442 2.786186 4.422946 1.706909 1.204312 0.546186 2.434368 0.217669 3.913430 16.452200 2.583360 71.023963 23.285544 2.652474 2.118112 2.583423 2.930504 
0.049359 0.120597 5.068630 5.164326 0.830665 1.360201 71.726528 0.056422 8.696798 0.975329 0.436024 18.438314 20.168067 0.573648 0.404408 3.949566 0.224306 
2.695907 1.573126 0.076197 9.055677 5.793459 1.141737 10.875535 45.016805 0.119276 0.387808 3.664099 0.522563 41.820133 5.179764 7.055624 85.296394 23.818771 23.517221 1.266700 5.098832 0.857334 0.503554 1.302242 0.928391 
1.335552 7.184398 0.190061 0.674873 1.241081 0.180155 2.838885 1.334371 0.459267 0.544309 1.216458 0.889051 15.970698 6.602353 0.659612 13.507769 8.740843 0.869987 5.068318 1.807015 35.180063 1.576075 1.263086 3.026389 0.580931 11.936016 17.496293 0.156520 3.858781 1.448075 0.277874 2.311193 0.629103 11.456405 1.267050 8.166301 
0.630178 78.739283 4.890109 13.107919 14.257848 2.787245 0.387607 0.813374 1.232170 1.696266 1.337784 15.581994 3.293509 38.559524 2.001433 25.239641 2.011370 33.734713 0.356078 3.464207 1.107245 4.093116 0.990272 
0.766442 5.653270 0.371728 0.829650 3.102974 75.778921 1.344538 0.511340 3.015820 10.009428 1.707841 12.247981 4.292178 23.788044 0.087968 1.338611 6.369489 0.207275 18.746291 0.744396 21.152563 0.530164 24.110042 1.103732 1.167139 0.323008 1.600941 0.383617 0.856713 0.998713 13.410737 0.587015 
5.403575 126.971742 1.361294 4.165625 0.038227 0.746605 1.016460 5.180431 1.491816 2.459274 11.501746 2.243550 13.759044 3.190187 4.637495 1.706053 1.096002 0.192497 
15.271927 35.338045 0.049770 14.918349 1.275576 0.027937 1.363652 63.486572 0.125398 7.820262 4.629701 9.000751 0.164879 0.659302 0.577901 109.779938 1.058473 1.847696 0.965061 111.216350 0.359367 21.302498 9.137225 4.163328 33.780324 0.158376 7.571002 0.524238 1.104078 0.396094 3.264721 1.224305 5.485259 8.026707 0.102679 24.906876 3.143221 1.976521 
31.995682 3.295027 3.003156 4.563728 0.169749 5.999444 0.172491 8.209110 0.364794 2.436557 0.759538 0.440454 0.184853 1.250752 0.392448 32.972466 0.174068 0.101618 0.038015 0.115468 4.964538 0.485071 1.393124 0.859332 
1.963446 29.845641 3.131070 1.355113 0.367699 4.870265 3.297511 43.778204 3.301680 19.781629 1.118970 2.549064 1.199996 1.331358 1.967404 66.521350 0.057176 0.753520 0.749249 1.093131 46.510129 3.436145 4.056902 
13.239242 10.758888 1.369923 0.268729 4.669061 1.031384 0.816726 24.333245 7.818244 11.345353 
0.028693 19.491688 0.839095 31.659844 0.040551 0.227938 2.494313 5.507136 8.077331 8.889817 0.341218 1.680710 19.016246 0.417086 2.647984 1.016106 1.395976 1.156996 
0.839361 3.607781 2.832566 6.949722 75.394848 1.029436 12.865509 0.745683 0.550436 2.713421 0.603658 0.347415 4.475989 21.989009 0.648360 0.214634 0.103695 53.406130 5.733378 22.478159 32.718763 24.612062 83.232966 12.168547 5.586348 5.816511 
0.387190 1.834108 0.880008 10.187195 51.956569 0.412033 1.145883 1.138583 0.373143 39.257238 0.026016 12.723305 1.282529 143.584523 0.583131 2.112787 1.524451 42.159811 1.283773 0.263915 0.122467 0.041276 15.208543 17.237158 2.496499 2.833469 1.642807 0.793510 
2.338151 2.691426 7.323772 12.520374 2.096595 7.400972 9.822111 0.918855 0.088411 12.262557 4.569321 5.434015 0.416262 23.314566 38.650747 6.242450 5.367303 8.723461 0.417887 0.536828 
0.969048 26.139773 0.317977 71.855858 3.710548 1.849876 1.144778 9.300249 3.138775 2.752206 3.878085 0.157785 2.054152 45.071727 1.700138 0.483665 3.247846 6.096371 15.096426 5.427708 1.343281 1.063643 14.307722 1.501343 
0.802572 1.412796 2.841420 1.370827 37.911437 129.959681 19.590679 0.058686 9.491693 3.346727 0.857301 1.900238 3.042393 4.518598 9.948780 3.888054 1.316342 0.070864 0.072335 
3.099683 25.775751 1.320536 5.094893 1.671977 7.517903 1.639318 0.218850 7.473739 0.499035 0.553053 0.005334 0.055253 41.322620 2.403596 4.657053 4.772258 0.384493 
6.476856 1.119872 13.758862 3.530139 1.343169 50.678196 1.549468 1.861010 1.820642 0.367785 0.242790 0.160823 0.201410 1.730035 0.939329 1.310816 18.701403 2.421562 14.998297 20.316861 1.054178 1.513775 120.921551 1.027276 12.931001 3.848871 12.644982 2.100607 0.087696 6.082424 0.143088 15.111607 0.115391 4.732232 
0.491156 0.306915 18.994481 0.360053 1.849992 235.054202 9.620921 29.931340 0.165474 0.392972 15.381946 1.186803 0.714376 0.694114 4.106292 0.608970 50.434590 2.481163 20.919186 19.920392 1.335325 5.533048 3.487750 0.325081 0.582636 2.255544 0.880601 18.830570 4.348276 3.504226 
7.540195 87.496101 8.459392 12.929355 0.864291 15.549119 0.077132 2.847812 0.398298 6.686394 3.897376 0.874563 0.322149 1.292092 15.503497 0.910152 2.078734 1.024896 6.772694 0.593300 1.524735 4.632231 
1.115421 6.732768 31.141086 4.745103 2.329066 0.289693 34.038357 1.483920 0.545033 0.425926 1.063248 0.113622 39.406454 0.121427 0.196284 1.136195 0.289190 3.546975 
58.079541 0.216290 4.201519 7.659487 0.959362 0.912564 20.384013 7.046059 1.230307 17.635684 3.411578 24.813423 71.736255 9.468579 36.097782 0.120839 12.322481 304.797883 14.880617 9.247580 0.331825 0.148069 8.781775 6.255469 1.634046 6.020467 0.338080 2.560320 2.347155 11.161775 7.292934 5.140543 
26.434361 6.090598 0.737667 1.748366 0.087546 1.062563 0.996948 22.135724 3.266557 53.746777 2.833014 1.800362 11.290490 102.967585 1.995169 2.501932 0.287395 5.097431 0.684098 0.431880 140.920531 5.825207 8.418197 6.755237 0.989607 0.150002 2.398767 4.329196 0.689737 5.417481 0.434574 0.534589 4.067627 0.223358 1.549204 6.850044 0.830318 3.872722 3.772929 11.420698 22.878047 1.812326 2.328245 
0.398522 1.754608 185.164955 1.014750 0.277663 0.919580 1.777713 16.097409 4.140850 8.863638 2.628848 4.815119 16.839606 4.589311 3.631774 0.371166 0.564631 
0.993207 2.867773 7.943935 8.314766 5.307182 0.631911 138.303050 2.526618 1.660371 0.197945 9.828994 2.532045 4.181016 0.948625 3.219104 0.878939 
13.374186 6.248516 1.350971 0.310414 0.031208 12.297665 6.046991 10.464101 1.322111 1.844506 1.047761 48.519514 3.113987 92.020838 0.563373 0.800098 5.053620 7.252113 3.897023 0.102028 
6.585591 0.603330 3.387515 0.939875 3.810921 9.257796 8.876985 0.423132 3.094581 0.387552 0.592516 317.091264 15.834028 36.200505 3.444405 1.951096 0.058085 1.971545 2.324271 0.444276 7.573479 5.683130 
0.494962 21.182120 10.252964 0.265751 3.108228 33.056395 6.904309 18.352367 131.980076 0.955449 1.088874 0.456228 6.727644 2.175189 2.091116 3.483421 22.240152 3.031759 0.668294 0.490591 0.092807 19.581651 0.141117 1.015359 3.541112 161.993914 4.126181 8.905434 1.127618 
47.448424 1.082827 2.638137 0.915955 19.463235 1.765566 0.111018 0.244068 25.496496 13.614444 0.829374 3.820600 5.720962 82.612371 4.631837 4.571933 2.437787 
0.395262 1.918143 1.486403 64.760539 6.771842 0.702929 41.139204 4.647819 2.505242 186.190506 0.311940 0.442580 2.421774 2.547545 3.759186 3.148828 9.189576 11.862394 32.437732 51.992861 0.889835 1.116249 5.422394 0.259175 5.545972 0.190087 2.392340 46.180863 3.086683 5.584453 4.650470 2.589102 
2.871745 0.239097 19.964696 1.603562 18.091827 23.680680 2.898677 17.158286 0.488075 1.616619 26.026504 2.801362 0.543572 0.387585 16.778815 0.442056 1.266289 7.898667 4.475234 11.776004 19.692932 11.350312 1.961618 39.112637 2.341567 1.314339 0.464701 0.782088 14.459117 1.158707 1.247843 3.687588 2.983183 1.368158 0.241495 
23.913798 0.239385 150.691951 1.045770 14.404214 2.913539 1.287336 0.730595 1.359696 0.174933 0.094237 12.738763 81.787277 11.803230 0.212741 0.426018 0.277127 3.847589 1.166711 0.461578 13.219739 1.648858 3.806589 5.123098 16.787378 0.030758 19.503935 1.282806 0.103566 0.167751 16.468809 5.257367 
5.923937 1.957442 1.905072 0.199942 31.020529 3.423433 0.812666 3.138786 4.928598 0.305708 19.623239 0.608204 1.209013 0.265383 2.617674 47.425638 0.960142 
0.684690 0.494202 0.026559 0.228729 5.526391 3.808040 16.014094 1.004303 5.170184 1.447649 8.288912 2.925845 11.741926 0.133983 1.437977 0.455638 0.840765 0.103382 7.778768 2.939487 5.176872 0.545580 0.865517 11.363048 0.630118 
35.198094 5.194877 3.074602 32.656868 7.176754 94.833428 0.109825 152.037239 5.528738 0.973507 1.606419 0.150208 0.986298 0.826747 167.999174 0.940635 0.422020 4.081457 0.248483 1.410758 9.348564 36.315440 2.115380 4.458526 13.334827 0.517313 5.361204 25.743701 1.572665 0.894830 0.605606 3.398541 4.928255 0.523370 8.781463 
4.221514 4.232825 2.547552 1.772819 0.345153 2.787054 0.322345 21.099887 1.480537 7.075388 6.819759 260.549786 0.960792 8.453577 5.199793 3.856940 2.309805 
1.444766 0.546785 1.715479 10.365929 7.296706 0.641481 0.516953 1.734067 6.560735 1.112530 0.266935 110.963886 1.261666 0.430842 9.542742 2.649700 17.578881 0.488747 10.411346 1.582889 0.061660 2.606341 38.692031 8.462888 84.155335 110.931552 3.367139 2.115238 0.845788 0.269414 2.967700 0.096033 1.827771 4.338510 1.660106 0.842198 9.350163 4.750248 
0.535153 2.326328 16.030299 75.856967 0.437930 15.872057 0.491669 0.116267 2.138075 3.189616 0.124174 97.284864 0.972874 38.574984 722.476341 42.590886 56.163368 3.462141 1.073472 0.272902 11.174964 1.154315 0.920746 7.078286 92.107290 158.850041 0.406845 0.734458 0.597714 33.777528 0.814833 
0.428430 0.642234 9.917853 5.350254 0.906210 392.188730 3.888050 30.509037 1.741084 0.116971 2.693554 0.858815 1.094027 0.189518 190.658483 18.440049 5.231292 46.160746 0.207731 15.315804 1.200534 197.075134 0.282953 4.898717 1.214958 5.948649 0.276060 19.118382 4.988751 119.817966 
20.301843 0.822302 42.241168 2.904627 4.455012 1.557923 10.890163 0.645480 0.191450 5.162964 13.911297 0.617984 18.474177 8.568500 5.091641 0.632956 0.863754 5.149942 0.611104 161.280221 19.475106 0.879662 2.529230 2.716659 1.078072 1.116289 10.371952 3.445207 0.195605 2.632085 
1.848241 0.372456 0.174791 0.539426 7.429764 75.025302 9.094240 0.497488 0.130865 0.229811 12.528441 1.187905 31.203311 0.027475 0.388722 0.208842 6.357775 1.117869 15.317362 14.242295 0.906909 0.258335 4.380646 0.348355 0.019522 2.726079 1.258223 4.966552 51.173524 
1.252441 0.343389 1.171666 91.837019 0.076902 18.339588 0.047689 1.508716 23.759073 1.133495 0.914156 32.188620 3.238945 39.616988 2.376449 150.279648 1.125216 
14.210365 34.294058 1.345143 3.026766 0.764602 0.221513 2.576873 22.908563 4.935735 0.473945 0.366191 2.512008 0.709836 12.100010 7.374708 2.590384 19.067413 0.504833 
4.439844 27.608564 15.478131 1.266821 0.746197 6.880266 9.538466 1.976522 10.694696 197.808614 1.090998 5.188376 0.567426 0.253086 0.739955 0.057362 0.473243 9.681768 0.127715 24.387861 1.754633 
0.573948 39.375593 8.667904 18.914300 2.577179 69.075231 0.692116 0.696249 5.055783 0.116546 2.395379 3.002386 0.543566 3.876709 0.728410 0.163066 2.416416 2.066522 47.030080 0.971315 6.654325 0.510364 8.473278 1.780244 
32.018512 55.924775 2.740540 18.099395 2.496697 126.316886 0.280179 15.684956 5.106830 1.340808 4.385233 16.408492 21.653417 5.047005 0.135812 0.764179 0.836137 1.788699 12.222628 0.328426 0.680488 2.496549 21.322658 0.856350 463.315960 1.703595 29.025215 6.944653 
0.829672 4.992289 5.683152 1.281688 0.238514 5.468817 0.602473 2.059611 9.792126 8.500975 2.416963 20.900310 19.517243 0.154385 2.623974 2.133210 15.664886 3.152434 1.361845 
7.482551 54.480097 176.372359 4.071811 7.875168 5.131137 17.008783 17.435882 1.925408 363.645719 29.866693 9.687153 0.200692 0.164570 0.934197 0.924505 2.118472 1.518650 0.310263 0.126900 28.032941 0.209769 5.163138 0.748178 9.790683 12.326426 0.058815 8.498064 0.075286 1.285474 1.980811 0.995232 
18.220636 0.794392 2.905918 1.636334 0.529373 5.845425 0.076535 12.954351 6.659308 79.645118 1.275837 2.611812 0.768547 0.597878 4.743771 4.882988 
5.743145 3.084197 9.547746 1.073293 0.768483 32.531018 1.038548 4.602680 0.122358 1.154777 17.302956 1.767833 0.913975 3.385185 3.339176 0.585887 4.052781 11.160245 
0.519093 25.429641 0.135183 0.956307 0.553890 4.378051 1.947976 4.591280 5.141758 4.156828 6.971391 5.609626 86.285055 0.320516 4.540210 0.272781 194.375731 0.549634 0.117609 1.995323 7.008611 53.320030 3.475616 0.111495 0.610948 316.023710 0.450564 8.356071 6.245937 1.767011 0.793947 6.150159 0.596558 0.425565 0.167691 2.856983 2.473688 13.176701 
0.951792 10.460986 1.865146 3.337305 1.087115 2.339285 48.449205 1.331328 7.062776 0.779222 2.799237 44.968684 0.609541 0.459865 8.406271 3.372679 3.208888 1.999874 14.904699 10.015715 4.281143 1.041227 2.057381 2.725725 
5.451221 7.081712 0.570940 0.144324 2.497349 3.509832 1.164778 1.176157 9.360579 2.246526 6.548261 0.498541 23.562828 11.842309 2.483942 2.300377 2.775465 1.139032 1.143420 38.636063 
1.499282 3.950188 0.709677 1.324664 0.076075 1.119426 11.970780 9.196849 1.026539 23.910933 0.196087 2.722414 33.847641 8.631065 0.345894 1.538258 0.376147 7.140169 7.066101 0.696781 16.814958 0.471796 0.344611 3.035221 11.385953 16.467851 23.829403 3.937843 7.508485 1.499339 13.970112 
39.625520 1.132824 1.006174 4.640561 8.227584 5.634879 0.899508 0.312314 0.667095 0.325590 3.167135 6.515753 1.030952 7.294627 0.306005 1.528666 0.779027 4.617173 3.066405 9.349890 11.008500 0.469122 8.990978 0.557226 2.688243 5.156504 0.488114 
8.838691 0.831223 8.887179 0.129165 2.020509 50.000925 18.884502 7.881438 1.732591 0.061389 0.265540 0.193728 0.236348 0.292429 7.535468 4.400308 2.793082 0.072177 0.080703 12.871758 0.367008 1.056710 13.958170 0.282099 
26.071865 2.694008 20.249633 38.982949 1.261644 1.444603 99.423452 0.222416 65.701110 3.079914 2.493585 25.113902 90.475923 5.064822 0.904262 0.027556 74.715745 18.902347 14.316510 0.108199 0.021863 0.320836 3.699872 1.951611 0.375448 1.236629 2.978839 2.669782 0.670158 1.409187 5.884753 0.659557 
0.048059 2.848980 0.603894 0.926274 0.235459 4.638490 1.216897 0.597122 25.908302 1.336529 0.106645 3.674600 208.657626 1.298208 0.895054 13.069318 11.261413 0.718950 3.134190 5.813745 1.070520 164.570466 8.233353 7.855984 1.901459 12.999821 1.883366 9.834078 15.942853 12.148961 0.152138 0.502495 1.544311 2.159039 15.752610 1.432283 
0.515205 0.034747 27.269971 10.126634 63.021583 133.563063 1.173878 8.568150 4.761483 21.371153 10.861300 46.363194 0.123622 0.032456 12.781300 1.487333 1.450844 1.209082 193.396181 15.111435 0.443261 0.776167 0.536814 4.746852 6.969728 1.477463 8.957273 
