48.042387 51.841756 43.436755 47.463022 44.702920 46.203588 48.933304 46.756086 50.173600 47.180454 49.888095 51.506823 49.704278 44.329441 47.544411 51.967991 49.322754 45.755491 45.205678 49.919855 49.264505 50.089607 50.323997 48.306250 46.172597 49.835851 49.006109 48.377367 48.935254 50.538650 49.071533 49.270400 48.119857 
49.705624 51.283803 47.828515 50.199611 45.789284 43.257942 52.303855 49.062993 48.889535 46.177626 48.883904 50.958317 49.624087 47.890015 44.809081 51.345958 49.022228 44.664244 45.524637 49.680877 46.091143 48.759914 44.381789 47.718784 48.720968 49.053388 51.909290 43.948927 51.143758 50.100158 50.554755 46.033128 
44.537476 46.564818 44.934923 49.462624 48.764829 45.918042 44.390251 44.788506 48.456098 47.845629 50.412770 51.515692 50.398485 49.643634 48.979580 49.162965 50.692112 49.151979 51.143758 50.868212 45.382396 46.445621 43.370462 44.459396 48.634942 49.138812 48.890214 49.809706 49.334440 44.698187 49.487493 49.498151 49.247264 46.214923 
51.562295 46.014360 49.995433 50.956097 44.978896 46.945024 42.819616 51.058470 46.778526 43.265943 51.162771 50.144148 48.308500 48.829635 
49.515045 49.375847 48.093560 48.007350 44.777751 51.057371 44.598101 49.333092 49.695868 51.679700 47.929893 48.352885 49.149096 50.847228 48.209122 50.687784 45.890309 50.246012 47.529825 46.260606 48.084487 45.806783 49.447473 
44.759100 49.062627 47.110926 46.948596 51.800760 47.721743 50.147216 44.944471 46.291548 47.489972 47.705298 49.988957 47.741175 50.469190 47.700493 48.654842 48.760622 46.835943 49.233152 48.040141 50.578938 49.403718 49.848379 45.989017 51.460628 43.450666 46.718512 
51.718484 49.655097 50.158524 50.888308 43.332724 45.716871 45.062072 46.996115 47.772060 50.522714 51.444048 45.740814 50.151660 49.754648 48.107535 50.386781 48.012090 50.088833 47.017447 50.807372 47.608480 46.962337 49.281880 
48.681409 46.650876 50.343905 48.021587 43.996797 49.572340 49.835706 49.500140 47.864406 50.910621 51.742869 49.686043 45.336257 48.435569 43.887256 49.953018 45.022876 48.949219 47.750398 48.017656 50.102375 44.693676 45.453449 42.909763 47.791206 48.928111 45.883906 47.111931 47.918061 46.849786 46.001820 
49.163434 52.074207 51.560665 50.278970 48.402475 47.869818 49.506342 49.912514 44.660444 51.160972 49.568232 50.415508 45.962166 49.766022 48.766093 50.265563 48.356074 49.822743 47.076184 47.616781 49.589491 43.252536 49.091280 45.617878 51.232515 
48.037572 50.569778 43.576174 48.811182 43.108286 47.449207 43.107691 47.937274 48.599304 48.329216 43.364642 48.835971 47.547576 43.855289 50.396005 44.241063 50.873187 45.988343 47.833121 51.554443 50.321266 49.313625 44.383838 51.010282 
45.362062 49.066861 47.131830 45.834492 49.184406 45.223562 46.682670 43.477602 49.595677 48.381209 49.206997 51.491574 45.989372 47.083947 47.594889 45.497413 45.818283 50.265642 48.286560 49.987183 47.493651 
49.747144 48.225611 44.442789 49.000906 45.743755 45.164454 49.446505 49.660650 51.963668 52.199461 46.624977 48.174273 51.781804 48.344570 51.130378 49.470980 48.313330 48.659524 50.519694 48.965870 45.987003 47.128563 
45.399280 46.697892 50.394841 45.081504 47.083550 46.454029 48.984277 48.466408 51.749831 47.213892 47.617770 48.830359 51.056223 48.938360 45.542771 48.438885 44.027154 45.721122 44.443333 50.630912 48.042691 50.877256 45.785617 46.908979 45.750004 45.607287 48.165061 49.431171 48.173154 49.839866 
46.822388 47.650951 48.264141 51.435610 48.830228 49.390178 45.226573 48.241185 50.294970 50.372903 48.888846 48.743777 49.630089 49.764406 48.565523 45.227402 50.492330 48.409619 49.681620 
49.032048 50.372765 44.659813 51.829631 49.712789 47.148703 45.663423 45.203400 45.744253 48.179826 49.625934 51.387143 49.630988 46.334790 47.402346 45.815794 51.646327 46.224875 48.553939 48.277542 48.574479 
47.663676 48.238323 50.419915 51.532468 45.158216 47.602308 50.674257 48.276171 51.104035 46.418162 48.212279 49.133063 49.389060 49.556684 50.886818 48.371844 44.871344 
45.880922 50.528870 50.302442 47.345017 47.346262 48.180681 48.202775 47.609856 50.624523 48.431481 46.159021 46.654131 49.825279 47.897871 50.115147 47.535330 46.391973 48.867454 48.298641 47.625321 48.692621 46.877312 45.791320 47.982245 48.071937 
48.250792 45.791509 51.867666 48.075670 48.655377 50.330869 46.032773 50.382815 44.662669 44.821101 48.686372 48.818774 50.027535 45.247712 45.286388 48.544219 44.365970 45.615643 46.744632 48.968654 48.838486 47.657764 48.636496 48.692915 43.034978 43.917975 46.995872 
43.649967 50.078831 51.336613 48.875141 50.340120 50.442535 45.844755 49.022315 44.385379 45.126345 48.542599 42.983567 44.068838 47.459854 47.282742 47.996023 48.540270 51.014708 49.372354 
46.849979 51.327799 50.601612 48.465070 50.052824 44.550855 50.271173 50.279945 49.362473 46.558156 49.113126 46.217464 46.929561 46.510241 50.205727 46.825328 48.241704 47.145386 48.272888 49.800151 
47.461031 51.811836 47.843349 45.734624 47.641494 44.433421 46.766000 43.704249 46.331443 48.858536 46.785742 46.602254 48.107558 46.609912 49.918551 52.316012 49.026729 50.189290 51.178429 45.541025 49.717231 43.642012 49.124653 49.518888 48.733489 47.606073 50.843857 45.767565 47.854461 50.034176 49.750745 48.542919 50.971353 46.848697 45.846978 
45.359017 46.129022 47.653121 47.974060 49.363547 48.094924 47.823744 48.177521 48.717584 50.589860 50.836894 50.007505 49.086164 46.501774 51.069208 48.072967 50.934233 45.215690 42.806005 50.122331 49.009094 45.727095 43.821811 48.684211 
46.649324 49.489368 49.610598 49.612837 44.735813 51.570678 47.472380 50.295697 48.910180 45.339374 47.743251 49.323184 49.111665 
44.935187 48.723883 46.735167 50.524584 46.851973 48.702905 44.806859 50.058403 49.757111 49.966675 51.829499 45.675016 50.764308 49.329674 51.353683 49.136888 
50.637145 45.745947 50.229082 50.865220 50.099842 51.437918 49.230620 44.464261 47.702449 48.137837 48.264936 50.298585 49.661620 46.610704 48.332318 44.855525 
49.607486 48.820871 43.196571 46.286938 51.529618 51.455268 50.458210 47.591012 50.139601 44.495210 42.633558 49.737252 43.129423 47.338203 48.526895 43.136994 47.178187 49.694970 48.292109 49.823831 50.093485 50.718202 46.662351 51.118948 
45.715870 51.974733 48.276934 48.925758 49.133168 50.004495 50.374060 45.434861 49.640932 45.024099 48.756145 48.675292 49.392347 
48.494691 52.037745 45.953179 48.307471 50.760315 47.018901 47.657563 50.145000 47.452539 47.455441 47.142913 48.801740 
48.961041 51.581768 45.009847 47.260942 49.253229 45.583716 48.738352 50.652643 49.077296 48.867522 46.782484 48.781548 48.452710 51.678398 45.221254 46.242575 47.149078 47.288891 48.348503 45.608058 51.837808 46.713312 48.808710 48.625293 
50.423218 51.727383 49.079336 48.032702 50.910686 50.558706 48.377425 50.367178 47.979560 46.758065 49.350570 49.927291 51.868440 43.753415 45.864272 48.779281 49.019901 48.599467 47.529752 48.991988 
51.875487 49.645343 44.019373 44.796978 46.620322 45.793820 50.117042 51.004374 49.213791 50.069513 48.012559 50.679794 50.189891 48.559071 47.314444 45.817993 48.409525 47.848829 48.622221 43.957755 46.748521 48.425457 44.585632 51.576782 
50.693763 47.131616 47.757765 45.898838 52.386937 49.080044 45.971952 45.647117 50.240444 49.842573 47.196017 49.207669 50.050924 47.442097 48.349132 49.017272 47.048098 48.840341 49.967604 48.477955 48.777522 49.088698 49.143503 49.780687 44.183810 48.453657 
50.608435 44.562247 48.831748 46.780149 48.856934 50.330335 50.695958 50.050924 50.780269 50.005581 46.662498 49.248019 47.429435 51.145253 
44.339462 49.432220 48.355703 46.851726 49.589833 47.014591 48.326127 49.196186 49.891723 43.624082 52.198309 50.968121 48.572715 47.643994 47.656988 45.042096 
43.727727 47.402919 47.430263 51.588419 50.840031 44.047662 44.502266 48.024458 48.204116 44.674881 
49.407957 49.325861 47.899495 50.279783 49.772075 49.793114 51.743461 50.999783 48.286432 47.841876 43.501037 50.811148 47.179097 48.467904 47.954813 49.198488 51.323628 
50.227487 49.147305 46.354415 45.668667 47.258690 47.212614 47.265669 48.299605 50.496405 51.942455 48.815194 49.765462 46.438283 50.236432 48.047339 50.606123 50.919131 45.919682 49.317071 43.087104 47.791615 47.845767 47.477984 49.197419 51.400328 49.954325 48.829513 48.849840 50.064440 
51.688865 46.449770 49.994064 46.427102 49.010109 49.750534 49.940030 49.704156 48.481521 47.706048 48.360710 47.978901 48.959424 
51.478964 47.854550 47.854332 47.881907 48.009354 44.683283 49.170685 49.857736 46.636117 45.462258 46.348924 
49.517346 51.258206 45.200297 51.423481 44.812525 48.534890 48.031638 44.921706 
48.456208 49.452487 47.554759 49.896686 49.396811 48.300691 44.073306 45.053818 44.218733 46.116880 48.895991 51.449739 49.886492 
49.729899 48.831541 49.039577 44.159270 48.757885 46.863026 46.025546 45.352151 50.061715 50.204657 46.336319 48.475710 44.890343 49.160402 51.281861 46.784733 49.430388 44.304768 42.620185 49.701748 46.787571 48.533302 45.523523 
47.425642 46.107949 47.171840 47.556902 51.496814 46.756309 49.183684 47.673930 49.045103 48.039753 49.488779 47.100510 48.796952 45.032270 49.670166 49.200130 45.784230 49.342022 45.563709 
46.785957 49.187066 49.611520 49.670002 51.480896 49.999765 47.366668 50.614668 47.874709 46.763566 43.288119 44.193751 45.287934 50.269617 48.402455 48.017757 48.541153 46.983166 47.784769 47.533223 50.213077 44.350935 48.827274 45.908315 49.347904 46.578120 47.946032 44.214398 47.895262 47.970924 
46.161775 50.958097 49.160798 50.428515 45.884453 46.600997 47.660622 49.506617 45.948006 50.957280 51.643317 47.972019 48.908550 47.068219 45.089407 48.042678 47.178098 43.472408 47.576629 48.969929 49.607672 48.357586 50.459345 48.348384 44.507482 50.450923 44.986908 49.049859 
50.093573 51.132681 47.855580 48.637946 50.669431 50.999541 45.462519 50.716446 48.507888 45.983756 47.858446 48.063150 46.052234 49.855276 52.305946 46.668609 46.728309 50.566222 50.216114 46.518040 47.818695 49.071016 46.023008 47.720415 
47.802215 51.578728 48.496663 46.709123 46.815337 48.653863 51.406248 50.570858 45.865070 46.087872 46.347682 44.846188 50.063063 51.962172 49.436919 
49.275733 48.046539 47.651319 44.145462 47.895096 49.979858 51.406248 50.839365 42.730112 48.535891 48.150794 45.454711 49.861263 48.458288 45.106106 50.820555 51.631559 44.079470 49.000893 48.591060 45.944888 44.689459 46.675152 
50.769046 49.808070 43.861693 45.520549 46.962946 51.396155 47.542380 48.920763 50.884177 45.494140 43.427692 43.106348 47.588775 47.622331 47.604339 49.424336 51.567506 49.475869 49.587708 47.014638 46.852801 48.177893 47.398002 46.066966 48.594439 46.781154 48.997342 43.875049 48.623415 49.163238 49.302641 50.812035 
49.698728 44.540817 50.405442 46.833296 44.542406 49.922385 45.509242 48.108280 51.890273 49.380665 48.656329 50.167480 49.995996 48.939974 43.817512 49.522995 50.237551 49.789785 
45.611381 51.982336 45.873147 50.159205 49.203875 50.895396 47.992895 48.195745 
52.302487 48.897191 45.917723 51.853543 49.879184 46.554760 49.221927 49.361217 49.672761 49.755968 49.719752 51.285932 51.054078 45.878599 48.756982 47.290643 50.485680 
50.588907 46.758590 50.439134 50.312702 45.915733 50.264837 51.465194 49.350334 51.352436 49.341312 
49.429787 44.872324 50.471509 46.280843 45.882585 50.964487 46.010658 44.557328 47.441654 50.365040 45.478818 45.844207 49.626350 46.474808 50.320392 46.233407 
48.745206 49.767534 49.478396 47.142625 51.235395 47.181725 49.244498 46.712230 45.748358 51.141492 50.724158 47.433975 47.807694 45.772067 47.246999 47.541018 42.841112 48.817105 49.331835 49.298758 
45.964238 50.904947 51.647668 47.607825 45.641727 46.145827 44.677756 47.473146 47.783133 51.141492 50.415103 47.116712 45.204965 47.328472 50.413942 48.410814 50.111076 48.784351 48.266787 47.165176 49.475262 45.093159 46.267260 46.857798 50.096384 49.138912 51.879992 47.906773 45.219151 48.731405 49.956059 48.544127 
50.963179 48.859522 50.612743 51.538952 48.844302 50.065045 46.052578 50.415103 
51.745508 49.292014 48.679557 50.297268 50.989706 47.465194 50.042486 49.971310 50.916418 51.713423 48.783763 49.703936 46.396012 43.527367 
50.847346 48.684844 48.546861 44.887104 51.402576 44.797476 48.578595 50.700551 51.024444 50.933015 47.866435 44.706941 44.033812 47.761399 47.913380 46.490022 48.475616 43.754280 51.259328 48.484465 46.181038 51.285109 
49.077052 48.204625 48.197317 47.130386 45.688575 45.124414 48.552840 49.525729 47.692265 48.709735 46.627957 51.449891 49.903503 51.190890 48.508351 46.685008 45.375683 46.142922 45.038485 49.674329 43.679396 
45.453198 47.821372 47.476364 49.949293 50.287572 49.903700 44.353245 45.451637 49.257759 47.788139 49.566866 51.186863 47.904334 48.892444 51.024479 48.595325 44.978714 44.504014 46.137880 
49.836770 47.119404 48.764325 49.886476 48.397861 51.475617 48.968869 49.282840 49.068989 47.568114 49.129505 45.711958 49.335980 48.335577 48.575640 49.138913 44.447575 
49.073498 50.495448 46.531015 50.794595 48.284119 51.296287 48.360625 48.329452 46.617723 45.800777 48.735949 45.595243 48.966662 
49.873973 47.697885 46.365683 46.897957 48.115038 51.373000 48.828254 50.593941 46.589379 49.054740 49.470339 49.877207 49.350250 49.924426 49.037299 48.651803 48.109995 44.894748 44.863919 47.594757 48.440576 45.242155 47.734415 
50.515317 49.557564 50.521980 48.743705 52.098981 49.416139 48.671059 49.023536 48.118715 47.728592 48.966209 43.790240 46.280889 50.244312 
47.798187 48.011560 50.766938 49.144266 52.170494 47.586407 45.514030 45.216827 46.132906 48.258623 50.460680 46.809883 48.929145 48.643489 49.705142 48.937355 
48.764127 50.684522 47.757521 48.875568 50.418969 47.310906 47.479419 47.269471 48.901688 49.282263 49.639378 50.277026 49.403716 50.087078 49.330280 51.123609 
44.795535 49.892414 46.538763 44.670192 51.323724 45.292036 47.274070 48.109946 48.825034 43.473665 46.758792 45.760854 48.475324 
49.831791 46.531376 47.005437 44.949447 50.542267 48.191917 47.336687 50.986408 43.977791 49.815309 52.114001 48.690222 46.508188 45.525933 44.328844 46.449763 46.116191 
49.733717 50.787043 48.806664 44.695427 48.098984 50.313660 44.372313 51.880048 44.729099 
46.754539 50.308677 45.469201 48.714299 46.708971 46.810670 46.735040 51.556445 47.132811 49.674308 51.012714 49.662230 45.857593 
50.709488 50.693434 45.224210 45.398484 49.146525 46.876909 50.873608 50.223257 46.100495 50.650144 49.421208 51.843053 44.702178 46.917985 46.109048 51.415530 50.450139 47.459015 44.040859 48.971466 
49.759323 44.005742 46.013479 48.014335 51.766613 44.091986 46.440910 49.504494 47.822502 50.686324 52.092612 48.535935 44.298011 49.589195 44.713672 45.730491 48.697585 
48.860639 46.802434 46.255770 43.474252 51.747288 49.490216 49.346246 50.441781 43.909218 44.966416 49.430216 49.218817 47.653374 45.208604 
49.292383 48.489965 50.831378 48.277498 50.886555 47.659916 46.346099 44.566203 47.924284 50.386217 48.460417 51.124606 50.127270 47.154928 49.583503 48.118062 49.823615 
48.507288 51.199421 49.120881 46.177854 47.449167 51.353760 45.725806 45.732632 46.833271 47.093708 50.693694 
49.312147 49.952819 50.128769 48.671480 46.471144 49.911088 49.443923 46.014474 47.302539 52.084114 50.813267 
44.540113 44.740909 49.719838 47.507460 49.203522 50.812149 50.441721 43.536734 49.814839 51.006986 50.577789 50.938468 50.551312 51.300145 44.386896 44.565579 48.926284 45.291497 
49.582342 49.622934 48.702270 45.842624 50.679368 46.703811 46.179567 48.106539 48.864681 51.816793 46.562445 47.158678 50.399432 49.365422 50.914698 45.223909 48.419961 46.788719 47.382481 46.718500 48.127376 49.183159 46.807262 49.806274 43.027192 48.463777 44.901776 50.839902 48.190047 49.018465 48.330925 
50.781295 43.303435 45.464898 44.918541 43.909072 47.677259 45.731983 50.602949 47.234864 44.623935 48.257058 47.847717 50.455299 47.998318 50.456263 50.248637 49.250652 49.406591 48.531026 50.366127 45.482797 48.952452 47.062432 46.609098 42.830169 49.302237 49.429686 
47.827674 43.227648 42.596570 47.170757 49.034249 51.752888 49.154166 46.949775 51.291942 49.430123 50.120325 43.753566 47.471002 50.824651 47.472972 49.902734 49.312388 50.035390 
48.307201 47.431596 50.096498 51.579569 43.918113 50.834718 50.365729 49.054392 51.392986 47.516877 47.971041 
46.470459 49.189244 51.564486 44.921507 49.088821 50.174802 46.336830 49.216773 47.112200 50.191732 49.464735 49.300745 44.094551 50.546195 45.570642 
46.917762 47.084841 51.387791 48.055455 51.101678 50.612519 49.595410 46.134612 48.579651 47.538399 46.756832 49.457724 49.222363 49.225692 49.372324 43.402829 51.257463 47.892186 43.707215 45.688806 48.351983 48.517072 50.085907 49.512671 47.416533 45.766119 46.127169 51.160739 49.016223 48.734848 
44.217416 51.067670 50.779167 47.187736 49.719988 44.366836 49.448205 49.183493 48.753764 50.933044 48.998980 48.262562 52.064658 50.001680 47.997692 48.903528 51.084684 48.023757 49.673629 50.470991 46.077265 46.613521 49.022488 48.405995 50.465718 50.331935 45.594988 
47.963867 49.507214 47.520054 48.786072 48.227163 49.074876 47.622044 50.968949 50.917897 50.819140 49.797871 51.849323 47.306265 46.694756 48.068313 48.419947 51.861223 45.964415 43.631480 43.330777 46.625397 47.678876 46.325763 43.559003 48.971167 46.704503 50.375369 49.418104 50.220740 47.587999 47.593577 47.396617 44.933436 46.295403 46.539316 
49.809997 50.831353 43.812133 49.700347 50.558123 49.084847 47.305999 47.421060 47.443741 47.453786 43.627166 45.305030 45.735887 43.934990 50.252630 46.531941 45.703857 44.132615 48.077786 43.598142 48.986086 47.885053 47.886672 51.095358 48.340789 50.356999 48.117153 49.453424 46.758828 46.394621 
51.528164 46.955521 47.486272 48.346099 47.716387 49.181667 48.493382 45.572648 48.198418 50.381684 49.814545 44.281246 45.500471 
49.033725 45.346513 47.940818 49.810755 48.672424 49.945804 49.889138 46.032250 51.327380 46.750007 49.983132 45.172028 50.564979 43.446634 46.889777 46.639087 47.156171 43.836305 47.608219 50.296739 50.824265 45.301248 48.901071 47.042302 
46.100914 49.277842 47.132942 45.363454 44.632626 44.582055 48.228709 50.547142 51.086072 48.833550 51.334744 49.804484 46.649213 48.136736 50.717388 43.757332 48.419574 44.141581 48.378681 48.067832 49.587673 45.913883 
46.776807 45.455003 47.426491 45.094365 50.167422 50.007671 47.059072 49.678603 51.872316 44.779121 51.334744 48.929445 47.893518 46.926300 50.717388 50.138774 45.832159 49.659978 47.511257 44.857050 49.136604 45.686756 48.947530 50.019359 44.981021 47.593822 
47.830459 47.852034 44.826818 47.145412 51.334744 50.679800 50.583742 50.748845 51.369440 48.356829 49.190286 49.079658 
48.434425 44.495004 47.444209 50.519121 51.375385 44.132274 45.008887 46.357162 45.780697 48.313459 46.683826 49.766508 47.727127 45.685693 50.608998 49.141728 47.450588 49.339708 49.435012 50.099973 
50.100930 49.530512 48.456137 45.869701 51.233875 47.079851 47.994935 48.334984 46.175006 43.118618 45.890478 45.381116 51.233157 49.297336 50.463559 47.375465 47.682602 48.511303 43.808958 45.886341 50.619058 47.731295 44.102129 43.798419 49.683782 
45.624721 46.177668 47.035196 44.694234 46.001301 45.565389 48.394843 48.910863 48.923023 50.685845 49.795160 45.849064 50.290480 50.987853 45.343314 43.476083 44.912569 48.452662 43.220028 47.300741 49.343740 47.950754 47.075989 50.526987 49.472762 
49.228339 49.448768 48.667267 46.889710 49.751556 51.107275 45.641014 47.950643 49.575347 51.086397 48.916946 45.734153 45.714873 48.113730 47.817420 49.357752 47.796514 48.435532 48.566310 48.894297 46.024480 46.474263 49.579436 46.666990 48.945141 47.327437 
48.596861 48.895227 47.484866 47.132932 48.785732 49.171118 44.998260 44.677359 47.030691 49.697313 45.728137 48.874329 48.481099 48.694834 50.113480 50.187772 49.471892 50.663844 45.109633 48.558849 43.922567 49.320141 48.625843 49.787427 48.723802 47.709632 49.380528 50.210310 45.050667 48.225753 49.544912 
44.882455 43.914271 47.473674 50.837515 52.039236 49.128748 48.156418 50.996932 49.300237 49.278633 50.072685 44.298504 49.368640 50.915099 48.947170 46.318086 50.173153 43.721170 49.469963 45.183257 50.648654 48.763569 50.746826 48.178197 50.254332 50.288466 42.962336 46.581932 
47.510011 51.029630 47.565952 50.740875 49.963920 51.507701 48.006122 49.486666 49.888598 48.365452 48.940842 47.684708 47.809654 50.393864 47.342251 49.211192 47.356307 48.925872 49.955328 52.034343 46.260572 49.429627 46.239090 47.590414 48.788668 
51.431124 47.460091 49.359305 48.950143 49.845873 46.828311 51.896549 49.271431 49.535283 45.688760 48.757681 46.290701 
