88.173913 50.000000  1.000000
76.608696 47.916667  1.000000
87.768116 50.000000  3.000000
77.217391 43.333333  1.000000
87.565217 50.416667  2.000000
85.536232 51.250000  2.000000
86.144928 50.000000  1.000000
84.927536 50.833333  1.000000
87.565217 51.250000  2.000000
86.753623 50.416667  1.000000
87.362319 51.666667  2.000000
89.594203 52.083333  1.000000
82.492754 46.666667  1.000000
79.449275 45.416667  1.000000
85.536232 50.416667  1.000000
79.449275 43.750000  1.000000
85.739130 50.833333  1.000000
