100.096000  26.500000
100.640000  26.500000
101.184000  26.500000
101.728000  26.500000
 97.104000  27.057692
 97.648000  27.057692
 98.192000  27.057692
 98.736000  27.057692
 99.280000  27.057692
 99.824000  27.057692
100.368000  27.057692
100.912000  27.057692
101.456000  27.057692
102.000000  27.057692
 94.112000  27.615385
 94.656000  27.615385
 95.200000  27.615385
 95.744000  27.615385
 96.288000  27.615385
 96.832000  27.615385
 97.376000  27.615385
 97.920000  27.615385
 98.464000  27.615385
 99.008000  27.615385
 99.552000  27.615385
100.096000  27.615385
100.640000  27.615385
101.184000  27.615385
101.728000  27.615385
 90.576000  28.173077
 91.120000  28.173077
 91.664000  28.173077
 92.208000  28.173077
 92.752000  28.173077
 93.296000  28.173077
 93.840000  28.173077
 94.384000  28.173077
 94.928000  28.173077
 95.472000  28.173077
 96.016000  28.173077
 96.560000  28.173077
 97.104000  28.173077
 97.648000  28.173077
 98.192000  28.173077
 98.736000  28.173077
 99.280000  28.173077
 99.824000  28.173077
100.368000  28.173077
100.912000  28.173077
101.456000  28.173077
102.000000  28.173077
 87.584000  28.730769
 88.128000  28.730769
 88.672000  28.730769
 89.216000  28.730769
 89.760000  28.730769
 90.304000  28.730769
 90.848000  28.730769
 91.392000  28.730769
 91.936000  28.730769
 92.480000  28.730769
 93.024000  28.730769
 93.568000  28.730769
 94.112000  28.730769
 94.656000  28.730769
 95.200000  28.730769
 95.744000  28.730769
 96.288000  28.730769
 96.832000  28.730769
 97.376000  28.730769
 97.920000  28.730769
 98.464000  28.730769
 99.008000  28.730769
 99.552000  28.730769
100.096000  28.730769
100.640000  28.730769
101.184000  28.730769
101.728000  28.730769
 84.592000  29.288462
 85.136000  29.288462
 85.680000  29.288462
 86.224000  29.288462
 86.768000  29.288462
 87.312000  29.288462
 87.856000  29.288462
 88.400000  29.288462
 88.944000  29.288462
 89.488000  29.288462
 90.032000  29.288462
 90.576000  29.288462
 91.120000  29.288462
 91.664000  29.288462
 92.208000  29.288462
 92.752000  29.288462
 93.296000  29.288462
 93.840000  29.288462
 94.384000  29.288462
 94.928000  29.288462
 95.472000  29.288462
 96.016000  29.288462
 96.560000  29.288462
 97.104000  29.288462
 97.648000  29.288462
 98.192000  29.288462
 98.736000  29.288462
 99.280000  29.288462
 99.824000  29.288462
100.368000  29.288462
100.912000  29.288462
101.456000  29.288462
102.000000  29.288462
 81.056000  29.846154
 81.600000  29.846154
 82.144000  29.846154
 82.688000  29.846154
 83.232000  29.846154
 83.776000  29.846154
 84.320000  29.846154
 84.864000  29.846154
 85.408000  29.846154
 85.952000  29.846154
 86.496000  29.846154
 87.040000  29.846154
 87.584000  29.846154
 88.128000  29.846154
 88.672000  29.846154
 89.216000  29.846154
 89.760000  29.846154
 90.304000  29.846154
 90.848000  29.846154
 91.392000  29.846154
 91.936000  29.846154
 92.480000  29.846154
 93.024000  29.846154
 93.568000  29.846154
 94.112000  29.846154
 94.656000  29.846154
 95.200000  29.846154
 95.744000  29.846154
 96.288000  29.846154
 96.832000  29.846154
 97.376000  29.846154
 97.920000  29.846154
 98.464000  29.846154
 99.008000  29.846154
 99.552000  29.846154
100.096000  29.846154
100.640000  29.846154
101.184000  29.846154
101.728000  29.846154
 79.152000  30.403846
 79.696000  30.403846
 80.240000  30.403846
 80.784000  30.403846
 81.328000  30.403846
 81.872000  30.403846
 82.416000  30.403846
 82.960000  30.403846
 83.504000  30.403846
 84.048000  30.403846
 84.592000  30.403846
 85.136000  30.403846
 85.680000  30.403846
 86.224000  30.403846
 86.768000  30.403846
 87.312000  30.403846
 87.856000  30.403846
 88.400000  30.403846
 88.944000  30.403846
 89.488000  30.403846
 90.032000  30.403846
 90.576000  30.403846
 91.120000  30.403846
 91.664000  30.403846
 92.208000  30.403846
 92.752000  30.403846
 93.296000  30.403846
 93.840000  30.403846
 94.384000  30.403846
 94.928000  30.403846
 95.472000  30.403846
 96.016000  30.403846
 96.560000  30.403846
 97.104000  30.403846
 97.648000  30.403846
 98.192000  30.403846
 98.736000  30.403846
 99.280000  30.403846
 99.824000  30.403846
100.368000  30.403846
100.912000  30.403846
101.456000  30.403846
102.000000  30.403846
 77.248000  30.961538
 77.792000  30.961538
 78.336000  30.961538
 78.880000  30.961538
 79.424000  30.961538
 79.968000  30.961538
 80.512000  30.961538
 81.056000  30.961538
 81.600000  30.961538
 82.144000  30.961538
 82.688000  30.961538
 83.232000  30.961538
 83.776000  30.961538
 84.320000  30.961538
 84.864000  30.961538
 85.408000  30.961538
 85.952000  30.961538
 86.496000  30.961538
 87.040000  30.961538
 87.584000  30.961538
 88.128000  30.961538
 88.672000  30.961538
 89.216000  30.961538
 89.760000  30.961538
 90.304000  30.961538
 90.848000  30.961538
 91.392000  30.961538
 91.936000  30.961538
 92.480000  30.961538
 93.024000  30.961538
 93.568000  30.961538
 94.112000  30.961538
 94.656000  30.961538
 95.200000  30.961538
 95.744000  30.961538
 96.288000  30.961538
 96.832000  30.961538
 97.376000  30.961538
 97.920000  30.961538
 98.464000  30.961538
 99.008000  30.961538
 99.552000  30.961538
100.096000  30.961538
100.640000  30.961538
101.184000  30.961538
101.728000  30.961538
 75.888000  31.519231
 76.432000  31.519231
 76.976000  31.519231
 77.520000  31.519231
 78.064000  31.519231
 78.608000  31.519231
 79.152000  31.519231
 79.696000  31.519231
 80.240000  31.519231
 80.784000  31.519231
 81.328000  31.519231
 81.872000  31.519231
 82.416000  31.519231
 82.960000  31.519231
 83.504000  31.519231
 84.048000  31.519231
 84.592000  31.519231
 85.136000  31.519231
 85.680000  31.519231
 86.224000  31.519231
 86.768000  31.519231
 87.312000  31.519231
 87.856000  31.519231
 88.400000  31.519231
 88.944000  31.519231
 89.488000  31.519231
 90.032000  31.519231
 90.576000  31.519231
 91.120000  31.519231
 91.664000  31.519231
 92.208000  31.519231
 92.752000  31.519231
 93.296000  31.519231
 93.840000  31.519231
 94.384000  31.519231
 94.928000  31.519231
 95.472000  31.519231
 96.016000  31.519231
 96.560000  31.519231
 97.104000  31.519231
 97.648000  31.519231
 98.192000  31.519231
 98.736000  31.519231
 99.280000  31.519231
 99.824000  31.519231
 73.984000  32.076923
 74.528000  32.076923
 75.072000  32.076923
 75.616000  32.076923
 76.160000  32.076923
 76.704000  32.076923
 77.248000  32.076923
 77.792000  32.076923
 78.336000  32.076923
 78.880000  32.076923
 79.424000  32.076923
 79.968000  32.076923
 80.512000  32.076923
 81.056000  32.076923
 81.600000  32.076923
 82.144000  32.076923
 82.688000  32.076923
 83.232000  32.076923
 83.776000  32.076923
 84.320000  32.076923
 84.864000  32.076923
 85.408000  32.076923
 85.952000  32.076923
 86.496000  32.076923
 87.040000  32.076923
 87.584000  32.076923
 88.128000  32.076923
 88.672000  32.076923
 89.216000  32.076923
 89.760000  32.076923
 90.304000  32.076923
 90.848000  32.076923
 91.392000  32.076923
 91.936000  32.076923
 92.480000  32.076923
 93.024000  32.076923
 93.568000  32.076923
 94.112000  32.076923
 94.656000  32.076923
 95.200000  32.076923
 95.744000  32.076923
 96.288000  32.076923
 96.832000  32.076923
 97.376000  32.076923
 97.920000  32.076923
 72.624000  32.634615
 73.168000  32.634615
 73.712000  32.634615
 74.256000  32.634615
 74.800000  32.634615
 75.344000  32.634615
 75.888000  32.634615
 76.432000  32.634615
 76.976000  32.634615
 77.520000  32.634615
 78.064000  32.634615
 78.608000  32.634615
 79.152000  32.634615
 79.696000  32.634615
 80.240000  32.634615
 80.784000  32.634615
 81.328000  32.634615
 81.872000  32.634615
 82.416000  32.634615
 82.960000  32.634615
 83.504000  32.634615
 84.048000  32.634615
 84.592000  32.634615
 85.136000  32.634615
 85.680000  32.634615
 86.224000  32.634615
 86.768000  32.634615
 87.312000  32.634615
 87.856000  32.634615
 88.400000  32.634615
 88.944000  32.634615
 89.488000  32.634615
 90.032000  32.634615
 90.576000  32.634615
 91.120000  32.634615
 91.664000  32.634615
 92.208000  32.634615
 92.752000  32.634615
 93.296000  32.634615
 93.840000  32.634615
 94.384000  32.634615
 94.928000  32.634615
 95.472000  32.634615
 96.016000  32.634615
 70.720000  33.192308
 71.264000  33.192308
 71.808000  33.192308
 72.352000  33.192308
 72.896000  33.192308
 73.440000  33.192308
 73.984000  33.192308
 74.528000  33.192308
 75.072000  33.192308
 75.616000  33.192308
 76.160000  33.192308
 76.704000  33.192308
 77.248000  33.192308
 77.792000  33.192308
 78.336000  33.192308
 78.880000  33.192308
 79.424000  33.192308
 79.968000  33.192308
 80.512000  33.192308
 81.056000  33.192308
 81.600000  33.192308
 82.144000  33.192308
 82.688000  33.192308
 83.232000  33.192308
 83.776000  33.192308
 84.320000  33.192308
 84.864000  33.192308
 85.408000  33.192308
 85.952000  33.192308
 86.496000  33.192308
 87.040000  33.192308
 87.584000  33.192308
 88.128000  33.192308
 88.672000  33.192308
 89.216000  33.192308
 89.760000  33.192308
 90.304000  33.192308
 90.848000  33.192308
 91.392000  33.192308
 91.936000  33.192308
 92.480000  33.192308
 93.024000  33.192308
 93.568000  33.192308
 94.112000  33.192308
 68.816000  33.750000
 69.360000  33.750000
 69.904000  33.750000
 70.448000  33.750000
 70.992000  33.750000
 71.536000  33.750000
 72.080000  33.750000
 72.624000  33.750000
 73.168000  33.750000
 73.712000  33.750000
 74.256000  33.750000
 74.800000  33.750000
 75.344000  33.750000
 75.888000  33.750000
 76.432000  33.750000
 76.976000  33.750000
 77.520000  33.750000
 78.064000  33.750000
 78.608000  33.750000
 79.152000  33.750000
 79.696000  33.750000
 80.240000  33.750000
 80.784000  33.750000
 81.328000  33.750000
 81.872000  33.750000
 82.416000  33.750000
 82.960000  33.750000
 83.504000  33.750000
 84.048000  33.750000
 84.592000  33.750000
 85.136000  33.750000
 85.680000  33.750000
 86.224000  33.750000
 86.768000  33.750000
 87.312000  33.750000
 87.856000  33.750000
 88.400000  33.750000
 88.944000  33.750000
 89.488000  33.750000
 90.032000  33.750000
 90.576000  33.750000
 91.120000  33.750000
 91.664000  33.750000
 92.208000  33.750000
 68.000000  34.307692
 68.544000  34.307692
 69.088000  34.307692
 69.632000  34.307692
 70.176000  34.307692
 70.720000  34.307692
 71.264000  34.307692
 71.808000  34.307692
 72.352000  34.307692
 72.896000  34.307692
 73.440000  34.307692
 73.984000  34.307692
 74.528000  34.307692
 75.072000  34.307692
 75.616000  34.307692
 76.160000  34.307692
 76.704000  34.307692
 77.248000  34.307692
 77.792000  34.307692
 78.336000  34.307692
 78.880000  34.307692
 79.424000  34.307692
 79.968000  34.307692
 80.512000  34.307692
 81.056000  34.307692
 81.600000  34.307692
 82.144000  34.307692
 82.688000  34.307692
 83.232000  34.307692
 83.776000  34.307692
 84.320000  34.307692
 84.864000  34.307692
 85.408000  34.307692
 85.952000  34.307692
 86.496000  34.307692
 87.040000  34.307692
 87.584000  34.307692
 88.128000  34.307692
 88.672000  34.307692
 89.216000  34.307692
 89.760000  34.307692
 90.304000  34.307692
 68.272000  34.865385
 68.816000  34.865385
 69.360000  34.865385
 69.904000  34.865385
 70.448000  34.865385
 70.992000  34.865385
 71.536000  34.865385
 72.080000  34.865385
 72.624000  34.865385
 73.168000  34.865385
 73.712000  34.865385
 74.256000  34.865385
 74.800000  34.865385
 75.344000  34.865385
 75.888000  34.865385
 76.432000  34.865385
 76.976000  34.865385
 77.520000  34.865385
 78.064000  34.865385
 78.608000  34.865385
 79.152000  34.865385
 79.696000  34.865385
 80.240000  34.865385
 80.784000  34.865385
 81.328000  34.865385
 81.872000  34.865385
 82.416000  34.865385
 82.960000  34.865385
 83.504000  34.865385
 84.048000  34.865385
 84.592000  34.865385
 85.136000  34.865385
 85.680000  34.865385
 86.224000  34.865385
 86.768000  34.865385
 87.312000  34.865385
 87.856000  34.865385
 88.400000  34.865385
 88.944000  34.865385
 68.000000  35.423077
 68.544000  35.423077
 69.088000  35.423077
 69.632000  35.423077
 70.176000  35.423077
 70.720000  35.423077
 71.264000  35.423077
 71.808000  35.423077
 72.352000  35.423077
 72.896000  35.423077
 73.440000  35.423077
 73.984000  35.423077
 74.528000  35.423077
 75.072000  35.423077
 75.616000  35.423077
 76.160000  35.423077
 76.704000  35.423077
 77.248000  35.423077
 77.792000  35.423077
 78.336000  35.423077
 78.880000  35.423077
 79.424000  35.423077
 79.968000  35.423077
 80.512000  35.423077
 81.056000  35.423077
 81.600000  35.423077
 82.144000  35.423077
 82.688000  35.423077
 83.232000  35.423077
 83.776000  35.423077
 84.320000  35.423077
 84.864000  35.423077
 85.408000  35.423077
 85.952000  35.423077
 86.496000  35.423077
 87.040000  35.423077
 68.272000  35.980769
 68.816000  35.980769
 69.360000  35.980769
 69.904000  35.980769
 70.448000  35.980769
 70.992000  35.980769
 71.536000  35.980769
 72.080000  35.980769
 72.624000  35.980769
 73.168000  35.980769
 73.712000  35.980769
 74.256000  35.980769
 74.800000  35.980769
 75.344000  35.980769
 75.888000  35.980769
 76.432000  35.980769
 76.976000  35.980769
 77.520000  35.980769
 78.064000  35.980769
 78.608000  35.980769
 79.152000  35.980769
 79.696000  35.980769
 80.240000  35.980769
 80.784000  35.980769
 81.328000  35.980769
 81.872000  35.980769
 82.416000  35.980769
 82.960000  35.980769
 83.504000  35.980769
 84.048000  35.980769
 84.592000  35.980769
 85.136000  35.980769
 68.000000  36.538462
 68.544000  36.538462
 69.088000  36.538462
 69.632000  36.538462
 70.176000  36.538462
 70.720000  36.538462
 71.264000  36.538462
 71.808000  36.538462
 72.352000  36.538462
 72.896000  36.538462
 73.440000  36.538462
 73.984000  36.538462
 74.528000  36.538462
 75.072000  36.538462
 75.616000  36.538462
 76.160000  36.538462
 76.704000  36.538462
 77.248000  36.538462
 77.792000  36.538462
 78.336000  36.538462
 78.880000  36.538462
 79.424000  36.538462
 79.968000  36.538462
 80.512000  36.538462
 81.056000  36.538462
 81.600000  36.538462
 82.144000  36.538462
 82.688000  36.538462
 83.232000  36.538462
 68.272000  37.096154
 68.816000  37.096154
 69.360000  37.096154
 69.904000  37.096154
 70.448000  37.096154
 70.992000  37.096154
 71.536000  37.096154
 72.080000  37.096154
 72.624000  37.096154
 73.168000  37.096154
 73.712000  37.096154
 74.256000  37.096154
 74.800000  37.096154
 75.344000  37.096154
 75.888000  37.096154
 76.432000  37.096154
 76.976000  37.096154
 77.520000  37.096154
 78.064000  37.096154
 78.608000  37.096154
 79.152000  37.096154
 79.696000  37.096154
 80.240000  37.096154
 80.784000  37.096154
 81.328000  37.096154
 81.872000  37.096154
 68.000000  37.653846
 68.544000  37.653846
 69.088000  37.653846
 69.632000  37.653846
 70.176000  37.653846
 70.720000  37.653846
 71.264000  37.653846
 71.808000  37.653846
 72.352000  37.653846
 72.896000  37.653846
 73.440000  37.653846
 73.984000  37.653846
 74.528000  37.653846
 75.072000  37.653846
 75.616000  37.653846
 76.160000  37.653846
 76.704000  37.653846
 77.248000  37.653846
 77.792000  37.653846
 78.336000  37.653846
 78.880000  37.653846
 79.424000  37.653846
 79.968000  37.653846
 68.272000  38.211538
 68.816000  38.211538
 69.360000  38.211538
 69.904000  38.211538
 70.448000  38.211538
 70.992000  38.211538
 71.536000  38.211538
 72.080000  38.211538
 72.624000  38.211538
 73.168000  38.211538
 73.712000  38.211538
 74.256000  38.211538
 74.800000  38.211538
 75.344000  38.211538
 75.888000  38.211538
 76.432000  38.211538
 76.976000  38.211538
 77.520000  38.211538
 78.064000  38.211538
 68.000000  38.769231
 68.544000  38.769231
 69.088000  38.769231
 69.632000  38.769231
 70.176000  38.769231
 70.720000  38.769231
 71.264000  38.769231
 71.808000  38.769231
 72.352000  38.769231
 72.896000  38.769231
 73.440000  38.769231
 73.984000  38.769231
 74.528000  38.769231
 75.072000  38.769231
 75.616000  38.769231
 76.160000  38.769231
 68.272000  39.326923
 68.816000  39.326923
 69.360000  39.326923
 69.904000  39.326923
 70.448000  39.326923
 70.992000  39.326923
 71.536000  39.326923
 72.080000  39.326923
 72.624000  39.326923
 73.168000  39.326923
 73.712000  39.326923
 74.256000  39.326923
 74.800000  39.326923
 68.000000  39.884615
 68.544000  39.884615
 69.088000  39.884615
 69.632000  39.884615
 70.176000  39.884615
 70.720000  39.884615
 71.264000  39.884615
 71.808000  39.884615
 72.352000  39.884615
 72.896000  39.884615
 68.272000  40.442308
 68.816000  40.442308
 69.360000  40.442308
 69.904000  40.442308
 70.448000  40.442308
 70.992000  40.442308
 71.536000  40.442308
 68.000000  41.000000
 68.544000  41.000000
 69.088000  41.000000
 69.632000  41.000000
