  1  10
  1  11
  1   2
  2  11
  2  12
  2   3
  3  12
  3  13
  3   4
  4  13
  4  14
  5  20
  5  21
  5   6
  6  21
  6  22
  6   7
  7  22
  7  23
  7   8
  8  23
  8  24
  8   9
  9  24
  9  25
  9  10
 10  25
 10  26
 10  11
 11  26
 11  27
 11  12
 12  27
 12  28
 12  13
 13  28
 13  29
 13  14
 14  29
 15  36
 15  37
 15  16
 16  37
 16  38
 16  17
 17  38
 17  39
 17  18
 18  39
 18  40
 18  19
 19  40
 19  41
 19  20
 20  41
 20  42
 20  21
 21  42
 21  43
 21  22
 22  43
 22  44
 22  23
 23  44
 23  45
 23  24
 24  45
 24  46
 24  25
 25  46
 25  47
 25  26
 26  47
 26  48
 26  27
 27  48
 27  49
 27  28
 28  49
 28  50
 28  29
 29  50
 29  51
 30  57
 30  58
 30  31
 31  58
 31  59
 31  32
 32  59
 32  60
 32  33
 33  60
 33  61
 33  34
 34  61
 34  62
 34  35
 35  62
 35  63
 35  36
 36  63
 36  64
 36  37
 37  64
 37  65
 37  38
 38  65
 38  66
 38  39
 39  66
 39  67
 39  40
 40  67
 40  68
 40  41
 41  68
 41  69
 41  42
 42  69
 42  70
 42  43
 43  70
 43  71
 43  44
 44  71
 44  72
 44  45
 45  72
 45  73
 45  46
 46  73
 46  74
 46  47
 47  74
 47  75
 47  48
 48  75
 48  76
 48  49
 49  76
 49  77
 49  50
 50  77
 50  78
 50  51
 51  78
 52  84
 52  85
 52  53
 53  85
 53  86
 53  54
 54  86
 54  87
 54  55
 55  87
 55  88
 55  56
 56  88
 56  89
 56  57
 57  89
 57  90
 57  58
 58  90
 58  91
 58  59
 59  91
 59  92
 59  60
 60  92
 60  93
 60  61
 61  93
 61  94
 61  62
 62  94
 62  95
 62  63
 63  95
 63  96
 63  64
 64  96
 64  97
 64  65
 65  97
 65  98
 65  66
 66  98
 66  99
 66  67
 67  99
 67 100
 67  68
 68 100
 68 101
 68  69
 69 101
 69 102
 69  70
 70 102
 70 103
 70  71
 71 103
 71 104
 71  72
 72 104
 72 105
 72  73
 73 105
 73 106
 73  74
 74 106
 74 107
 74  75
 75 107
 75 108
 75  76
 76 108
 76 109
 76  77
 77 109
 77 110
 77  78
 78 110
 78 111
 79 118
 79 119
 79  80
 80 119
 80 120
 80  81
 81 120
 81 121
 81  82
 82 121
 82 122
 82  83
 83 122
 83 123
 83  84
 84 123
 84 124
 84  85
 85 124
 85 125
 85  86
 86 125
 86 126
 86  87
 87 126
 87 127
 87  88
 88 127
 88 128
 88  89
 89 128
 89 129
 89  90
 90 129
 90 130
 90  91
 91 130
 91 131
 91  92
 92 131
 92 132
 92  93
 93 132
 93 133
 93  94
 94 133
 94 134
 94  95
 95 134
 95 135
 95  96
 96 135
 96 136
 96  97
 97 136
 97 137
 97  98
 98 137
 98 138
 98  99
 99 138
 99 139
 99 100
100 139
100 140
100 101
101 140
101 141
101 102
102 141
102 142
102 103
103 142
103 143
103 104
104 143
104 144
104 105
105 144
105 145
105 106
106 145
106 146
106 107
107 146
107 147
107 108
108 147
108 148
108 109
109 148
109 149
109 110
110 149
110 150
110 111
111 150
112 154
112 155
112 113
113 155
113 156
113 114
114 156
114 157
114 115
115 157
115 158
115 116
116 158
116 159
116 117
117 159
117 160
117 118
118 160
118 161
118 119
119 161
119 162
119 120
120 162
120 163
120 121
121 163
121 164
121 122
122 164
122 165
122 123
123 165
123 166
123 124
124 166
124 167
124 125
125 167
125 168
125 126
126 168
126 169
126 127
127 169
127 170
127 128
128 170
128 171
128 129
129 171
129 172
129 130
130 172
130 173
130 131
131 173
131 174
131 132
132 174
132 175
132 133
133 175
133 176
133 134
134 176
134 177
134 135
135 177
135 178
135 136
136 178
136 179
136 137
137 179
137 180
137 138
138 180
138 181
138 139
139 181
139 182
139 140
140 182
140 183
140 141
141 183
141 184
141 142
142 184
142 185
142 143
143 185
143 186
143 144
144 186
144 187
144 145
145 187
145 188
145 146
146 188
146 189
146 147
147 189
147 190
147 148
148 190
148 191
148 149
149 191
149 192
149 150
150 192
150 193
151 197
151 198
151 152
152 198
152 199
152 153
153 199
153 200
153 154
154 200
154 201
154 155
155 201
155 202
155 156
156 202
156 203
156 157
157 203
157 204
157 158
158 204
158 205
158 159
159 205
159 206
159 160
160 206
160 207
160 161
161 207
161 208
161 162
162 208
162 209
162 163
163 209
163 210
163 164
164 210
164 211
164 165
165 211
165 212
165 166
166 212
166 213
166 167
167 213
167 214
167 168
168 214
168 215
168 169
169 215
169 216
169 170
170 216
170 217
170 171
171 217
171 218
171 172
172 218
172 219
172 173
173 219
173 220
173 174
174 220
174 221
174 175
175 221
175 222
175 176
176 222
176 223
176 177
177 223
177 224
177 178
178 224
178 225
178 179
179 225
179 226
179 180
180 226
180 227
180 181
181 227
181 228
181 182
182 228
182 229
182 183
183 229
183 230
183 184
184 230
184 231
184 185
185 231
185 232
185 186
186 232
186 233
186 187
187 233
187 234
187 188
188 234
188 235
188 189
189 235
189 236
189 190
190 236
190 237
190 191
191 237
191 238
191 192
192 238
192 239
192 193
193 239
194 242
194 243
194 195
195 243
195 244
195 196
196 244
196 245
196 197
197 245
197 246
197 198
198 246
198 247
198 199
199 247
199 248
199 200
200 248
200 249
200 201
201 249
201 250
201 202
202 250
202 251
202 203
203 251
203 252
203 204
204 252
204 253
204 205
205 253
205 254
205 206
206 254
206 255
206 207
207 255
207 256
207 208
208 256
208 257
208 209
209 257
209 258
209 210
210 258
210 259
210 211
211 259
211 260
211 212
212 260
212 261
212 213
213 261
213 262
213 214
214 262
214 263
214 215
215 263
215 264
215 216
216 264
216 265
216 217
217 265
217 266
217 218
218 266
218 267
218 219
219 267
219 268
219 220
220 268
220 269
220 221
221 269
221 270
221 222
222 270
222 271
222 223
223 271
223 272
223 224
224 272
224 273
224 225
225 273
225 274
225 226
226 274
226 275
226 227
227 275
227 276
227 228
228 276
228 277
228 229
229 277
229 278
229 230
230 278
230 279
230 231
231 279
231 280
231 232
232 280
232 281
232 233
233 281
233 282
233 234
234 282
234 283
234 235
235 283
235 284
235 236
236 284
236 237
237 238
238 239
240 288
240 289
240 241
241 289
241 290
241 242
242 290
242 291
242 243
243 291
243 292
243 244
244 292
244 293
244 245
245 293
245 294
245 246
246 294
246 295
246 247
247 295
247 296
247 248
248 296
248 297
248 249
249 297
249 298
249 250
250 298
250 299
250 251
251 299
251 300
251 252
252 300
252 301
252 253
253 301
253 302
253 254
254 302
254 303
254 255
255 303
255 304
255 256
256 304
256 305
256 257
257 305
257 306
257 258
258 306
258 307
258 259
259 307
259 308
259 260
260 308
260 309
260 261
261 309
261 310
261 262
262 310
262 311
262 263
263 311
263 312
263 264
264 312
264 313
264 265
265 313
265 314
265 266
266 314
266 315
266 267
267 315
267 316
267 268
268 316
268 317
268 269
269 317
269 318
269 270
270 318
270 319
270 271
271 319
271 320
271 272
272 320
272 321
272 273
273 321
273 322
273 274
274 322
274 323
274 275
275 323
275 324
275 276
276 324
276 325
276 277
277 325
277 326
277 278
278 326
278 327
278 279
279 327
279 328
279 280
280 328
280 329
280 281
281 329
281 282
282 283
283 284
285 332
285 333
285 286
286 333
286 334
286 287
287 334
287 335
287 288
288 335
288 336
288 289
289 336
289 337
289 290
290 337
290 338
290 291
291 338
291 339
291 292
292 339
292 340
292 293
293 340
293 341
293 294
294 341
294 342
294 295
295 342
295 343
295 296
296 343
296 344
296 297
297 344
297 345
297 298
298 345
298 346
298 299
299 346
299 347
299 300
300 347
300 348
300 301
301 348
301 349
301 302
302 349
302 350
302 303
303 350
303 351
303 304
304 351
304 352
304 305
305 352
305 353
305 306
306 353
306 354
306 307
307 354
307 355
307 308
308 355
308 356
308 309
309 356
309 357
309 310
310 357
310 358
310 311
311 358
311 359
311 312
312 359
312 360
312 313
313 360
313 361
313 314
314 361
314 362
314 315
315 362
315 363
315 316
316 363
316 364
316 317
317 364
317 365
317 318
318 365
318 366
318 319
319 366
319 367
319 320
320 367
320 368
320 321
321 368
321 369
321 322
322 369
322 370
322 323
323 370
323 371
323 324
324 371
324 372
324 325
325 372
325 373
325 326
326 373
326 327
327 328
328 329
330 377
330 378
330 331
331 378
331 379
331 332
332 379
332 380
332 333
333 380
333 381
333 334
334 381
334 382
334 335
335 382
335 383
335 336
336 383
336 384
336 337
337 384
337 385
337 338
338 385
338 386
338 339
339 386
339 387
339 340
340 387
340 388
340 341
341 388
341 389
341 342
342 389
342 390
342 343
343 390
343 391
343 344
344 391
344 392
344 345
345 392
345 393
345 346
346 393
346 394
346 347
347 394
347 395
347 348
348 395
348 396
348 349
349 396
349 397
349 350
350 397
350 398
350 351
351 398
351 399
351 352
352 399
352 400
352 353
353 400
353 401
353 354
354 401
354 402
354 355
355 402
355 403
355 356
356 403
356 404
356 357
357 404
357 405
357 358
358 405
358 406
358 359
359 406
359 407
359 360
360 407
360 408
360 361
361 408
361 409
361 362
362 409
362 410
362 363
363 410
363 411
363 364
364 411
364 412
364 365
365 412
365 413
365 366
366 413
366 414
366 367
367 414
367 415
367 368
368 415
368 416
368 369
369 416
369 417
369 370
370 417
370 371
371 372
372 373
374 421
374 422
374 375
375 422
375 423
375 376
376 423
376 424
376 377
377 424
377 425
377 378
378 425
378 426
378 379
379 426
379 427
379 380
380 427
380 428
380 381
381 428
381 429
381 382
382 429
382 430
382 383
383 430
383 431
383 384
384 431
384 432
384 385
385 432
385 433
385 386
386 433
386 434
386 387
387 434
387 435
387 388
388 435
388 436
388 389
389 436
389 437
389 390
390 437
390 438
390 391
391 438
391 439
391 392
392 439
392 440
392 393
393 440
393 441
393 394
394 441
394 442
394 395
395 442
395 443
395 396
396 443
396 444
396 397
397 444
397 445
397 398
398 445
398 446
398 399
399 446
399 447
399 400
400 447
400 448
400 401
401 448
401 449
401 402
402 449
402 450
402 403
403 450
403 451
403 404
404 451
404 452
404 405
405 452
405 453
405 406
406 453
406 454
406 407
407 454
407 455
407 408
408 455
408 456
408 409
409 456
409 457
409 410
410 457
410 458
410 411
411 458
411 459
411 412
412 459
412 460
412 413
413 460
413 461
413 414
414 461
414 415
415 416
416 417
418 463
418 464
418 419
419 464
419 465
419 420
420 465
420 466
420 421
421 466
421 467
421 422
422 467
422 468
422 423
423 468
423 469
423 424
424 469
424 470
424 425
425 470
425 471
425 426
426 471
426 472
426 427
427 472
427 473
427 428
428 473
428 474
428 429
429 474
429 475
429 430
430 475
430 476
430 431
431 476
431 477
431 432
432 477
432 478
432 433
433 478
433 479
433 434
434 479
434 480
434 435
435 480
435 481
435 436
436 481
436 482
436 437
437 482
437 483
437 438
438 483
438 484
438 439
439 484
439 485
439 440
440 485
440 486
440 441
441 486
441 487
441 442
442 487
442 488
442 443
443 488
443 489
443 444
444 489
444 490
444 445
445 490
445 491
445 446
446 491
446 492
446 447
447 492
447 493
447 448
448 493
448 494
448 449
449 494
449 495
449 450
450 495
450 496
450 451
451 496
451 497
451 452
452 497
452 498
452 453
453 498
453 499
453 454
454 499
454 500
454 455
455 500
455 501
455 456
456 501
456 502
456 457
457 502
457 503
457 458
458 503
458 459
459 460
460 461
462 504
462 463
463 504
463 505
463 464
464 505
464 506
464 465
465 506
465 507
465 466
466 507
466 508
466 467
467 508
467 509
467 468
468 509
468 510
468 469
469 510
469 511
469 470
470 511
470 512
470 471
471 512
471 513
471 472
472 513
472 514
472 473
473 514
473 515
473 474
474 515
474 516
474 475
475 516
475 517
475 476
476 517
476 518
476 477
477 518
477 519
477 478
478 519
478 520
478 479
479 520
479 521
479 480
480 521
480 522
480 481
481 522
481 523
481 482
482 523
482 524
482 483
483 524
483 525
483 484
484 525
484 526
484 485
485 526
485 527
485 486
486 527
486 528
486 487
487 528
487 529
487 488
488 529
488 530
488 489
489 530
489 531
489 490
490 531
490 532
490 491
491 532
491 533
491 492
492 533
492 534
492 493
493 534
493 535
493 494
494 535
494 536
494 495
495 536
495 537
495 496
496 537
496 538
496 497
497 538
497 539
497 498
498 539
498 540
498 499
499 540
499 541
499 500
500 541
500 542
500 501
501 542
501 502
502 503
504 543
504 544
504 505
505 544
505 545
505 506
506 545
506 546
506 507
507 546
507 547
507 508
508 547
508 548
508 509
509 548
509 549
509 510
510 549
510 550
510 511
511 550
511 551
511 512
512 551
512 552
512 513
513 552
513 553
513 514
514 553
514 554
514 515
515 554
515 555
515 516
516 555
516 556
516 517
517 556
517 557
517 518
518 557
518 558
518 519
519 558
519 559
519 520
520 559
520 560
520 521
521 560
521 561
521 522
522 561
522 562
522 523
523 562
523 563
523 524
524 563
524 564
524 525
525 564
525 565
525 526
526 565
526 566
526 527
527 566
527 567
527 528
528 567
528 568
528 529
529 568
529 569
529 530
530 569
530 570
530 531
531 570
531 571
531 532
532 571
532 572
532 533
533 572
533 573
533 534
534 573
534 574
534 535
535 574
535 575
535 536
536 575
536 576
536 537
537 576
537 577
537 538
538 577
538 578
538 539
539 578
539 540
540 541
541 542
543 579
543 544
544 579
544 580
544 545
545 580
545 581
545 546
546 581
546 582
546 547
547 582
547 583
547 548
548 583
548 584
548 549
549 584
549 585
549 550
550 585
550 586
550 551
551 586
551 587
551 552
552 587
552 588
552 553
553 588
553 589
553 554
554 589
554 590
554 555
555 590
555 591
555 556
556 591
556 592
556 557
557 592
557 593
557 558
558 593
558 594
558 559
559 594
559 595
559 560
560 595
560 596
560 561
561 596
561 597
561 562
562 597
562 598
562 563
563 598
563 599
563 564
564 599
564 600
564 565
565 600
565 601
565 566
566 601
566 602
566 567
567 602
567 603
567 568
568 603
568 604
568 569
569 604
569 605
569 570
570 605
570 606
570 571
571 606
571 607
571 572
572 607
572 608
572 573
573 608
573 609
573 574
574 609
574 610
574 575
575 610
575 576
576 577
577 578
579 611
579 612
579 580
580 612
580 613
580 581
581 613
581 614
581 582
582 614
582 615
582 583
583 615
583 616
583 584
584 616
584 617
584 585
585 617
585 618
585 586
586 618
586 619
586 587
587 619
587 620
587 588
588 620
588 621
588 589
589 621
589 622
589 590
590 622
590 623
590 591
591 623
591 624
591 592
592 624
592 625
592 593
593 625
593 626
593 594
594 626
594 627
594 595
595 627
595 628
595 596
596 628
596 629
596 597
597 629
597 630
597 598
598 630
598 631
598 599
599 631
599 632
599 600
600 632
600 633
600 601
601 633
601 634
601 602
602 634
602 635
602 603
603 635
603 636
603 604
604 636
604 637
604 605
605 637
605 638
605 606
606 638
606 639
606 607
607 639
607 608
608 609
609 610
611 640
611 612
612 640
612 641
612 613
613 641
613 642
613 614
614 642
614 643
614 615
615 643
615 644
615 616
616 644
616 645
616 617
617 645
617 646
617 618
618 646
618 647
618 619
619 647
619 648
619 620
620 648
620 649
620 621
621 649
621 650
621 622
622 650
622 651
622 623
623 651
623 652
623 624
624 652
624 653
624 625
625 653
625 654
625 626
626 654
626 655
626 627
627 655
627 656
627 628
628 656
628 657
628 629
629 657
629 658
629 630
630 658
630 659
630 631
631 659
631 660
631 632
632 660
632 661
632 633
633 661
633 662
633 634
634 662
634 663
634 635
635 663
635 664
635 636
636 664
636 665
636 637
637 665
637 638
638 639
640 666
640 667
640 641
641 667
641 668
641 642
642 668
642 669
642 643
643 669
643 670
643 644
644 670
644 671
644 645
645 671
645 672
645 646
646 672
646 673
646 647
647 673
647 674
647 648
648 674
648 675
648 649
649 675
649 676
649 650
650 676
650 677
650 651
651 677
651 678
651 652
652 678
652 679
652 653
653 679
653 680
653 654
654 680
654 681
654 655
655 681
655 682
655 656
656 682
656 683
656 657
657 683
657 684
657 658
658 684
658 685
658 659
659 685
659 686
659 660
660 686
660 687
660 661
661 687
661 688
661 662
662 688
662 663
663 664
664 665
666 689
666 667
667 689
667 690
667 668
668 690
668 691
668 669
669 691
669 692
669 670
670 692
670 693
670 671
671 693
671 694
671 672
672 694
672 695
672 673
673 695
673 696
673 674
674 696
674 697
674 675
675 697
675 698
675 676
676 698
676 699
676 677
677 699
677 700
677 678
678 700
678 701
678 679
679 701
679 702
679 680
680 702
680 703
680 681
681 703
681 704
681 682
682 704
682 705
682 683
683 705
683 706
683 684
684 706
684 707
684 685
685 707
685 686
686 687
687 688
689 708
689 709
689 690
690 709
690 710
690 691
691 710
691 711
691 692
692 711
692 712
692 693
693 712
693 713
693 694
694 713
694 714
694 695
695 714
695 715
695 696
696 715
696 716
696 697
697 716
697 717
697 698
698 717
698 718
698 699
699 718
699 719
699 700
700 719
700 720
700 701
701 720
701 721
701 702
702 721
702 722
702 703
703 722
703 723
703 704
704 723
704 705
705 706
706 707
708 724
708 709
709 724
709 725
709 710
710 725
710 726
710 711
711 726
711 727
711 712
712 727
712 728
712 713
713 728
713 729
713 714
714 729
714 730
714 715
715 730
715 731
715 716
716 731
716 732
716 717
717 732
717 733
717 718
718 733
718 734
718 719
719 734
719 735
719 720
720 735
720 736
720 721
721 736
721 722
722 723
724 737
724 738
724 725
725 738
725 739
725 726
726 739
726 740
726 727
727 740
727 741
727 728
728 741
728 742
728 729
729 742
729 743
729 730
730 743
730 744
730 731
731 744
731 745
731 732
732 745
732 746
732 733
733 746
733 734
734 735
735 736
737 747
737 738
738 747
738 748
738 739
739 748
739 749
739 740
740 749
740 750
740 741
741 750
741 751
741 742
742 751
742 752
742 743
743 752
743 753
743 744
744 753
744 745
745 746
747 754
747 755
747 748
748 755
748 756
748 749
749 756
749 757
749 750
750 757
750 751
751 752
752 753
754 755
755 756
756 757
