 83.224399  29.893667
 70.738838  36.864992
 70.412254  35.810236
 92.779832  29.585283
 75.084059  37.781950
 75.648307  37.829688
 99.497910  28.471147
 97.748623  27.815540
 87.870005  32.471498
 72.810444  39.123506
 97.725172  29.839029
 81.009857  36.074671
 92.818676  32.482655
101.748030  27.026658
 78.684452  36.966069
100.126641  31.078165
 81.150188  33.217741
 92.842293  28.434496
 99.072349  31.255861
 90.819619  30.765658
 77.283336  35.266773
 77.886622  32.161041
 96.368485  29.708124
 83.401632  29.478787
 91.779826  31.895260
 93.124198  29.941870
 95.362268  28.061032
 99.275011  28.101941
 68.008135  40.101059
 86.065386  35.151579
 87.288327  29.508132
 72.800657  39.245051
 96.202442  32.461397
 72.568796  34.527847
 75.581138  32.316830
 79.977557  33.636369
 71.898911  32.741240
 70.709862  38.213626
 97.455527  26.949546
 96.420319  30.305527
 87.014371  35.376547
 73.209679  39.224714
 87.088784  35.000811
