 87.229309 753.050647
 87.461648 754.749490
 86.492896 736.273688
 72.012567 763.843081
 99.727123 758.978901
114.053310 759.317110
 76.104875 746.814643
103.326658 741.198761
109.718733 736.869402
 92.614391 749.126620
 79.511022 744.949781
 91.876318 746.642490
 81.829238 746.859292
126.768734 751.532880
 77.331123 746.123341
 79.627199 756.377360
 88.959140 746.862078
 65.053687 755.815724
 67.117937 755.922921
 82.250680 759.716609
 81.902486 765.243338
 83.506700 751.059171
 72.418089 755.124174
 74.580289 759.132438
 66.450149 742.846318
 92.585557 744.180198
106.906867 746.306179
 92.834073 748.134796
 82.557203 746.066810
 84.835810 738.729581
 69.741583 739.737165
 88.475360 746.718585
 46.801296 742.381536
 62.977351 748.189546
 67.633613 749.399871
 88.476788 746.042940
 98.314778 741.017416
108.957883 745.317924
 76.340191 743.169750
 69.525222 741.736179
 74.681900 767.174297
 78.048336 771.000510
 73.528899 757.226003
 68.324295 760.083755
 82.697929 767.980549
 89.171369 761.020962
 78.151207 770.339283
 78.447078 759.774655
 72.847788 761.744553
 80.824790 754.440884
 66.653326 735.361980
 64.037453 744.407110
 55.454080 742.374051
 70.109741 760.565939
 59.907099 764.206672
 62.514946 752.290659
 46.991147 747.057439
 49.308167 759.405783
 60.088950 762.138549
 57.271578 758.972139
 48.320098 764.537052
 62.263821 764.655138
 62.085408 751.459450
 52.029468 751.996167
 66.241833 763.520729
 47.467055 763.860485
 45.467252 758.848769
 55.373683 766.372792
 78.772838 755.208497
 93.469511 759.959012
101.863560 748.212217
 94.478450 759.255601
 88.932761 750.370131
 83.938803 755.500128
 72.969349 765.439354
 93.428468 763.700823
 79.737826 747.703508
 70.653787 760.332935
 83.967395 736.949729
 72.951329 747.077917
 80.261292 754.525204
103.064165 767.621524
123.046021 776.991057
 81.543523 754.488451
 94.778778 763.064269
 83.363838 736.472627
 66.976466 747.770247
 87.604473 742.759071
 94.364556 747.831083
126.410650 740.994976
 81.993955 746.254797
 98.585389 747.097802
102.937028 744.320975
 91.024463 745.609138
101.430361 742.376124
 94.486385 743.867388
 56.591721 753.127555
 60.734952 755.891161
110.705261 771.174852
 64.199938 753.100919
