32.881051 37.033396 35.948669 28.847345 34.517727 39.504754 31.694822 34.585080 38.031736 27.820152 31.337906 35.596197 31.079098 29.910778 29.483954 39.338593 
32.349149 34.712714 36.025800 28.483763 33.771729 34.339538 33.451216 31.202088 37.532416 31.268006 29.941999 35.818939 29.115433 27.999628 29.105151 
34.099455 35.280680 35.796071 31.106032 31.857387 33.832230 36.537096 33.696338 31.360982 31.502857 27.573829 28.784741 30.125314 29.899647 30.414387 31.008319 31.602581 
29.863963 33.854292 35.485413 35.016000 39.513670 34.410851 34.910363 37.124459 33.358368 37.341771 31.016078 31.226736 36.011222 33.468253 34.117881 26.845004 30.734297 30.007736 37.817054 39.981646 34.191652 34.482200 38.034685 31.568452 31.305189 39.833789 31.468913 33.060298 28.131796 30.824876 32.132897 34.379029 29.054182 
33.457945 34.214731 32.073069 33.870233 28.325754 37.334823 37.979979 28.994224 27.091925 34.471343 35.892998 38.884596 33.892036 33.478759 34.311047 
31.561551 32.671525 35.577295 34.675397 35.000000 35.870726 35.338620 31.653715 30.641172 34.252024 36.679519 30.073286 29.810467 29.881440 
31.727281 34.609916 34.723332 30.624198 35.217868 38.257959 37.355255 30.938750 37.669608 34.307449 33.508386 35.052535 37.023083 33.390772 33.637930 37.266815 35.878496 33.497990 29.092279 33.528777 33.645942 29.645570 32.764561 
30.711355 32.458285 34.777102 33.543324 30.101274 33.637404 34.445624 34.755289 37.415985 31.902269 33.249299 31.304409 
35.077773 33.680326 33.353346 28.621287 36.613467 30.490118 31.108110 33.508114 34.270375 34.321732 35.186985 30.175085 31.699723 
28.755810 33.527344 34.019017 32.937179 29.872737 37.376133 33.111832 34.998890 33.045264 35.060420 31.950159 31.910877 
30.054776 36.369473 35.116192 33.442730 35.384518 31.555426 30.426580 33.423062 31.917965 29.961991 30.594621 31.451912 28.049188 26.998622 28.078708 34.617226 32.497551 
32.781217 32.501994 34.730424 30.525296 31.720315 30.826425 36.015720 34.997368 31.057547 33.176814 30.737378 36.964329 26.745332 28.594536 31.464952 
31.511968 30.583393 34.476468 34.550849 31.816178 34.550909 32.821063 30.102940 32.312582 33.935991 33.500086 32.539412 32.580939 32.986646 30.781313 31.003925 30.276409 30.383216 35.800201 36.002140 31.085655 29.975890 35.101852 27.911406 
33.588627 30.192961 34.534393 32.724063 30.391442 36.234012 32.954071 33.193228 34.134917 28.727981 31.533132 
31.782003 31.230689 34.773919 33.848327 35.661778 32.087430 35.932994 33.589343 31.452399 27.683886 27.375377 31.227609 
33.897638 32.951055 35.168074 31.956593 29.026451 31.488556 33.906322 30.807909 28.810379 37.593801 31.677595 33.217579 27.605318 32.917993 30.074179 30.508573 29.131590 31.913958 28.390971 30.026053 33.536766 35.000635 34.617859 29.360108 31.061789 31.039856 34.223997 
33.364873 34.987214 35.433525 36.249954 29.717923 31.878100 37.223456 29.481596 33.845308 
32.360264 34.083466 32.061628 37.904953 29.979122 30.364965 30.250285 33.746366 29.024616 30.073523 38.762336 28.856370 33.598341 29.915320 38.313187 39.366810 30.568372 31.744534 35.628466 29.557740 32.837445 38.918186 36.794058 34.581702 29.565766 31.497061 38.877013 32.422930 30.396697 32.212245 29.885784 32.929536 33.540171 28.207959 
33.822138 38.809738 34.801522 34.352823 36.343071 35.903563 37.538590 32.765308 29.821930 32.335299 37.401518 36.397507 33.565800 39.920211 32.879693 33.156375 34.197968 28.587947 39.090521 40.000266 33.074844 32.536908 40.603028 32.996606 37.711389 29.415381 32.624551 
29.509520 31.076641 35.618527 37.963029 29.892014 37.290533 38.169021 36.868322 33.712709 30.708683 31.456888 31.802210 32.922103 38.075890 34.786043 34.013491 37.147551 31.166718 35.355757 38.304116 30.149346 28.458523 32.981633 28.649980 33.724514 32.010575 33.151820 35.613082 29.212381 30.164508 30.384630 31.891584 33.202689 32.939638 36.436797 31.833968 30.388947 30.928485 
28.352622 27.718239 35.964744 38.660941 39.516714 28.183829 32.126596 37.029808 34.513823 27.015323 33.766683 31.595359 32.132529 28.781069 34.732379 32.041681 29.326491 37.034888 27.015201 29.995929 38.588812 33.551224 29.696091 31.107556 37.220981 30.230688 31.184713 
33.642118 33.580398 35.959057 28.421560 34.152670 30.443081 30.376551 36.286030 33.762010 34.706589 37.326031 31.634548 32.333970 36.615004 31.578728 28.759282 31.828486 26.668568 32.381222 39.016792 27.237841 33.280159 30.369370 32.449168 34.321166 30.045300 34.963908 30.040046 34.777946 33.902947 
29.959887 37.313394 36.336838 37.371097 28.673703 32.372994 33.479136 37.521484 31.423412 31.705961 31.683557 29.702341 34.470077 31.364305 32.364250 32.617543 30.071085 34.239474 35.795458 
31.508461 35.667471 36.559875 35.470337 31.202534 28.188353 37.302788 34.073025 30.433974 38.655967 33.865102 37.538654 32.483742 35.039704 30.328520 33.340057 38.611936 31.319197 37.193209 33.064600 30.546287 33.080458 
30.407355 39.304468 35.588814 33.941612 34.496404 32.601180 32.929778 31.957322 33.744555 30.370683 33.244115 30.815507 34.731833 29.626077 36.793667 37.590589 29.563636 28.750547 35.007597 30.557681 32.104926 38.070870 34.885880 36.536626 31.273024 29.560078 39.369480 29.843919 33.538931 31.506694 
37.727626 34.503266 35.110927 31.639093 32.252209 33.824382 35.145116 32.408977 34.560778 32.750977 30.404279 28.810603 36.451324 33.610064 29.438838 32.898886 32.277054 31.579151 31.043196 31.018764 38.584405 31.425661 33.699895 38.952471 35.476437 
29.907015 32.004331 34.847850 32.613702 27.262211 28.467646 35.863679 31.922791 34.170982 27.650888 36.483091 30.546667 29.591449 27.927054 30.367416 28.225874 29.426580 30.211939 30.733026 36.078566 32.944846 28.848858 32.034904 36.988729 32.423529 
32.968104 29.187345 35.480699 37.436912 36.380591 30.675354 32.073273 38.944523 34.719695 36.920866 31.628036 31.064519 30.216322 33.088773 34.447265 29.554966 34.142876 33.042584 35.280040 30.916403 
33.785280 29.247728 36.525872 37.686952 30.901985 39.596347 38.642659 31.836373 35.952954 35.589441 30.253851 31.271358 35.807475 29.130222 40.631707 33.864485 
31.452909 37.191692 36.109612 30.006774 30.690579 36.233135 38.083674 30.047960 33.848090 34.571985 31.146253 29.694687 32.539643 39.342127 27.462031 35.431502 33.539151 35.355895 30.324333 32.166617 32.491496 31.571994 31.653252 33.097912 32.652604 36.716256 31.450738 33.048306 32.501933 39.092752 35.246669 
31.136116 36.349622 34.612916 36.532227 33.372247 36.225113 30.461096 30.536779 32.730469 30.806024 35.300657 33.744873 31.633391 35.553268 30.975920 37.423508 36.514345 33.369674 29.582210 36.589486 30.502550 26.816657 31.765527 28.975437 35.060087 36.129398 29.916999 31.125264 33.443737 37.092956 35.095365 30.312177 34.000653 32.593037 37.050319 34.571869 30.691232 38.150570 33.946661 27.727242 28.528495 37.796825 
28.751617 30.613941 33.403584 32.480275 32.837396 29.898472 26.946142 36.973963 29.943858 36.864761 34.467369 40.272297 34.180079 26.767975 35.391753 31.251148 28.964044 33.179590 27.276518 29.955378 33.819627 31.758203 32.287686 35.517875 29.269309 37.955417 39.393807 
31.016259 28.859110 36.399857 32.929131 32.903597 30.703960 29.529201 35.688096 34.052196 34.410050 36.339399 32.046650 28.658045 32.318460 37.496339 28.689585 36.245651 35.194322 32.170503 31.854184 32.300459 35.271851 32.808598 31.847180 32.471286 32.485314 37.192581 34.625138 35.838028 37.540922 30.716922 
35.965992 40.643078 37.475888 34.846861 30.906809 35.445197 31.991431 28.023371 30.481293 29.489695 31.691866 34.097529 36.267005 30.168036 37.632593 36.418538 35.458027 34.667973 39.274222 31.198037 30.029024 35.775817 27.587957 39.496541 38.305040 37.675485 31.793499 33.177092 
28.899954 31.395194 31.547515 30.122195 40.316525 33.989502 34.595689 36.243996 30.816771 26.601124 28.654428 39.092299 34.763131 38.273821 37.625640 29.771963 29.942937 28.829771 28.831341 40.008053 34.769521 32.743910 37.739617 33.870638 38.859781 30.390821 27.152450 33.994419 38.431325 
34.463061 32.214135 29.265201 28.879627 29.735705 32.373184 34.130326 32.239645 36.478187 35.657100 33.798808 28.291966 36.239489 38.101127 33.280340 40.134852 32.743982 37.761655 32.680303 
37.256973 37.916310 29.682145 35.792106 36.310543 32.089571 29.232446 33.392237 34.161316 31.092975 30.965594 38.343529 36.237613 36.581374 36.601305 38.485274 36.956334 32.478548 28.941357 39.355069 40.678453 34.625681 27.808966 30.852158 28.005801 35.512592 38.231507 32.632389 40.249858 35.233083 36.219083 37.001885 29.366826 
28.819169 38.902903 37.579119 34.579388 34.512520 30.355183 35.069111 32.793998 27.844349 32.221733 35.768461 33.038355 40.408854 37.449334 35.293942 39.320885 37.057423 33.401091 37.139191 33.150817 36.747135 33.608916 30.284668 38.115884 35.057277 30.546042 31.797410 33.790791 27.695874 
37.345072 30.428844 35.124921 33.611249 32.520928 32.193046 38.200803 37.024617 33.095528 27.625441 29.646259 38.701016 28.868772 40.843077 28.292240 30.368207 37.484113 
37.122782 34.653556 33.065762 35.438250 32.189535 33.517479 37.461570 28.458429 38.296985 32.821258 29.611319 30.127124 30.406653 33.010606 36.535217 38.060612 30.340933 30.895471 30.407121 29.684418 31.882979 27.191082 31.761099 28.889075 27.475213 39.838231 31.408393 35.900528 32.335821 33.361382 34.836247 38.255066 30.917667 29.622942 34.389375 30.663802 31.232056 39.563392 39.449753 
37.035641 28.610915 34.208770 32.553981 38.760524 29.592329 37.023461 28.482308 29.421581 32.764085 32.421893 31.048037 35.509987 28.603586 35.376684 31.313053 33.891741 32.931404 36.168032 31.801839 33.443939 34.175556 36.280517 33.122508 34.680277 33.897601 29.508003 27.787292 33.239831 29.331373 32.754578 34.054210 29.894261 28.436220 30.089275 28.968560 
34.859227 35.498815 31.255959 37.555385 34.561019 29.994400 33.616439 30.995851 30.864424 35.849346 34.456406 31.183948 35.735203 36.668586 28.630921 28.236626 34.344059 38.953028 29.980632 30.586219 28.990821 32.449613 35.783274 32.648748 32.373932 30.667666 33.195884 32.843349 
34.599642 29.948191 33.668470 37.630301 31.429262 32.496046 34.418329 29.497092 27.275817 33.554915 37.387618 30.729768 35.143081 36.455042 30.325365 30.606942 33.694542 28.662417 34.552827 39.065365 30.803943 39.583414 34.081289 30.260720 32.209053 27.335560 32.423488 32.905167 35.231993 36.955483 32.065564 33.590036 
33.862174 34.402559 37.389815 29.432867 36.114637 33.832703 33.885414 33.522130 33.279366 33.035736 30.389713 29.211276 37.071703 28.641281 30.695661 31.156137 34.053040 30.172912 31.574064 37.377450 29.690584 36.385822 34.471911 33.358210 34.975205 30.709758 28.974166 31.692382 32.001866 
29.595691 30.282935 28.854782 29.279398 30.410130 37.511418 34.785762 35.827175 28.107864 34.015880 28.573696 29.262316 33.896982 29.165104 35.770238 37.563419 32.428910 29.934256 34.985659 36.932739 33.733200 39.741534 30.948104 38.533481 34.041048 32.943210 32.600208 29.070833 34.274018 29.378389 38.237223 31.387999 30.301809 31.492004 31.793879 27.560614 33.245335 30.796972 33.292169 
30.102876 32.382645 27.589415 29.395345 39.016482 35.745274 34.808728 34.361066 37.236694 33.748455 34.748932 29.635237 29.024772 29.133788 37.232087 37.213104 31.845467 30.107199 33.152174 37.764146 36.299106 37.719143 26.887877 32.151508 33.232523 35.780991 35.209950 33.249252 36.892965 32.353442 29.978324 30.193421 37.426455 30.519463 31.569144 31.152678 33.734764 33.677929 
30.170141 32.846592 32.534072 29.426367 32.468331 28.139136 35.072339 30.779165 28.983857 35.319100 33.838522 32.731159 28.784883 34.892421 30.980950 37.615083 39.747556 28.740389 30.557344 37.354903 34.771674 33.797689 30.258328 31.506510 34.502894 27.649623 28.689206 30.349421 31.016565 
28.401895 32.428353 29.066526 29.885639 36.583454 35.806099 35.037754 30.261121 38.869884 28.189501 33.822462 34.078985 31.858950 28.785896 31.941521 37.512197 29.144411 30.739402 32.672372 36.477594 38.152811 31.207497 30.795139 39.505012 28.698370 34.614096 31.328032 28.254668 36.605856 33.781686 
36.213685 32.692033 28.879791 30.786622 36.347539 31.542058 34.874697 30.556879 37.476696 30.089125 27.291972 34.515902 32.653305 29.780299 33.442804 39.007520 34.126611 28.119831 30.723941 38.423116 30.576350 30.176192 31.997840 31.464543 31.357023 29.048849 34.434648 39.286244 
37.064154 33.200271 40.752135 30.122618 37.172517 32.454605 36.420882 37.449609 34.017371 32.767866 35.894698 33.396272 33.601132 32.776997 34.507871 31.031755 34.292314 32.473980 38.793739 28.201865 32.089749 38.861602 29.870204 33.617573 35.763750 37.973843 30.534678 
31.845782 29.888628 27.255269 30.875616 31.583607 34.434373 31.886838 37.424758 29.086103 34.249789 29.098738 31.004549 34.926876 30.737826 33.241941 35.970403 30.437811 29.818797 36.472665 29.151020 30.479593 36.642604 28.658513 32.119443 28.189296 30.299423 26.697006 
33.169309 30.976714 28.451429 34.082728 27.685908 35.327224 28.299862 39.032694 37.305085 34.385217 31.949577 38.744103 31.921856 32.481170 32.358004 31.951382 34.110470 29.568932 31.980040 29.450425 33.651082 30.616283 28.389368 31.092764 37.105714 37.162411 
29.115144 28.012673 29.415567 30.525592 32.042643 31.084396 38.193736 33.118326 38.957783 27.844447 30.704204 37.429642 27.637068 32.614359 34.851589 30.919842 27.398701 28.444861 34.182186 27.902020 30.134318 29.531555 36.447704 31.987400 38.411576 32.360452 32.779486 30.903147 33.262728 
37.889801 35.990042 29.679652 31.824675 30.848381 27.592151 29.264901 35.115903 33.346722 37.032188 28.984530 37.320983 32.625437 28.786409 29.561365 35.749720 37.188071 
35.162597 32.980351 35.837983 33.001630 35.927982 33.278782 31.052242 35.345685 33.450227 36.348820 30.319458 36.492812 30.324279 31.999821 30.694959 35.908966 
31.111947 33.947155 36.928257 37.757773 32.103800 37.949303 38.273714 34.058538 37.822184 30.696121 33.469431 33.623971 33.458674 33.719116 32.529217 36.287594 35.857178 33.861575 40.050152 31.353702 
34.171848 35.878302 33.929550 33.121257 33.469541 29.379017 38.413682 33.817930 32.223202 28.632477 33.039868 29.379290 32.690397 39.134090 36.477443 36.058380 28.054937 28.345078 30.672832 36.467044 31.540931 31.100131 35.909255 37.438528 36.551334 36.783479 33.594715 29.722565 
36.105634 36.452121 31.451769 36.190655 33.355901 37.052031 38.273828 34.232131 33.598624 29.848923 40.112093 34.270403 32.853322 29.650327 35.894375 37.653922 30.537053 29.177418 31.304034 30.771124 27.810505 38.616287 29.448441 31.474114 28.822505 35.688437 31.705808 27.386892 34.431958 28.025641 27.215471 
32.486152 30.802881 33.491733 32.019752 34.680910 37.600749 33.272239 33.789605 39.797316 30.244115 34.154941 34.357635 36.057049 37.907862 37.591813 36.746437 31.036339 31.432819 33.411570 38.607816 33.447061 31.676188 32.883024 38.269224 37.938711 28.937374 29.363088 37.269692 30.659339 33.023750 27.293341 35.786502 
35.934466 29.317084 33.312861 29.977024 33.222389 38.227808 35.085240 33.791067 30.053222 33.144667 32.042887 34.170597 35.766431 37.544365 33.903481 33.841779 29.643109 30.250384 34.352837 29.434688 36.300727 30.883978 29.352108 29.541222 30.652446 32.601317 
38.222915 36.678627 34.068208 39.494245 32.033537 37.453925 32.805712 34.359759 32.703519 37.821010 33.257360 39.128785 30.590873 38.605925 32.278712 29.838847 31.062622 37.683588 39.793355 30.115313 33.232608 36.302973 28.221034 37.821414 33.386724 35.731307 31.258946 38.284847 
36.109189 37.206138 34.478012 40.055974 33.899076 37.188696 35.637611 34.617906 32.918414 34.617715 33.878044 36.172805 38.533694 32.035898 
33.936295 34.280654 35.812046 33.219398 37.572401 28.683799 35.285559 33.990698 32.975795 36.395670 34.358038 28.902774 34.493304 37.846071 
36.005778 38.546964 34.005384 32.583003 38.254628 36.865691 29.780148 34.007388 33.390251 36.310905 35.634273 31.265313 37.201060 35.788863 34.178326 39.238406 36.101813 32.286754 33.128943 38.586758 37.309219 39.198824 29.920042 28.670613 30.228749 30.810034 30.600532 29.448857 37.631942 30.780855 36.030398 39.397402 31.465656 
29.179482 34.563754 37.312839 37.839377 30.120042 38.424379 32.658344 34.103078 31.392837 32.647548 36.964672 30.431113 36.372892 36.343980 36.077677 36.059591 30.681187 30.959165 33.958447 39.060336 32.389435 32.046507 40.430829 32.416899 
31.913035 34.309472 31.537053 28.012981 27.881227 29.280388 39.373808 34.113599 35.379877 28.584255 28.055645 31.694093 38.670248 36.318878 38.899935 28.315219 39.356731 33.596236 33.431592 38.738341 34.233597 36.183517 37.407770 33.937065 33.195599 39.194283 31.337435 31.572499 38.809921 32.412764 38.004913 37.170199 30.574639 34.937327 28.045756 36.222312 32.421606 31.274942 30.214751 30.809202 33.906722 
30.948110 36.654770 37.795020 29.404456 32.160084 34.553157 34.786545 35.930266 30.786182 30.607498 33.706320 28.778993 39.274876 33.755877 31.815959 38.074614 38.456041 29.138905 32.480850 28.525582 35.914929 29.348405 27.734931 30.711958 33.682852 28.550716 31.087513 29.806318 29.103842 
29.679440 36.038414 30.717544 32.597639 37.113066 29.457580 31.351738 37.188700 37.480694 32.788393 35.205693 27.355961 31.958004 35.525986 33.241856 38.529667 28.175810 35.574755 31.918084 28.453638 36.207975 31.747039 32.924348 35.158167 34.690968 36.896547 30.417507 36.174975 29.714790 31.720156 35.176456 31.000982 36.645645 34.565584 31.707133 33.010951 28.228391 
34.458407 36.064346 33.279748 29.632142 39.618072 36.345488 32.629030 34.788412 32.228930 31.881356 38.286436 31.980004 30.896725 37.544055 36.439996 38.485653 34.639398 35.901180 
29.689875 38.485384 37.477738 31.475346 34.539949 35.206733 32.302481 30.218184 39.388696 37.513280 32.769924 39.835643 33.035586 38.304156 31.625010 33.991894 34.071015 28.103468 27.697302 29.031956 30.586039 38.095673 36.599380 30.109675 35.380451 31.055570 35.552430 
27.705940 37.763465 30.257334 29.072001 32.158714 28.092609 32.334468 33.561179 27.992728 34.994213 33.947739 28.870278 35.752460 37.024148 34.897501 
32.209563 36.554386 37.846209 30.597660 28.775241 31.966827 28.571959 28.879041 30.514128 35.518811 30.048307 30.444191 31.048765 37.904333 33.063386 28.949942 35.101062 39.319552 33.211357 33.828701 38.610959 29.768345 37.033730 34.148406 38.882224 39.887995 
32.646563 37.854830 40.012830 33.553934 36.403747 31.935283 30.578726 34.098616 35.423189 35.541221 33.410595 35.834088 32.737622 34.924149 
38.775036 38.351574 38.723993 34.819899 35.673131 32.263299 31.973096 36.494090 32.197347 35.468712 38.707735 29.453961 34.574567 32.550130 33.349846 37.495776 
37.045280 37.866301 28.070177 38.685575 30.527318 32.236688 32.315400 36.804294 33.386203 35.233630 32.645860 31.769369 40.019301 31.913970 27.438675 35.981505 32.536724 27.198605 34.788504 30.920708 36.401325 37.640984 38.097424 32.622839 31.379018 38.205753 29.892262 
35.396018 37.437821 32.385155 28.955303 39.146551 32.484098 33.543516 37.210990 34.490842 34.941612 32.463132 31.860814 29.132776 31.447477 30.178031 31.645550 32.995495 31.925259 31.885122 32.380786 29.089086 33.873664 31.730058 30.084112 29.619847 28.444517 40.229751 34.568832 36.823893 
33.340283 29.734198 29.392707 37.682126 34.839196 29.396725 33.293236 31.259994 33.232981 34.354465 33.917554 30.426481 28.478617 34.228755 26.946956 37.007713 36.257380 30.781638 35.198192 29.888937 31.999466 31.769415 31.975040 29.401196 29.626753 
33.361091 32.186948 29.880268 28.808020 28.139545 28.980553 38.513349 34.623924 33.626123 35.541586 36.371859 30.285646 30.100456 37.083397 32.055045 33.017042 35.471170 37.704966 28.749877 35.088870 31.006635 29.133647 34.019313 29.511029 31.552716 
35.613607 28.928486 27.261607 33.117033 34.973840 38.502481 39.650265 40.126618 37.864660 32.153098 30.387057 33.406282 33.083262 37.894495 37.599220 29.802942 35.288959 
33.491357 31.037095 35.137791 29.849694 36.820902 27.073638 29.177752 33.937878 29.797011 31.191971 30.751584 34.101478 30.781782 30.243533 27.491438 30.066173 27.467533 34.120889 28.138062 28.115611 31.794501 30.397134 34.637314 32.449956 27.553807 31.850169 
29.414494 31.170929 36.133714 36.229638 30.590624 37.147008 39.375111 32.870845 27.509559 33.633883 31.298053 29.980178 31.856933 39.036886 29.693038 33.249484 32.928683 36.668291 32.967395 31.372112 33.718969 28.918453 31.059450 36.221208 37.739332 33.494233 35.973226 30.389700 36.545801 38.430168 28.820993 29.286724 31.175976 35.760006 36.357571 31.728336 29.060766 
36.842648 34.992126 35.993416 36.158237 31.496956 28.229450 33.773404 32.671426 35.806181 35.124140 28.176944 29.352719 37.252234 29.406803 35.771429 31.885825 28.022668 31.089345 35.383434 39.188666 37.242868 36.395289 
37.254837 37.661343 34.853492 31.033337 31.367946 34.356390 34.134261 33.863998 27.999041 34.869978 32.098629 31.495905 36.385408 28.855349 36.008767 39.684296 28.196901 32.788711 35.374308 32.541812 35.952844 34.923824 37.040490 28.300039 
36.882102 33.418801 37.455764 35.521798 29.760364 36.179785 33.441543 32.573394 27.870850 37.829696 35.575489 40.378503 30.504107 33.640160 31.124545 32.128716 30.823057 31.793675 38.860016 
30.027226 38.022030 36.978392 34.739953 34.034142 35.791923 29.926073 32.507639 28.873938 35.341068 35.922036 33.438027 35.681845 32.907103 30.926425 35.928441 39.669002 35.324215 30.880603 31.176639 28.373545 37.315220 28.738479 
28.031780 37.176398 34.476767 32.624550 36.962936 34.310412 31.459277 33.282548 35.289226 27.583792 35.327030 33.717301 31.228029 35.667971 39.269236 33.295638 34.043387 30.291308 30.038136 29.886272 31.239891 27.932563 29.858721 36.149618 32.544174 33.350091 38.351476 30.741070 34.650698 30.074822 31.142911 
29.977283 29.826550 32.100599 34.948784 31.110323 33.165365 34.709643 33.503068 34.232907 35.629655 31.754356 35.184051 30.140880 28.689647 28.973127 34.954336 30.798037 32.330739 35.597650 36.020078 37.338392 29.206677 33.349488 37.269655 30.337594 
34.574312 36.020112 37.628093 35.887934 32.680497 35.837652 35.366799 36.313473 32.179437 30.037021 28.651071 34.091021 33.454156 35.953685 28.672365 34.087876 33.372314 32.049172 
31.576028 37.545545 26.938157 29.210279 36.484285 33.224726 34.765116 29.837377 31.783582 29.085539 33.435119 32.041536 30.155507 35.393630 32.656562 31.661714 36.908117 30.471069 31.859012 31.005195 34.073941 33.014558 32.239501 34.515666 
36.452389 27.061051 30.224947 32.188737 28.790770 36.583794 36.279036 30.826509 29.523930 28.314158 33.251939 38.989707 28.714827 34.621581 35.108938 28.601499 
34.198519 26.751209 35.980626 33.193613 28.316663 32.864594 36.554187 34.369723 37.737940 32.193609 
30.506446 34.576142 31.113713 34.517819 36.805472 32.081542 39.080324 31.515165 34.173734 33.452191 35.986816 35.623627 28.143182 31.700869 32.187600 33.583114 33.429776 36.576775 
28.502214 34.150513 35.177314 30.334857 34.824949 30.432092 29.782402 33.578411 36.928265 28.457731 31.054424 35.301598 32.138170 33.567209 30.724789 32.372101 
34.568668 30.434832 34.885650 32.098974 33.257274 33.489196 28.702418 33.285866 39.426845 34.542709 33.149530 35.637080 32.267144 33.369157 36.234371 34.902257 34.854677 31.762328 40.073976 30.624656 31.300402 27.911326 32.121701 30.725786 30.722308 
34.035170 32.025276 35.142120 36.371459 30.891527 31.162116 29.573501 33.542059 34.659650 29.127901 36.095480 30.000329 30.831654 39.836374 34.341707 31.277310 31.444314 27.966431 30.091405 33.689822 28.511560 30.636952 31.400045 27.410386 31.481607 31.163729 33.273928 37.798990 31.931436 27.602385 28.333203 34.235217 28.871742 32.849174 29.152875 36.771056 
34.671030 33.764552 32.460368 35.372309 35.888418 32.523752 33.405731 38.027488 30.783794 31.266530 33.523149 39.245947 32.898627 38.284979 32.611127 29.394438 28.424343 34.363798 38.974942 28.509824 40.099832 40.225972 29.969751 32.856518 40.165703 35.381610 37.059601 33.851380 35.477276 31.087090 29.436045 34.987973 36.976435 32.689484 36.036627 39.558386 
32.692841 31.358624 37.356846 39.739755 37.212719 33.965224 34.202462 33.973616 30.372337 38.791765 30.005954 28.359621 39.238168 34.703342 35.818871 30.047913 28.736200 34.735678 34.685155 28.615519 33.143661 38.928272 29.570694 30.962618 30.381458 34.237814 32.500263 30.950145 33.108648 33.188971 31.721402 30.804241 34.423606 35.306988 32.575761 29.651655 34.839098 35.821028 34.332008 35.751673 36.145628 37.395490 34.531973 32.172866 32.457993 30.621369 30.033934 37.436538 37.033085 29.380603 34.388998 
29.829654 30.404560 29.401265 29.667076 37.880620 35.319567 32.314163 32.202410 34.122683 31.689605 34.745934 37.405785 34.196903 29.724265 34.703427 28.965905 34.480350 31.630975 32.788342 30.401276 34.650011 31.387946 28.646144 29.333363 34.200355 35.707715 36.910067 33.863513 34.582155 30.144534 34.308253 32.789856 32.513448 
30.402374 32.963554 39.270787 27.801424 37.367301 36.125859 36.677574 32.246816 29.969198 38.970391 35.287020 33.039697 38.600475 32.780662 36.513563 38.027960 32.055811 32.386068 37.911477 29.886834 35.289282 33.711428 28.907706 31.630062 32.832199 35.000160 33.111924 29.888260 
29.893667 36.864992 35.810236 29.585283 37.781950 37.829688 28.471147 27.815540 32.471498 39.123506 29.839029 36.074671 32.482655 27.026658 36.966069 31.078165 33.217741 28.434496 31.255861 30.765658 35.266773 32.161041 29.708124 29.478787 31.895260 29.941870 28.061032 28.101941 40.101059 35.151579 29.508132 39.245051 32.461397 34.527847 32.316830 33.636369 32.741240 38.213626 26.949546 30.305527 35.376547 39.224714 35.000811 
