0.937444 0.950708 0.977134 0.898518 0.880648 0.816546 0.895376 1.255071 0.986344 1.032660 1.231526 0.804836 0.810444 0.951527 0.998846 0.825757 0.794881 1.218281 1.100165 1.142823 0.987248 1.187197 1.099316 0.955495 1.208045 1.085537 0.916284 0.933246 1.101291 0.867637 1.006548 
0.866075 1.189690 0.841181 1.065062 0.890151 0.863676 0.799439 1.241412 1.206257 1.059704 0.961960 0.854236 1.219467 0.937542 0.855250 0.975717 1.071971 1.112244 0.992374 1.065325 0.906265 1.105321 1.008360 1.067197 1.012499 0.909785 
0.940546 0.868399 1.100378 1.250198 0.842047 0.898763 1.018363 0.955512 1.026168 0.928176 1.104046 1.095479 0.974799 1.141633 1.024159 1.047628 1.211528 1.015552 0.977402 0.860028 0.844617 1.171849 1.094440 1.175792 
0.814526 0.841126 0.946519 1.221692 1.230980 0.844010 1.253351 0.847440 1.056388 1.184901 0.796429 0.867194 0.927487 1.172288 1.006453 0.986071 0.899066 0.821959 0.888190 1.166087 1.019608 0.802490 0.928162 0.967114 0.975003 0.965720 0.854549 1.005214 0.837358 
1.011901 0.826495 1.177060 1.244129 0.794807 1.164886 0.930422 0.833886 0.813537 0.900992 0.832765 0.837670 0.946928 1.156071 0.985157 0.904556 0.822197 0.890050 0.867351 0.971155 0.903367 0.912193 1.025370 1.118175 0.864318 0.953929 0.842457 1.234480 1.189220 0.962067 0.904917 1.106470 
1.217686 0.836977 1.229795 0.977840 0.825275 0.808859 1.250464 1.071197 0.821328 0.842429 0.872600 0.991029 0.883326 1.065362 0.829310 0.909612 0.824665 1.251638 1.000124 1.045648 1.215333 0.952490 1.159020 1.102330 0.980500 0.822873 0.939330 0.851618 1.165232 1.015946 0.897140 1.096761 0.816788 0.945615 1.090887 0.884489 1.010619 0.888680 
0.823539 1.124698 1.178881 0.997123 0.881932 1.144012 0.813922 1.213208 0.865506 1.103298 0.844987 0.846126 0.806929 0.848806 1.011293 0.801897 0.848747 0.982133 0.873077 1.131769 1.117893 0.991354 0.922908 
0.837130 0.994549 1.062579 1.108543 1.234888 0.979210 0.990029 0.800144 0.920450 1.241514 0.922264 0.864902 0.897271 0.941917 0.867575 0.902688 0.906130 0.864825 0.877835 1.000150 0.965466 0.813534 1.069474 1.063936 0.931696 0.868612 0.998128 1.077666 0.868600 0.812080 
0.954993 1.159609 0.969828 1.135482 0.970087 0.875321 1.137912 0.989655 1.177639 0.796826 0.860892 0.890564 1.180135 1.157029 1.043019 1.070291 0.911714 1.129751 1.008615 1.054577 1.179491 0.799629 0.918494 0.997524 0.835198 1.025197 0.940281 1.001900 1.158724 1.065366 1.016135 0.942293 0.824704 0.903531 
0.873384 0.929421 0.866907 0.973023 0.874252 0.818359 0.816954 0.843043 1.006309 1.109534 0.937564 0.888978 1.140090 1.067885 0.818212 1.201193 1.018630 1.064754 1.217227 0.827123 0.794838 1.052119 0.930979 1.025075 0.822202 0.797298 0.850786 1.080578 1.136808 1.056116 0.923308 
0.945529 0.966334 0.863559 0.934086 1.118268 0.858632 0.955001 1.108077 1.129899 1.110620 1.164922 0.979567 0.895226 0.901975 1.001750 0.957548 0.891216 0.805543 1.231352 0.853544 1.125817 0.926067 0.931003 
0.844162 0.877461 1.198094 1.000828 1.048342 1.133139 0.967985 1.065453 0.968259 0.956759 1.237963 0.935723 1.078892 0.877504 0.901861 0.875852 1.058402 0.886533 1.221783 1.104930 0.807177 1.149094 0.895293 0.930639 1.125401 0.873316 1.196866 1.037618 0.890394 
0.891564 1.025944 0.830615 1.136206 0.803605 0.963078 1.251275 1.067985 0.932948 1.100450 0.814206 1.131412 0.898170 0.814361 1.098701 1.148121 0.887998 0.921368 1.172599 1.061962 0.889672 0.859641 1.137979 1.020808 1.169154 
1.147983 1.040730 0.863478 1.177376 1.022322 1.122776 1.218163 1.123563 0.848658 1.099958 0.814951 0.807383 0.928376 1.200621 0.866088 1.051551 1.035561 0.875205 1.122691 1.116076 0.827753 1.177469 1.211344 0.879310 1.083777 1.248954 1.063995 1.137046 1.194940 1.057041 1.217689 1.022396 1.195069 1.159087 0.960731 0.979245 0.857749 1.048341 0.798924 0.909224 1.057760 0.826880 0.899681 
1.257741 1.134706 0.910699 1.013039 0.822922 1.257400 1.221369 1.212380 0.902812 1.010669 0.841258 1.030511 0.871098 0.887726 0.907692 1.238379 1.238741 1.068528 0.899380 1.233789 
0.914426 1.071098 1.227462 0.957034 0.834929 1.249162 0.904113 0.944374 0.915292 1.150970 1.258131 1.149053 0.919252 0.865899 0.885014 0.836963 0.875898 0.893337 0.830511 1.053302 1.193315 1.068417 0.877720 0.858243 0.822606 0.892169 
0.887105 1.092398 1.085788 0.858747 1.018590 1.246608 1.086397 0.983828 0.840946 1.075476 1.165064 1.175389 0.821054 1.241208 0.864158 1.244922 0.857660 0.806356 1.245735 1.097337 0.858093 0.918912 1.247778 1.120930 1.038203 0.995872 1.072659 0.813830 
1.085608 0.804549 0.804447 1.046244 1.232185 1.251915 1.136285 0.813327 0.869050 0.794515 0.937025 1.149710 0.876664 0.926228 1.228316 0.807561 0.796240 1.252333 1.030438 0.878934 1.006286 1.004477 1.086753 1.127473 
0.880128 1.096173 0.995215 0.866801 0.886006 1.231828 1.170352 0.889904 1.252591 0.899000 1.050666 1.007379 0.942113 1.036182 1.216050 0.946759 0.822949 0.843782 0.816319 0.872768 
0.849579 0.890736 0.935750 0.812823 1.089547 1.216988 1.158810 0.890574 1.114235 0.838463 0.969798 1.061217 1.044045 1.253573 1.021404 0.900576 0.799893 0.942068 0.949955 1.135594 0.964550 1.029206 1.140764 0.962797 
1.174248 1.206698 0.819510 0.875887 0.818877 1.224746 1.205853 1.026043 0.936975 1.082691 0.969590 0.912746 1.044912 1.237706 0.997049 0.830871 1.139932 0.908018 0.796542 1.164697 0.948445 0.962407 1.121689 0.872774 0.930819 1.144353 0.906404 
1.213320 0.956888 1.104650 0.892762 0.808249 1.140480 1.003839 0.863523 0.865646 0.926592 1.039163 1.095942 0.816009 1.219415 1.193304 0.910691 1.024700 0.959458 0.981932 0.954446 0.992753 0.845959 0.859772 1.070565 0.904233 1.007866 0.817711 0.807327 
1.181402 0.796819 0.969168 0.847188 0.819635 1.218930 1.249637 0.838429 0.868502 1.155385 0.948965 1.077932 0.997315 1.154147 0.927512 0.797719 1.116009 1.008471 0.836071 
0.806493 1.199243 0.900425 0.912682 0.823282 1.156337 1.175749 1.210833 0.867337 1.041403 0.848882 0.820835 1.106051 0.868664 0.808556 1.253319 0.889444 1.196342 0.809473 1.174422 1.076577 0.880752 0.931182 0.977319 
1.236986 1.147595 0.965283 1.179745 0.797460 0.917610 1.156381 0.844419 0.966888 1.174607 0.826202 1.046702 0.832788 0.901583 1.039172 0.815783 1.247821 1.195457 1.071908 
1.188007 0.984337 0.838149 0.873265 0.846778 0.849695 0.830368 1.248156 1.066655 0.947618 0.818186 1.042947 1.100103 1.151923 0.876773 0.862158 1.031840 1.229840 0.844295 0.909301 0.817729 0.984203 0.977332 1.044642 0.883086 1.207361 0.994819 0.859281 0.814975 1.131757 
1.234389 0.888929 0.860672 1.179989 0.851397 0.905090 0.979188 1.250366 1.199513 1.233203 0.862554 0.855529 1.235151 0.914399 0.831324 1.217445 1.095438 1.006647 0.797612 1.034816 0.841668 0.961211 0.945412 0.908950 1.206772 1.199444 1.216095 0.822739 1.171127 1.152387 0.841404 1.046312 0.882082 1.016806 0.901471 
1.223355 0.885745 0.984904 0.963524 0.998031 0.835495 1.016847 1.128246 0.982418 0.965872 1.065477 0.804741 0.997157 1.177067 1.224337 0.959653 0.835762 0.977006 0.957894 1.207830 1.093345 0.983982 1.168972 1.214662 0.855341 1.166625 1.118688 1.094753 1.072987 1.175534 
1.217631 0.819870 0.943454 0.903194 0.799085 0.795762 0.890234 0.928836 1.075131 0.981238 0.899032 1.056434 1.038260 1.045235 0.829525 0.799218 0.958214 0.881392 1.229642 0.795251 1.067387 0.819980 0.870315 
1.041877 1.218256 0.971168 0.795944 0.870063 0.921917 1.189476 1.147557 0.858361 1.107571 1.032511 0.795096 0.962708 1.057875 0.835811 1.210217 1.178147 0.926218 1.035114 0.882883 1.038903 1.163480 1.010273 1.021162 1.071551 1.212799 1.033927 0.986849 
1.176464 0.903232 1.216395 0.857585 0.810093 1.128088 0.846993 0.866432 0.883604 0.892300 1.022688 1.145122 1.046915 0.797817 1.172834 0.983394 1.231222 0.931938 0.797780 0.988734 0.937764 0.828651 0.930826 0.881933 0.998631 
1.250845 1.251935 1.153390 0.845621 1.160937 0.964303 0.895651 0.921985 0.921992 0.952728 0.869561 0.847645 0.948440 0.864801 1.214507 0.953189 0.922459 0.896593 0.973685 0.796570 1.040158 1.126762 0.892242 1.078194 1.077859 1.071920 1.110399 0.917512 1.054239 1.255776 
1.196988 0.805094 0.880830 1.185726 0.980937 0.923478 1.254226 0.926224 0.820580 1.103109 0.820701 
1.158575 0.867970 0.826154 1.137175 1.251637 0.941734 0.882373 0.835400 0.969821 1.010456 0.915507 0.866908 1.000076 0.989151 1.091317 0.918519 
0.812528 0.807320 0.989632 0.827422 1.202739 1.201802 0.892991 1.068501 0.852666 1.198267 1.018804 1.099878 0.829329 1.026721 0.994525 0.846138 1.205757 1.234140 1.071880 0.963921 
0.873428 1.100060 1.250783 1.086460 1.234046 1.116165 1.168416 0.884602 1.239679 0.970270 1.126439 1.219578 1.010198 0.819325 1.220977 0.889588 0.803738 0.851058 1.024925 0.878360 0.818811 1.049826 0.806540 0.987977 0.851512 
1.157202 1.219328 1.251671 1.241384 1.142941 1.159143 0.895079 1.162028 0.891136 1.076349 1.064458 1.117456 1.151418 0.794758 1.111402 1.154314 1.115404 0.967952 0.801048 1.239364 0.862786 0.839574 1.074834 1.091283 0.865662 1.244560 0.836871 0.864467 1.195575 0.823782 0.875651 0.943692 1.048786 1.115340 1.177132 
0.963789 0.857679 1.231561 0.797473 0.941479 0.866237 1.195769 0.816928 0.795057 1.038353 0.990699 0.977853 1.050626 0.922951 1.080892 1.184158 0.974958 0.827684 1.106738 1.137414 0.805191 1.195925 1.024910 0.830601 1.221790 1.245733 0.969032 0.890554 0.931013 1.050131 0.988019 0.887396 1.053074 0.819988 1.165014 1.016731 0.879325 0.900350 
1.246502 0.848327 1.009400 1.056060 0.806232 1.029495 0.958899 0.856795 0.805865 1.001571 0.826692 0.796508 0.847238 1.065440 1.200211 0.794491 0.844355 1.223131 0.813335 0.878486 1.104403 0.830020 0.872637 1.004333 
1.232679 1.235377 1.108863 1.162243 1.019331 0.800070 0.837949 0.992219 1.103991 0.826195 0.919894 0.851711 0.834935 0.967713 0.840298 0.930022 1.164476 1.207588 1.219758 0.920688 1.142711 
0.819270 1.250140 1.208864 0.826563 1.207038 1.206898 1.126949 0.922720 0.860530 0.823739 0.962204 0.904876 0.802008 0.866250 0.872486 0.986172 1.065118 1.191457 0.869376 0.965556 1.059761 0.969777 0.833203 1.079169 1.016390 0.937064 0.894296 
1.099335 1.251212 1.067469 1.012594 0.834703 0.799282 0.803795 1.106654 1.066956 0.870534 1.164065 1.013533 0.845688 0.985051 1.219031 0.819838 1.061256 0.833547 0.833070 1.026710 0.805766 0.969183 0.859091 1.076441 0.992941 0.925073 0.993428 0.998400 
0.927918 0.798046 0.825110 1.216019 1.122521 0.843143 0.820098 1.203025 1.119712 1.208485 0.858507 1.162954 1.107833 0.863223 0.837678 1.018682 0.940825 0.882606 0.950678 1.111252 0.906615 0.817325 0.812107 1.045685 1.061810 1.221381 
0.831855 1.246420 0.954482 0.863006 0.850369 1.147269 0.913004 0.937483 1.196542 1.022649 0.794650 1.152653 1.172880 0.825151 0.807910 1.056502 0.817417 0.915150 1.037938 0.871142 0.861001 
0.801970 0.959992 1.072107 0.830151 1.028417 0.796399 1.150524 0.982681 1.227168 1.222274 0.837343 1.164515 0.950598 1.084428 0.956967 1.167261 0.975559 0.828005 0.894426 0.933059 0.886466 0.998949 0.805640 1.179249 1.021404 1.007851 0.801654 0.962881 0.988114 1.112435 
0.911690 1.101157 1.060220 0.991619 0.804127 0.941247 0.878157 0.893050 1.257084 0.983386 1.069447 1.245579 1.149295 1.209216 0.880242 1.008363 1.099401 1.132761 1.094037 1.173973 0.949480 0.844220 1.237084 1.023248 1.089361 0.986132 1.180796 0.891961 0.888548 0.971200 1.183958 0.970994 
0.954613 0.927123 0.881415 0.929115 0.925492 1.252874 0.912138 0.932342 1.235983 1.116762 1.132329 0.902465 1.210082 1.202259 0.902782 0.836916 1.071748 1.138095 0.814855 0.795623 1.058308 0.833583 0.949523 0.823978 0.858438 
1.053595 1.161383 0.995607 0.806383 0.831371 0.892668 0.797830 0.798788 1.194359 0.871001 0.922835 1.138153 0.825922 1.169578 0.866368 1.058564 1.243956 1.084959 1.136130 0.860309 0.909297 1.170766 0.944983 1.089983 0.974867 0.904964 
1.200308 0.972046 0.839362 0.800160 0.949421 0.874918 0.890408 1.252198 1.249542 1.218926 0.832065 0.930520 1.215801 1.177995 0.806155 0.820224 0.852587 0.999740 1.160167 0.828967 1.178867 1.047956 1.097009 
0.968389 1.242891 0.986756 1.005568 0.999198 0.866723 0.981297 0.904020 1.235990 1.246826 1.197850 1.111109 1.040663 0.905267 0.821341 0.845239 1.216463 1.019579 0.925236 0.810512 0.993904 1.053927 0.894212 1.013864 1.016493 
1.056995 0.850971 0.970207 0.853203 0.964866 0.863181 1.044167 1.044746 1.223948 0.832005 0.799645 1.231534 0.902629 1.197467 0.821723 1.100833 1.169225 0.949315 
0.827911 1.148186 0.835208 0.835965 0.818218 0.832843 1.083762 1.170297 1.235486 0.858404 1.174251 0.821272 1.015925 0.807642 0.910403 1.159980 0.901618 
1.256833 0.951125 1.079089 0.824942 0.799647 1.086807 1.233430 1.013938 1.196298 0.936292 0.907939 1.043946 0.910475 1.002903 0.811709 1.032200 1.085951 
0.827261 0.814642 1.048658 0.934130 1.012903 0.889491 0.954276 1.158610 1.224898 0.974869 0.832526 0.807093 0.935327 1.165657 1.200773 0.888943 0.895353 0.975242 1.040494 1.017723 
1.213013 0.887224 0.859541 1.232670 0.928728 0.801075 0.861255 0.917265 0.968173 0.944142 0.823480 1.039186 0.896866 0.833211 1.000787 1.061691 
0.891294 1.166714 1.064974 1.255158 0.796866 0.995046 0.858369 0.795501 0.804995 0.930380 1.253754 0.876048 0.846137 1.065021 0.949449 1.033566 1.081016 1.247739 
1.232875 0.960522 0.827446 1.243341 0.880511 1.209970 0.887850 0.964939 0.886769 
1.035143 1.255467 0.888949 1.228172 0.913902 1.015731 0.858743 0.926031 1.081395 1.191864 0.966093 1.037953 0.941250 1.093355 0.872192 
0.940309 0.917541 0.883456 1.201811 0.934113 1.044334 0.916004 0.822881 0.915846 0.882261 1.223613 0.830172 0.845728 1.126566 1.158078 1.243309 1.102393 1.199034 
0.868797 0.813252 0.883427 1.032970 0.855905 0.877294 1.196242 0.887219 1.239935 0.886648 0.859843 0.964541 0.991581 
1.248628 0.811776 0.815745 0.980553 1.218422 0.907214 0.844417 1.122971 0.869138 1.106270 1.000796 0.940436 
0.922014 0.797932 0.860649 1.227333 1.234785 0.818405 0.889319 0.840074 1.008447 0.966737 1.017894 0.903825 1.095191 0.967825 
1.043730 0.896880 0.846979 0.938101 1.106389 0.813000 0.986640 0.834510 0.816330 0.952293 1.021975 1.151135 1.017625 0.831629 0.852935 0.931941 
0.822385 1.168633 1.228472 0.846141 0.949613 0.809901 1.256201 1.129956 0.825348 1.116178 0.833200 0.966638 0.908490 0.838286 
0.818118 1.206461 0.888428 1.195675 0.884552 0.831594 1.248207 0.989575 0.950470 0.937866 0.843606 1.254961 0.827365 0.842145 0.796944 1.062279 1.167554 0.879224 0.962004 
1.245172 0.893733 1.175767 0.815174 0.950943 0.802467 1.251214 0.947202 0.893087 1.208583 0.801141 1.011321 0.932824 1.197831 0.958784 1.245173 
1.025966 1.182820 0.893524 0.852032 0.977811 1.242640 0.870343 1.122507 1.223022 1.254313 
1.254787 1.205591 0.802454 0.910190 1.121656 0.875080 0.852501 1.075344 1.150741 0.985072 1.220594 0.997203 0.863684 1.067939 0.944707 1.046573 0.890481 1.049430 
1.256104 0.900160 1.089857 0.985150 0.951114 0.855785 1.055091 1.113094 0.868515 0.863794 0.855158 0.903620 1.058266 1.225922 0.906364 1.202992 0.978215 1.048817 0.991823 0.817134 0.851316 
1.222794 1.040401 1.147325 0.853409 0.823000 0.934028 1.150716 0.823132 1.046229 0.801575 0.893228 0.878712 0.987777 0.902157 1.226725 0.964185 1.186420 1.102475 0.996586 1.042376 0.807347 0.867360 0.895848 0.823464 0.999772 1.198853 0.822184 1.236948 1.032550 0.924545 0.837979 0.898598 
1.238851 1.049500 1.106188 0.965674 0.820627 0.847686 0.857625 0.906322 0.911379 0.812640 0.880864 0.957639 1.042084 0.881590 1.080028 0.987475 1.078329 0.856071 1.032234 1.225894 0.795022 0.945774 0.874139 0.919399 0.975028 1.211656 1.149323 1.104608 1.066732 0.843222 0.968685 1.048896 1.036995 0.950617 0.867286 
1.194966 0.860101 1.014533 0.976791 1.059090 1.102528 1.011400 1.041263 0.891781 1.166141 0.969807 0.808432 1.166274 0.809570 0.982924 0.810162 1.132930 0.836335 0.822632 1.257867 0.811442 0.809951 0.926252 0.872570 1.161074 1.155800 0.813542 0.859613 0.909924 1.036451 0.858607 1.153208 0.883238 
0.961835 0.944598 0.955361 0.903923 1.256855 0.819553 1.060654 1.237599 1.183908 0.908139 1.211126 0.941680 1.112157 1.074695 1.197686 0.999897 0.864495 0.820329 0.837965 1.075295 0.890809 0.843359 1.207461 0.943697 0.796329 1.000283 0.959549 1.043000 0.922049 0.879918 
0.916010 1.021204 1.157379 0.948318 1.149035 0.845053 0.899739 1.161762 0.850128 0.959097 1.006463 0.859810 0.909098 1.006189 1.008852 1.146961 0.802752 1.254992 1.243049 0.910050 0.914811 0.858967 1.097757 0.844948 
0.797357 0.814924 0.877479 0.847700 1.225567 0.832620 1.205191 0.801134 1.027047 1.255430 0.845190 0.894147 1.214739 1.028554 0.837991 0.845850 0.875336 0.817352 1.209271 0.810373 1.222402 0.799135 0.850002 
1.124780 0.833342 0.828976 1.241124 1.056093 1.099289 0.831679 0.873384 0.834414 0.821463 1.230006 1.044964 0.905659 1.222485 0.868147 1.031724 1.086612 1.201435 1.134175 0.809638 1.035785 0.807858 1.208533 0.965332 1.043256 0.925729 0.883743 0.917500 1.016613 1.149554 0.855823 0.920673 0.923027 
0.862484 0.796661 0.927103 1.190676 1.038764 0.906561 1.126290 0.998984 0.830601 1.167558 1.102912 1.241716 1.216213 0.823122 0.811325 1.209275 0.922590 0.816568 0.872868 1.251821 1.085618 1.062569 0.885760 0.838218 1.070314 
0.816034 1.078380 0.868834 1.231467 1.045017 1.060232 1.056410 1.012700 0.862979 0.817749 0.882747 0.931941 0.920204 1.150060 0.822235 1.073744 0.982732 1.028201 0.883095 0.991028 0.862169 0.918412 0.892287 
0.940665 1.166891 0.867960 1.180796 1.064957 0.930092 1.201748 0.815028 0.805972 0.971420 1.100780 0.899383 0.911479 0.803639 1.002619 1.197471 0.891733 1.064008 1.172899 0.994535 1.090311 0.852897 1.157788 0.972461 1.058460 
1.241232 1.195443 1.142650 0.857389 1.139739 1.095183 1.084337 0.856222 0.817492 1.211134 0.814493 0.841170 1.226881 0.844619 1.089399 0.844532 0.961388 0.859677 0.823528 
0.910867 1.258542 0.993641 1.054521 0.872101 0.984550 1.007423 0.841220 1.125687 0.984732 0.821963 0.816374 1.066050 1.242339 0.941104 0.912768 0.845316 1.123464 1.150301 0.862442 0.855771 0.846814 1.023977 1.232181 0.994613 0.923974 
1.203647 1.236225 0.974827 1.019567 1.136523 1.141959 0.837490 0.854987 0.839270 0.880624 0.909691 0.800615 1.156685 1.106944 0.928060 1.036022 0.862936 0.929308 0.908043 1.099772 0.822145 0.846409 1.186569 0.879479 1.088819 1.059323 0.802351 1.120902 0.894459 0.999392 1.170841 1.147093 0.796358 0.925367 1.147752 
0.999176 0.990452 0.860324 0.916696 1.063137 1.134993 0.829495 1.062289 0.926438 0.924063 0.835804 1.059801 0.885966 0.956902 1.182809 0.997262 1.062190 1.255136 0.884067 0.917429 1.007985 1.068400 0.847015 1.097375 1.127625 1.011570 1.241158 0.903503 1.213418 0.836252 0.986567 1.185696 0.803790 0.829083 0.847158 0.985388 0.800784 0.826646 1.246000 0.883522 1.118108 0.825798 1.022058 1.020326 0.893907 1.257114 
0.827584 1.099374 0.945919 0.866993 1.012774 0.865861 0.897580 0.892307 0.900413 1.068405 0.846520 0.894504 1.182003 1.001755 0.920860 0.833725 1.152240 1.255136 0.892608 0.948249 0.875006 1.197910 0.817190 0.865020 0.806954 
1.000787 0.808869 0.891364 0.958755 1.026617 1.235078 0.907247 1.080942 1.126358 0.812985 0.885892 0.818151 0.872784 1.008648 1.063145 1.196268 0.987344 1.252992 1.062613 1.104621 0.847740 1.027667 0.854938 0.914073 1.084089 0.821242 1.151393 0.926319 0.950987 1.138719 0.879362 0.946604 1.024430 
0.905688 0.860787 0.919198 1.055620 0.808905 0.966673 0.967777 1.236061 0.825560 0.920353 1.138483 0.880100 1.130566 1.155652 0.963766 0.925062 0.938770 1.121181 1.062760 1.219445 1.017926 0.878290 0.919529 1.182431 1.211812 
1.109953 0.836504 0.875002 1.206450 0.874080 1.001936 0.815077 0.908872 0.828972 1.040928 1.223574 1.243951 0.883044 0.849208 0.916750 1.205342 1.051509 
1.147445 0.827946 0.867716 1.015912 0.947319 0.862981 0.837120 0.994148 0.820765 1.209498 0.851915 1.197067 0.977275 0.797947 0.879473 0.846337 1.176623 1.111103 1.135691 1.153513 1.038722 0.924025 1.102119 1.016627 1.212360 0.912299 
0.929210 0.854089 1.144344 1.190553 1.152675 1.087377 1.113831 1.015910 0.916194 1.194179 0.916865 1.251989 0.863324 0.937680 0.819157 1.137984 0.932566 1.082586 0.851926 0.927403 1.212353 0.794657 1.203721 1.154777 1.105620 1.101647 0.818243 1.080762 0.937547 1.202490 1.044132 0.797755 1.103712 
0.794421 0.887424 0.894385 0.874204 1.238062 1.055719 0.860184 1.127455 0.966800 1.248053 0.820020 1.258418 0.806083 0.826472 0.798571 0.911363 1.250387 0.799086 0.987946 0.846281 0.927259 0.811288 0.938217 1.068866 1.205717 1.169030 0.845522 0.858440 0.972078 0.913319 0.923506 0.930846 1.053875 0.822921 0.964204 0.983852 1.237027 1.110609 1.250269 0.845795 0.916864 1.091737 0.971090 
0.816446 0.859179 1.083824 0.873899 1.003714 1.089954 1.086027 1.248443 0.838179 1.018073 0.932886 1.217816 0.847797 1.104822 0.908447 1.209244 0.911718 1.037845 0.826151 0.833606 1.190407 0.796520 1.059365 0.860357 1.108875 1.230442 
0.915520 1.161724 1.161918 0.965686 1.151221 1.047799 0.935652 0.823058 0.977259 0.833775 0.834906 0.972292 0.870562 1.017396 0.796742 1.211515 1.076679 0.857383 1.117310 0.822963 0.818606 1.162032 1.098033 1.119250 1.157358 0.967628 0.992120 0.954304 1.032970 1.232187 1.030031 1.214500 
0.950081 1.065597 0.816030 1.029861 1.170481 0.986785 1.057783 1.061037 1.207447 0.851918 1.003358 1.016701 1.027468 0.996670 1.125245 1.001366 1.057031 0.834900 0.976872 0.869176 1.007611 0.892247 0.873011 1.116079 1.102874 0.838152 1.005159 1.007786 0.949240 0.955709 1.178324 0.899735 
1.040681 1.098645 1.003684 0.954784 1.201150 0.838120 1.206916 0.967142 1.239688 0.959845 0.864342 0.864950 1.155086 1.226107 1.004869 1.199663 0.872998 0.817480 0.895014 0.818002 1.146646 0.901523 0.929908 0.948572 0.878080 1.201518 1.131204 0.887286 
0.994777 0.917200 1.170360 1.138802 0.865722 1.198239 0.860897 0.853132 1.216529 0.880616 1.199478 0.857027 0.957454 1.105934 0.898487 1.147451 1.018781 0.895122 0.951357 1.034100 0.939091 0.800787 1.118751 1.106272 1.154097 1.027510 1.123005 0.916679 0.958341 0.934596 1.084728 1.071628 0.973446 0.876315 1.006448 1.181609 0.813649 
0.823127 1.071433 0.843640 0.903838 0.858080 1.212587 0.815493 1.236902 1.241817 0.962042 1.124619 1.190443 0.944242 0.910345 0.803334 0.896399 0.937779 1.132705 0.844246 0.907710 1.038056 1.236257 1.151638 1.087218 0.860100 0.956041 0.864409 1.050680 0.920547 1.120827 0.847363 0.961734 0.897565 0.986750 1.092179 
0.894365 0.809260 1.201292 1.237545 0.905997 0.908898 0.798174 1.140798 1.252029 1.130713 0.947677 0.850044 0.804350 0.801076 0.977318 0.882913 1.019062 1.115458 
0.994974 0.892282 1.011660 0.943646 0.808879 1.123041 1.129800 0.867890 1.179587 1.219146 1.146317 0.964238 0.795772 0.905298 0.814629 0.970463 0.991284 0.901783 0.823061 1.095717 0.959445 
0.879774 1.219063 1.026587 0.897419 1.240315 1.202448 1.090459 0.872539 1.253065 0.809151 0.958537 0.925850 0.968392 1.152454 1.029017 0.841005 1.076431 1.076965 0.840487 0.808944 0.960894 0.810137 1.211067 0.892220 1.099876 0.817405 1.014623 0.928658 0.837469 1.187951 1.079745 1.189085 0.894291 0.815200 0.947676 0.921289 0.917344 1.190389 0.983162 0.815839 0.924011 1.047146 0.843606 0.841413 
0.845480 1.181470 0.845164 1.058361 1.022107 1.080171 0.802501 0.855841 0.861097 1.103324 0.869337 1.216558 0.939366 0.913154 0.824155 1.115295 0.834246 0.824555 0.835785 1.211617 1.002544 0.883294 
