97.062949 93.974221 69.659514 74.332339 82.857188 85.530296 70.797170 71.538049 95.850000 90.133420 85.874330 77.804918 69.968204 87.668348 85.307896 74.498331 91.826490 96.006339 89.070973 75.696947 80.016645 84.125184 77.895893 69.925613 79.768010 75.617097 95.881524 94.783089 85.773763 94.312887 86.723194 
92.888987 96.780783 70.763662 73.867946 83.888265 83.083213 73.406396 72.230906 70.758351 68.266153 97.690054 71.337857 70.178123 83.461559 82.641200 89.699121 85.464028 73.558771 75.898075 78.961680 89.939021 68.864961 68.199017 81.223300 82.395744 82.457630 
92.591017 87.130989 90.704700 71.503771 82.078120 70.636168 72.784752 87.581856 70.693576 77.675193 91.107584 79.001112 68.773971 94.779732 81.088711 85.230937 88.371925 74.825347 84.013474 68.841086 74.627650 79.448862 83.779075 79.230426 
73.699856 70.653460 82.136844 71.643972 95.983686 70.477846 98.913888 90.949540 79.198030 92.908694 101.898525 70.275621 76.241339 97.941765 82.490132 101.764292 87.314698 80.979190 92.865360 85.464563 75.268114 68.780277 69.995436 79.848008 83.675747 89.358809 90.806384 89.287824 95.629216 
71.149768 68.521709 68.262489 71.980036 81.426900 97.996676 90.488198 70.207636 69.659413 92.166045 70.494156 95.143833 97.642418 81.256201 68.729726 75.716121 72.233896 81.996035 100.595412 88.185916 87.952858 78.708567 75.690297 97.798629 69.532762 70.839203 71.113636 100.517448 97.174234 89.469628 68.153566 89.219193 
89.678373 87.104381 94.977575 96.052727 77.605599 90.630401 72.220423 97.654634 88.285879 71.011663 96.411501 82.585556 100.817342 101.752499 84.327598 74.268725 73.256325 80.982446 94.930185 75.568450 76.160635 94.728028 84.926773 93.281607 77.420652 72.467545 77.836959 93.976837 86.984451 74.280264 90.731545 71.904373 81.910414 80.438281 78.969731 81.310226 75.070558 78.898911 
93.249910 86.463165 100.360078 68.329072 72.679603 97.897517 95.781680 70.711435 68.744028 72.427291 76.915344 75.719934 99.235934 71.555792 97.310435 68.529816 93.885268 91.488123 75.756106 93.891437 87.111587 71.249879 78.986031 
97.732040 98.684196 89.466242 68.262124 99.407668 76.789395 79.400070 93.912622 84.063114 70.868515 100.056220 92.457327 86.052579 94.660717 71.807481 82.010554 81.433670 85.015333 88.927418 80.865727 95.644818 68.522330 87.616823 71.839163 80.521466 85.915460 100.703935 77.491682 82.039302 73.765634 
70.954154 86.908647 72.760162 98.342763 78.605441 77.575761 92.159415 85.355398 70.001112 93.751801 72.133973 95.876184 79.614117 70.313380 92.916674 98.610915 73.050742 71.819386 97.243424 89.322854 72.443074 99.828251 86.971717 77.535780 86.601765 74.539215 80.557675 69.335994 70.585122 76.341184 97.108425 68.075771 69.020741 80.979325 
70.954154 80.921279 98.248074 73.700803 84.088959 94.876639 85.219903 94.066405 89.606416 77.894162 71.479022 70.704800 98.386797 90.491652 68.983237 96.948702 87.771288 90.472268 70.585122 79.730726 86.842423 77.260194 101.871535 87.305036 75.463194 75.803568 93.991370 76.033442 88.300236 75.776682 70.407585 
70.954154 97.538904 101.941045 96.598237 82.351660 93.206755 68.525027 78.794556 101.298455 78.981678 93.412532 89.230459 89.105634 68.267796 96.053773 89.915079 69.540372 78.032258 70.585122 69.456798 78.866457 77.635799 85.064239 
70.681821 80.720206 70.344780 73.769223 92.322860 93.358655 69.368399 84.867639 69.588139 88.583071 99.198672 80.615219 82.150899 72.755582 71.034383 83.545943 76.511136 101.623949 70.585122 95.701572 78.877658 82.976765 95.413681 92.832136 81.088707 90.611381 79.833041 91.713967 92.324345 
75.566358 90.909815 91.894916 98.528806 96.277035 73.256596 70.585122 88.936208 68.881901 73.850440 70.857465 89.658515 68.964365 91.823444 76.573393 82.718356 101.278778 95.526829 99.864633 83.284017 75.489533 88.290639 81.629435 75.649464 77.159229 
76.455779 98.703803 89.284200 78.183810 80.724852 83.215153 70.622708 68.634973 69.040801 87.035785 70.857465 92.826900 92.669481 88.119439 99.602078 77.737942 89.215792 68.595322 84.048275 98.837661 75.524158 89.272183 69.207004 82.022201 71.920025 84.929430 78.403171 99.512572 76.628519 73.461667 90.088525 68.112566 88.212305 82.507091 90.669850 88.177679 95.088999 75.754439 86.383387 73.820947 93.262101 97.677519 78.061179 
97.405437 83.521657 93.850854 95.057517 94.454992 81.941196 91.466849 70.394922 68.724251 79.933620 70.857465 100.078504 91.333350 74.615625 73.480787 92.452018 89.931851 77.474778 101.076495 86.222727 
98.099324 72.292915 97.575155 73.488925 71.495766 72.103565 85.284009 80.740893 98.155906 72.738758 72.684174 83.448255 77.869140 81.143927 79.083993 99.527132 69.713163 74.802628 72.420292 81.124594 98.891380 95.066814 93.709153 91.714944 79.552699 84.387867 
87.530639 74.738757 90.581043 92.547613 100.745249 72.103565 70.842218 86.217473 68.402187 89.603652 75.063408 97.083660 90.034122 84.067659 85.560568 83.409347 72.245352 69.082880 79.699218 98.154178 75.733563 81.348439 75.843793 75.996360 83.326710 88.659737 79.012638 92.610825 
95.884019 96.202454 101.291226 93.437401 80.363638 72.103565 80.947582 89.791472 69.480717 77.557759 82.973522 92.669212 69.770817 98.926766 99.682946 75.593873 72.245352 98.477297 77.390473 79.509951 93.641811 85.780317 71.290119 86.044158 
80.424807 72.171847 98.368811 87.913487 91.132408 72.103565 72.973238 83.586357 90.773013 72.660451 86.899266 68.631392 87.689338 81.515474 101.876982 76.413637 75.738990 97.278369 69.368154 101.238143 
70.052002 90.650371 73.041596 75.263278 69.043103 71.895866 101.072481 86.701184 93.174687 72.610755 77.342386 97.148436 97.520054 72.483952 76.608135 100.057262 69.323219 81.314330 69.455951 73.244425 71.759575 93.295054 99.528087 98.103705 
87.047077 69.793490 69.198132 73.366539 101.086697 71.440839 72.304540 75.838647 81.196935 77.999624 85.567063 72.538267 77.268949 99.248959 79.216943 95.286553 75.437208 87.111051 90.992975 89.384682 80.782414 84.993664 76.818177 87.994261 80.874732 69.044784 86.558675 
85.139640 79.555418 69.062917 96.462232 93.585566 71.563195 85.982253 80.614195 100.769404 71.313034 85.489488 86.029385 80.708676 98.672210 80.592821 74.927622 83.174912 76.354881 76.975088 85.394735 77.289573 69.308531 72.775286 71.159643 87.093598 85.529435 81.266042 81.509466 
83.068737 71.270271 98.421903 100.801953 73.002146 72.456999 99.923219 82.591635 82.071901 73.051040 85.078572 98.262209 101.193919 90.357034 89.262369 84.684552 71.997165 68.642652 86.106071 
73.256043 77.504844 68.168894 101.302439 73.002146 74.696828 101.297229 89.173983 80.945636 86.419088 76.960816 87.008935 88.082751 78.367648 84.198040 98.412591 94.840990 72.228951 82.561803 98.933495 89.762033 100.226909 72.105393 68.604040 
72.004273 74.285552 97.800035 86.691130 73.411634 84.238636 78.187921 93.789040 72.538826 86.956674 68.478849 89.355134 68.679196 74.951723 77.125377 76.439650 86.980440 88.013893 101.383865 
70.268241 70.944188 101.137265 72.679456 97.843255 95.229786 81.421647 92.210968 94.705426 86.707478 68.941316 101.467493 98.055053 94.193229 74.559119 89.060118 84.599405 78.224952 78.566432 81.876155 71.889981 75.573601 85.960661 86.160139 91.150468 77.201037 91.526897 80.498398 86.924590 99.119591 
72.275869 88.131561 101.377397 88.447831 93.816730 87.077843 73.860420 99.543764 94.441794 100.221934 72.847839 70.013778 96.238995 72.469381 95.004920 79.416878 86.983078 101.790186 73.241464 92.266522 91.546285 68.497635 75.602358 73.312983 71.865848 74.731903 82.916060 71.262978 81.578951 68.988149 73.021161 69.337458 68.592419 69.065081 81.283582 
72.275869 93.246784 81.169155 78.402902 71.053108 101.312575 92.082814 90.833845 91.504204 97.319347 68.746865 71.961645 82.267529 100.899677 76.832938 83.616109 73.419566 90.106380 96.738523 71.454596 80.873694 72.715271 81.483636 90.911776 93.886118 72.882522 85.158819 75.645621 96.992002 90.559362 
70.865807 76.055058 87.544584 68.575646 71.328401 70.479453 79.805318 99.636452 100.420645 68.054731 94.150896 99.257756 78.114137 83.061364 76.706479 99.043193 69.246788 95.709753 71.912859 74.312441 98.043271 72.806061 68.003179 
70.865807 73.061998 74.546897 69.385084 69.867662 101.547201 75.865470 79.672065 97.715690 98.949932 77.190480 71.255962 72.383901 73.969576 69.302535 82.453885 88.085005 79.582212 78.522982 73.755298 77.847580 96.269903 84.863423 99.839302 87.233615 84.620197 83.567642 79.104862 
70.929976 97.625842 86.211914 74.766554 71.525528 95.420211 79.507794 70.192763 80.757164 99.996388 85.046453 84.484126 97.842502 82.621951 90.009014 82.356083 79.502200 68.408058 89.509857 75.462802 93.358754 96.870055 72.596787 86.889886 82.211739 
70.737043 68.696967 70.896941 83.442832 98.534589 94.452921 80.852376 73.818585 69.517172 95.059201 84.430082 73.931396 82.435807 71.120812 82.372768 79.388128 81.011955 83.111957 77.057025 75.207711 88.020833 70.057181 93.621208 90.395332 93.204587 91.833923 78.505364 82.965125 78.221766 98.836970 
70.770959 71.120812 86.277365 68.456940 73.456651 86.612846 99.206144 68.851690 94.168245 97.011525 84.839666 
80.383387 72.655618 94.964115 94.778276 71.170161 71.863466 89.872796 70.145639 87.609569 82.622139 94.847454 88.616585 70.589019 72.168066 81.249566 93.653104 
72.773653 74.540640 72.488400 94.327402 72.392722 73.469032 70.993785 94.056454 94.671472 96.721989 90.036330 89.954958 69.974609 100.432030 86.131968 96.430049 80.943399 97.370012 80.380599 80.918681 
72.426050 84.760480 71.972705 79.667206 77.867869 97.628006 70.957129 92.203403 86.815700 68.120861 70.500379 92.540902 80.372854 87.154349 100.537776 100.439769 73.103432 69.909649 83.569217 88.249403 97.346697 81.224888 73.879270 83.958502 98.392094 
101.673109 73.280020 71.606981 82.983780 93.471139 83.256004 84.090912 88.595321 70.278605 68.317696 76.709291 92.119090 99.961716 100.520993 76.260817 79.889726 94.386396 73.246174 78.671818 100.749527 70.084070 75.786174 93.718201 98.170168 79.333633 90.650494 81.932729 75.899715 92.200989 97.543160 85.132196 76.929163 82.253990 71.841546 91.529985 
101.738259 77.226738 71.620309 78.793674 100.086999 89.982093 96.716492 93.454414 73.657609 77.079680 97.308393 79.890426 98.801928 81.113136 79.589870 72.445188 89.660970 78.290382 86.791170 91.867728 82.833562 85.418362 74.251133 95.294566 88.123801 79.243164 93.873363 70.153534 77.918053 85.500767 98.388024 69.201618 92.244304 98.101445 99.520874 74.252380 88.666821 73.181773 
72.310896 75.231339 74.573537 98.893242 96.300857 76.279871 80.539145 74.564620 73.988244 77.577355 93.208378 69.048164 69.613115 87.107049 99.729159 97.549520 76.515641 78.017466 101.978940 86.379286 70.869847 81.595145 81.862256 93.699604 
72.987765 87.688446 80.170696 75.500871 81.516123 100.671544 71.559928 86.351403 74.126235 80.897520 77.037974 82.475504 68.045166 82.053372 78.894799 97.944389 90.011255 91.725311 100.302181 96.337606 90.156476 
75.578283 72.228629 98.397800 71.257445 75.776488 84.629801 80.292892 77.351233 75.005340 84.376274 76.326434 69.442838 85.023698 82.167953 96.946049 86.375769 80.952179 74.153687 100.114390 77.256088 82.494862 90.826544 100.744506 73.526120 91.974759 70.040732 97.179250 
73.281592 70.685664 89.049659 90.495281 86.933638 74.101818 91.728521 85.642667 75.341174 86.301831 71.348336 72.608032 70.171087 91.692565 98.886664 74.472416 88.207545 78.479383 72.408804 68.357394 69.632189 91.825055 99.492424 80.399788 96.639864 74.035697 88.122574 81.657245 
77.905296 72.897243 77.444560 97.642813 92.587149 86.935920 77.938443 100.184627 97.643665 85.854820 72.971112 72.423019 72.190009 80.529852 94.117463 80.255259 93.163845 83.730587 101.703860 73.439407 78.283858 80.577469 78.415961 92.278973 85.024187 92.319896 
71.277445 98.177893 90.369376 98.622402 71.890606 98.255894 68.746932 84.832443 96.490223 82.260311 70.793091 72.226120 72.190009 96.530840 73.077705 88.499021 89.507491 95.068228 91.518402 77.266131 74.412483 
69.374797 81.213015 83.291898 93.908628 85.329322 96.391731 81.745280 71.182757 70.288273 97.774902 72.632631 71.972416 85.533698 98.787348 74.730286 95.713531 94.315400 75.802740 85.302029 99.108257 97.820249 70.440412 76.762053 91.712786 80.037008 87.043207 73.952515 84.233453 82.699192 81.713488 
93.783981 83.155014 92.425240 94.446224 73.198432 79.931827 101.789027 95.923678 72.323946 83.664501 85.496124 76.563537 94.154287 100.461976 73.642602 71.081030 95.214065 97.452866 86.059547 85.940806 68.611195 86.258511 80.987761 92.237284 97.073811 77.354986 83.571490 98.522952 91.259747 69.137887 85.266037 81.412930 
99.069967 70.107519 72.036405 100.466669 73.189815 86.479665 89.786235 81.357868 72.323946 100.148554 71.562223 81.242241 86.107644 97.111412 69.859932 94.467777 77.196649 86.997285 94.132178 91.565543 90.054110 98.820411 92.505217 82.116126 96.409404 
96.299456 86.314527 99.524111 100.502597 78.799229 97.115508 69.661764 99.907706 72.323946 85.028899 89.994879 74.674494 79.185263 88.454780 72.986241 77.569334 78.060707 85.311167 82.427596 82.410920 95.020520 92.980267 83.352552 76.862740 80.437223 80.911304 
77.522210 77.511015 81.377045 100.842239 71.489588 69.440720 75.098410 100.848073 73.093718 79.277479 89.079105 95.431139 77.833580 90.093615 73.306623 84.314860 83.055974 89.790264 84.289842 88.557695 79.320585 81.556216 78.899808 
77.129911 88.734180 76.433586 93.734273 88.311166 73.679768 69.214680 76.337456 73.889486 99.489905 77.465366 83.008945 89.969184 75.231190 97.347127 100.573371 86.850317 87.048136 72.934383 87.502724 83.369761 70.437982 94.291618 89.373301 87.726629 
81.173261 87.192981 99.807719 79.869345 93.683892 79.014343 95.380299 94.072624 73.889486 71.257297 78.096801 99.378278 83.776650 81.782889 68.016560 73.289682 98.475156 74.171180 
86.508581 86.721522 75.759110 85.152446 74.416698 68.661884 100.664018 75.400310 73.101303 86.320866 76.399444 98.881301 87.864769 81.844079 68.844852 83.245163 79.395121 
99.459641 81.354794 75.233768 100.010058 74.601645 97.620841 94.140374 84.018940 71.627209 99.690989 99.198084 75.344933 93.719325 90.213531 100.438040 74.486602 89.031885 
69.198363 75.199453 85.128304 87.644975 87.197882 79.656592 79.685524 78.245295 71.365240 96.368292 84.107844 101.958731 81.482648 100.265393 90.032824 78.871432 75.511135 86.415260 89.394060 91.059796 
97.564441 74.549453 81.846238 72.154262 83.797978 93.802557 68.769230 98.105230 75.620368 75.547579 79.344030 92.905611 90.353766 76.093766 91.321310 69.109824 
85.860730 89.249163 87.099005 72.266025 77.500875 80.086966 80.233531 89.514749 68.301945 89.168489 87.648554 77.275811 86.578194 75.056856 74.860382 88.699951 81.250354 84.791250 
75.155508 69.417402 69.074095 72.515807 85.595792 80.342618 75.114154 95.391272 75.490888 
88.430640 99.108147 79.855776 72.515807 71.750129 91.986747 74.111599 101.868526 84.064232 86.377071 84.507734 83.872019 90.707446 92.079076 84.930101 
80.674767 76.045473 90.418306 71.903409 82.327332 86.435931 74.409909 97.430496 101.757344 71.241930 101.062867 69.399642 89.755989 87.427841 99.173765 80.645180 92.129938 86.365529 
99.137314 75.549190 91.953566 81.030487 79.022828 95.567746 99.805482 72.865169 73.381880 84.861267 80.905181 82.217621 93.342301 
99.192466 75.746078 101.237510 101.465093 73.381880 92.746304 72.436442 87.290935 78.024724 89.974568 77.238220 93.425488 
97.102065 74.685620 83.404509 98.037356 71.306153 68.429921 100.169038 78.618337 80.106226 81.075408 85.352239 93.905250 84.658478 87.450779 
97.324633 88.905064 99.234814 88.853059 99.050631 74.444016 86.018981 79.414650 75.023661 82.483023 94.461284 72.618113 84.437205 83.294628 82.271205 95.020924 
77.371175 99.816871 69.896774 73.630611 101.949507 68.533289 101.188032 84.374419 77.891008 91.011529 83.972655 93.816995 85.691461 94.796954 
75.326361 69.188503 80.747430 98.499324 88.317154 71.728995 79.155526 78.161217 90.557898 96.542346 77.486474 85.749682 78.905949 100.101817 77.050595 73.737290 90.905095 73.893980 80.386313 
79.946297 76.395165 80.738984 83.690054 81.250656 73.168712 85.345696 85.439266 87.051330 95.277343 95.768217 82.127167 68.489202 70.513816 84.134592 91.729247 
69.378543 97.991599 98.185751 93.412725 81.449516 89.398105 73.984133 82.142400 69.458151 90.890280 
69.613107 96.625158 69.045639 79.656192 90.037696 81.291115 71.024726 90.590730 100.957311 74.164708 88.790195 72.301729 90.057051 94.499557 71.182925 85.858855 81.654621 86.670068 
71.747577 100.267645 72.163441 84.067507 101.572598 71.624430 75.927863 78.440016 69.939355 77.163245 94.766140 69.701061 99.115777 97.468663 80.390308 84.221639 73.937281 78.485040 68.471735 78.007830 83.750475 
72.569262 76.685223 94.842619 87.544160 80.536784 91.912340 68.200593 76.696761 80.058465 78.611477 83.675280 71.091482 95.975412 72.830744 95.791735 85.500678 99.581315 95.222794 75.514265 79.718320 100.430961 70.586283 75.982049 72.991502 85.116339 93.687017 80.178724 98.444615 96.584401 78.014728 75.759452 72.787795 
72.125284 77.135473 72.962707 84.256406 76.405559 85.372474 80.734285 72.374319 71.297064 82.951926 101.948192 77.717499 86.046216 83.945738 83.014365 98.687238 70.069938 101.070045 73.845072 90.671245 89.079547 69.038224 84.006693 73.002401 90.410682 95.501167 75.553467 99.044097 99.981584 68.321952 75.290480 75.051643 88.007800 93.457239 80.315621 
72.108021 89.438707 86.236777 99.113632 77.720724 92.738282 93.361189 74.663338 72.668068 85.088440 98.738367 88.136274 75.837141 94.553691 70.599898 71.353573 85.835302 101.133898 94.450035 99.785086 83.510659 76.304735 94.831141 80.353515 98.845769 97.071526 69.573801 76.996790 72.010394 90.019421 84.239813 96.142019 82.899103 
80.453168 71.858016 86.655224 77.147261 70.879356 69.332775 87.053323 71.519835 83.868430 77.983125 97.389600 70.588054 100.648139 94.441790 86.992789 75.407726 72.520154 74.778625 71.943997 76.963081 70.666820 80.239888 79.195740 97.461397 89.117733 70.184017 77.264934 89.933736 73.973886 79.425311 
99.731055 76.394902 98.186469 84.709582 71.969819 87.868535 73.982608 82.773527 73.546042 91.568651 88.877704 94.696183 77.449072 95.385898 76.206308 78.951088 68.695146 88.259037 85.367944 85.616763 76.779236 69.845644 93.418437 94.288512 
74.880826 82.422642 84.412359 92.064825 71.460148 95.223592 83.749465 72.230930 75.787536 87.329335 101.812440 92.457316 99.686247 98.319824 68.284422 99.669684 78.799233 74.506589 92.086502 84.225987 93.385685 93.943897 73.448460 
79.033349 73.306479 83.041847 71.973141 87.413717 91.618247 69.933519 92.639955 80.432859 101.010697 99.050088 93.002047 81.701698 97.974570 77.492189 99.657230 68.198988 86.597284 75.646229 90.845861 93.658802 68.356656 83.262179 71.123852 89.677066 78.840054 94.637933 83.668903 73.292416 80.061316 72.120434 84.080305 75.782607 
96.503718 72.166541 94.369172 72.082539 79.175911 74.109956 93.550693 71.809188 74.903700 83.225542 81.014770 71.503306 100.394283 100.196260 78.049619 78.212480 74.444603 69.333177 95.437580 92.579304 81.546447 86.720102 91.956360 95.780259 86.677852 
72.313027 85.975213 69.850105 71.997489 96.978751 78.231358 89.060058 85.779304 100.415424 73.345115 77.329312 80.921656 86.963029 82.457740 93.741673 70.565567 93.532282 101.801469 71.309229 68.364743 100.504095 71.073759 95.136020 
81.209857 74.846844 95.211693 71.997489 88.121746 74.523346 97.993879 93.295910 68.070719 82.153018 99.183715 75.578069 88.004438 86.670783 68.008945 87.130571 90.146175 90.779953 71.287759 73.122987 96.492834 71.894479 100.777680 95.998887 74.874602 
86.320367 70.755657 86.797398 88.942768 91.526373 70.186473 70.893561 83.118270 71.818685 95.511735 95.720230 91.556511 76.566422 68.956573 79.971947 82.487689 68.340476 93.163229 76.122119 
86.610715 72.017554 80.972825 80.475398 79.707520 68.297200 88.854350 99.690364 88.295580 75.848878 68.059522 72.305140 94.012405 99.377615 77.561041 86.416230 69.474020 86.646583 70.578411 94.987768 89.049935 72.580568 97.462087 89.813727 69.173719 95.204443 
100.250078 72.109841 89.466335 68.927477 68.279650 72.478281 89.264022 101.387014 75.676320 93.283707 94.248414 72.450074 97.700432 74.468122 87.279629 90.942004 69.613540 71.975886 76.464924 69.968282 76.926126 68.270534 85.134758 91.028738 73.198156 87.375754 93.851957 72.013608 86.399114 100.409878 93.521895 86.411482 101.671643 69.051904 74.571605 
80.658935 84.833519 83.594204 70.630929 75.772975 71.377526 86.126201 80.222361 94.878399 85.356540 91.055355 83.468207 75.240484 80.948403 99.984971 86.701057 87.806630 71.887414 69.651647 82.604949 89.645414 81.946883 71.409608 85.161494 84.122645 74.238653 77.597628 101.937029 81.792121 73.010793 92.344142 82.450209 96.672884 73.818956 80.014594 86.678222 74.416349 83.968830 99.900162 68.541171 78.161510 84.672111 69.095450 70.514060 86.693538 68.168437 
78.327836 77.979224 97.947779 100.777727 97.068371 71.179364 80.699113 73.483388 79.119092 85.440021 81.836626 88.097118 76.101641 75.524403 72.606820 72.995535 88.007326 71.887414 91.206137 68.582804 70.459713 81.274952 83.554503 95.355146 72.301849 
87.648416 78.537750 98.508857 79.568109 79.959076 101.341481 75.029334 81.158479 71.766237 71.093554 97.972571 101.549129 81.082061 76.121841 97.686774 74.761838 97.070160 71.310893 74.421937 95.768368 73.178178 76.352892 70.437158 84.015296 86.031334 80.378646 81.127822 86.775250 75.960016 74.808324 79.138348 74.357147 95.177012 
92.761125 90.219183 93.750307 99.145880 69.439034 97.497440 80.431918 79.438188 100.739186 72.121846 71.338351 68.954474 98.431076 85.304392 96.892900 70.363084 86.595668 71.310893 69.575196 84.207936 82.463009 68.418599 72.952228 85.284139 84.866244 
98.615545 71.733261 100.286154 98.870349 96.656793 87.188837 85.297436 90.754808 82.132392 82.550074 81.747469 71.310893 88.517805 69.147657 90.735540 90.132763 72.019739 
90.861540 71.779479 68.019520 94.170260 88.336645 93.635199 80.664692 76.037359 88.654702 81.874996 69.626656 71.835684 89.367211 94.883553 73.536162 85.272962 76.963513 100.197524 75.868618 78.971162 81.089819 101.105625 89.623723 92.543514 100.248867 100.120847 
79.115934 71.452136 100.479657 93.023381 79.364384 92.912659 79.008021 95.167794 70.492960 76.603346 72.391188 71.835684 80.088860 86.358357 73.408174 75.467722 80.130638 78.017956 69.720365 96.470096 88.745557 101.599115 98.735034 81.181031 76.359153 85.179014 94.266766 97.709445 92.230433 76.329095 78.809640 76.760025 79.740134 
69.775126 72.075346 83.697711 77.292658 87.146192 100.873238 70.898448 96.872351 82.708019 98.803309 71.544657 71.835684 83.742072 96.576412 77.329252 90.270417 94.262402 73.583268 93.802452 81.830328 84.854027 86.823312 94.908617 98.546981 84.676287 79.575823 85.775544 94.291149 68.913966 88.191362 87.005294 89.300584 79.517469 70.697758 96.100608 85.472770 81.901837 89.892868 91.698435 74.771389 85.041185 75.778867 97.096901 
95.418447 72.207658 75.736432 75.527220 99.532364 98.385498 93.787708 75.701395 72.146429 68.871146 101.370359 71.835684 95.109051 95.375738 69.320684 100.147099 92.638845 88.063901 96.521909 75.197460 83.499294 94.748870 84.128333 75.210936 95.915995 86.877899 
93.501919 97.314454 70.383593 88.740253 98.753875 93.014735 82.158677 82.216251 94.280924 89.504726 98.950314 69.125993 94.613713 79.218856 76.407026 100.097773 84.176247 71.432593 81.935577 72.212922 101.793275 79.939641 88.010899 101.340570 92.369463 95.882721 80.810724 70.616920 86.633043 71.207955 70.357574 85.759506 
79.497465 78.311104 100.006722 76.062537 87.647535 73.305593 77.044709 78.213139 71.265976 94.278458 80.360594 89.662819 76.401115 88.211283 98.777383 76.415620 98.335144 91.364502 90.828376 71.476802 71.140153 89.837800 75.125011 78.486427 94.668241 77.747255 81.581041 80.065885 87.511375 84.440952 78.221482 85.527488 
68.702038 81.476718 75.414980 91.543515 83.318890 68.731884 71.653046 92.647082 71.265976 101.514710 71.599312 71.052723 79.435002 99.519349 70.214516 69.745286 84.575866 101.804922 93.634808 71.476802 77.509518 89.414348 76.259647 80.459749 88.428885 92.058620 83.799588 76.640780 
82.923503 86.454357 87.330261 93.513737 74.668924 73.090425 68.980319 80.147306 71.349250 68.841694 98.434983 85.072216 95.011699 86.526193 97.013009 89.648828 72.660662 98.112431 83.956082 68.248767 79.431563 84.824741 77.507442 83.137299 75.199190 95.301958 74.212298 93.520218 80.263922 87.288786 89.720162 100.580076 99.065131 71.491644 83.099284 69.922173 93.353484 
89.920533 81.669507 80.331432 98.259086 84.371899 98.908453 71.457987 90.321718 70.531951 72.795047 69.091040 98.055649 97.186532 72.140220 90.961770 94.512799 73.427041 89.072562 84.843542 76.499203 100.558775 86.749605 84.359020 86.129600 82.567776 82.959024 84.393537 76.196472 95.686145 100.198599 68.465026 93.308137 87.543880 100.448165 79.663060 
69.881204 83.972084 68.248100 98.007392 90.664390 87.344686 70.571116 76.581771 70.531951 92.376418 98.842638 93.947214 74.642545 72.727535 84.868333 91.956505 98.619235 86.835410 
80.150608 96.523553 98.252976 72.096883 96.346805 97.848945 90.879665 98.861937 70.249687 81.348755 83.620979 91.082130 74.205271 77.299163 82.254696 89.037821 87.641525 89.218244 77.831254 87.180050 80.297236 
78.949054 85.442034 86.096808 69.516073 81.522624 100.870421 86.179046 70.288385 71.071356 83.365361 85.270529 76.813979 88.560616 95.284826 85.187376 86.101906 83.014934 88.744185 101.051662 73.223293 79.803352 95.338501 84.708683 86.868739 73.925821 76.954003 87.224641 89.675535 93.704030 100.001634 77.606555 99.784461 82.329015 96.699257 70.184111 90.894194 90.139882 85.290792 77.467375 93.707051 69.899260 82.714477 101.019941 72.554365 
96.143089 88.832989 85.215352 72.088159 79.626251 97.083090 72.986112 68.350495 93.050958 75.745061 72.260198 71.762380 79.671214 87.643142 89.826542 72.939984 69.343669 101.962873 75.460369 77.968925 83.237135 89.451203 
