31.453112 28.652887 38.434801 37.197186 34.392631 34.893217 39.306392 35.672103 28.259051 32.264379 31.238353 33.095743 36.937754 30.479490 34.984432 34.503102 28.808604 32.366182 30.982349 38.802542 34.212567 32.778083 35.245857 40.803086 32.791661 37.779026 32.212719 29.756928 30.141746 32.992779 30.590277 
30.259859 28.265685 34.886151 39.436478 29.743110 30.180232 37.428585 36.099821 34.489177 33.992755 29.877420 39.071043 35.188243 33.583490 34.563591 29.091484 29.579288 33.578030 36.857325 33.775645 33.938643 36.487479 38.182650 36.251050 32.731774 30.211292 
29.877126 31.866048 31.523849 36.379817 35.522619 40.551369 38.233757 30.761340 38.523137 33.509062 31.349735 32.335612 36.248337 27.956950 36.400382 30.589814 30.466486 32.238010 30.773282 36.512236 37.766965 36.314913 31.506133 30.678832 
37.910753 38.675062 31.658641 35.996296 30.230560 35.732371 29.215720 33.436304 34.094488 32.535343 28.337871 40.000547 36.968146 29.755279 33.214066 28.240940 34.310830 32.617923 32.259287 31.413493 32.291189 39.051250 40.126291 37.198413 34.493843 33.325227 31.586352 29.759365 29.422344 
35.926801 34.466580 34.717647 36.587235 32.457411 31.584300 30.055563 38.865859 40.074115 33.728750 37.761438 32.642154 31.000641 37.274743 38.972609 36.938174 36.800741 34.685455 28.888817 31.384445 29.625724 36.158376 36.674758 29.233071 36.911211 39.979631 33.861898 26.724013 30.274095 34.649934 38.983495 32.553179 
29.595139 33.681962 31.200703 30.019146 37.297400 33.294898 36.397641 31.952290 33.247273 35.944365 29.993062 29.576969 31.111734 27.333038 34.689157 34.342519 36.876441 36.786665 30.366598 31.824277 34.155899 29.847344 30.562363 30.928945 36.080909 37.887014 34.042817 27.822095 30.485542 33.693806 28.406437 34.489658 30.622819 30.302926 33.963507 29.953938 33.147141 35.545716 
32.834536 33.268496 26.641985 40.862569 33.833857 29.956279 28.483101 40.227522 40.812032 36.705824 33.687946 32.912434 28.271592 38.072228 32.136457 36.449314 31.110299 30.742629 31.466428 31.163252 31.399361 38.179268 35.167724 
28.089294 30.242814 32.708645 37.507628 27.377741 36.209143 36.277335 29.906814 36.054521 36.948774 27.086099 30.973850 35.069931 27.874126 38.177549 34.953962 29.804644 30.905312 30.853414 35.208972 29.982268 33.851121 30.061193 39.633338 34.287619 31.179392 27.774741 36.564147 36.835141 33.192455 
38.043483 31.869312 37.154323 28.722473 32.692908 36.732069 30.374593 33.417159 37.879513 31.045715 35.863151 29.592835 35.368315 40.424952 33.394092 29.606123 38.283281 34.546202 27.078476 30.657290 32.824730 31.379734 29.615499 38.200485 31.856331 37.513526 35.714736 34.514061 37.417367 35.740420 28.059800 34.193269 38.363349 34.696973 
38.043483 37.313033 27.057209 32.896252 35.499984 28.931047 35.809084 27.917078 29.240156 38.069855 35.307431 38.550470 26.925613 29.715444 34.729686 29.109687 31.118731 30.078082 37.417367 32.931009 33.536458 31.481843 30.565356 31.675462 35.827353 32.309859 31.397019 37.489556 30.841540 35.270239 36.144090 
38.043483 32.002464 30.237525 31.361437 30.064337 29.483877 38.805690 34.307459 26.811766 34.216218 28.288240 34.404240 30.054603 39.160204 30.401561 29.263972 34.761906 36.703926 37.417367 40.663039 35.982040 37.144868 30.471268 
37.829900 32.444167 35.230310 32.888594 33.789307 27.940089 34.953220 29.580792 35.284331 32.545791 29.419047 35.668590 33.557523 35.171142 35.295904 30.658499 36.210546 29.671737 37.417367 31.246132 33.390854 34.522928 29.966292 27.866244 36.118926 32.994238 34.954645 30.430951 28.055981 
35.992289 28.910877 27.957836 30.333932 29.758831 38.253510 37.417367 31.061028 36.915198 35.885142 38.077483 33.596366 39.676564 29.849875 37.351503 30.393645 28.512710 28.719061 26.728772 32.772049 33.232735 32.447361 32.347514 37.417947 38.266083 
37.868433 29.513783 32.629360 30.851687 32.514055 31.428765 36.967591 38.636464 36.531603 30.636496 38.077483 32.063535 31.038562 32.023112 29.105279 30.774218 28.944074 39.993631 34.285240 27.991938 33.297420 33.187898 33.674295 29.974576 35.811999 33.391099 38.090567 31.581280 34.761399 33.723896 31.577016 37.020814 30.111026 32.165621 29.925066 31.368109 29.570075 36.764699 35.137504 36.624270 33.464648 27.550693 32.457466 
28.808005 34.659873 32.131024 32.348369 32.237635 35.280540 29.261141 36.808156 36.281854 31.948858 38.077483 31.307628 28.142419 36.751299 38.476633 31.972998 30.683223 31.375420 30.205273 32.332024 
31.969020 32.586193 27.671779 34.324565 33.798369 36.490894 31.733448 29.988126 31.088709 32.937068 34.427377 35.906289 33.614426 31.222154 36.979005 31.061589 35.139792 34.947366 37.882445 35.302032 27.660063 30.835993 27.756992 30.706979 32.318714 31.242339 
34.112996 33.462552 32.583328 27.930460 27.071570 36.490894 40.443327 34.656466 36.337748 32.510014 33.939388 31.206205 33.842383 34.605010 34.331177 30.294593 36.634317 37.135751 36.831043 29.035457 32.801854 33.086233 33.656118 34.745242 32.704779 31.901268 32.194900 28.406203 
28.712418 31.108376 28.143479 29.735438 36.423484 36.490894 34.050956 32.223924 37.512423 35.467345 31.013664 32.428896 34.330298 27.086615 27.183853 31.652147 36.634317 30.484207 31.464044 35.990764 30.183559 34.579852 35.039014 33.210795 
35.555536 39.649030 31.069297 33.880576 28.286109 36.490894 33.743410 32.516367 29.239648 37.575944 34.747794 34.473489 30.559993 33.003503 27.033134 32.493888 36.909061 31.552522 38.903300 30.010977 
37.562567 30.148473 35.457664 35.713490 37.754162 36.470101 27.082736 32.411656 31.242310 37.108198 36.647942 27.396122 29.297002 32.731494 34.220032 31.317572 33.851744 32.928765 37.473569 39.444792 35.585350 33.484646 27.471898 28.372876 
34.466093 38.631759 35.044373 32.739605 29.705967 35.941648 38.810635 34.087145 37.168892 36.598425 32.115370 38.278926 35.044446 29.331867 37.950967 30.151297 35.323695 35.251603 32.107813 32.795632 32.679582 33.256036 35.665610 33.895509 34.759923 38.786711 30.545764 
31.381611 32.642965 36.472476 29.287880 31.620800 35.908066 30.706113 35.167880 30.979703 38.390343 33.613266 34.213154 30.355316 30.159751 33.052233 36.277193 34.159823 32.773535 34.384706 32.162814 33.553202 35.290839 38.183737 35.486436 30.654328 31.331905 33.845254 33.904908 
29.534205 34.254096 31.437486 27.896232 36.758323 35.948902 26.715917 30.537172 33.747476 34.026661 34.142915 27.104069 29.478138 30.016593 28.422930 30.699054 33.055382 38.784688 29.985720 
35.473811 31.525493 37.018722 29.405441 36.758323 34.092562 26.678089 33.063262 35.056665 34.258802 36.088721 30.825083 30.327433 31.760938 33.004849 28.863727 31.685927 35.838190 31.120129 31.451492 30.853650 28.539619 35.534925 40.008334 
35.581570 33.260316 27.081222 34.346747 37.654299 35.371876 36.398410 30.200170 34.180208 34.388150 36.017053 32.734752 34.708648 37.626534 35.768486 32.069259 30.212814 30.121514 27.012802 
37.662217 33.443330 29.531643 38.164042 28.848656 30.317197 30.782724 27.871873 28.171816 33.017943 35.207332 28.533748 27.989383 28.918802 39.038725 29.137210 32.713064 32.351062 32.653375 31.530653 39.979838 35.690017 29.746194 32.993838 33.256037 35.604051 28.645838 34.923674 33.916830 27.357762 
37.032308 30.940456 29.882914 30.593575 28.141835 32.833538 33.351721 29.673264 28.675496 28.635296 32.410173 35.403121 32.306718 37.771069 30.040476 36.880596 33.361153 31.032338 37.446738 31.581791 31.578216 40.032702 37.427488 32.484122 40.124766 32.439650 31.674615 38.112907 34.040457 36.024725 33.746591 35.685572 34.360546 37.370995 33.880300 
37.032308 28.151836 32.318388 32.834139 35.013278 28.268904 30.365690 32.632290 31.043422 28.559732 40.868669 38.039225 30.333573 27.739430 37.793914 29.784015 37.010520 30.673238 29.767029 33.115733 36.786877 39.039928 34.323455 32.607943 30.916614 34.774403 34.616758 37.470744 31.037127 29.235487 
36.786493 33.133248 34.631432 35.102792 37.908552 37.207298 36.044081 31.303950 27.179362 37.503936 32.668715 29.811651 31.678043 35.038331 37.296501 29.607485 39.823349 28.025321 32.924129 35.239181 30.456093 32.729155 34.384497 
36.786493 33.541039 33.713510 40.868534 37.223718 28.822367 35.887324 36.803800 28.869252 27.438248 35.657823 38.365176 35.074489 37.393615 36.507614 30.409726 30.140773 37.151968 34.845100 37.143125 31.193896 27.954358 29.532025 30.459785 28.916979 31.005681 30.077985 35.389506 
37.119009 29.210329 35.028009 35.786255 38.104685 27.630310 33.270274 40.581024 32.505127 28.575321 35.807665 31.452199 30.466655 32.620688 33.303901 31.798773 34.769290 35.726790 33.315638 32.455026 30.356827 27.656292 34.794067 32.675539 36.488584 
37.576875 38.681850 37.999726 29.420100 27.041132 29.832927 33.322710 37.276885 38.774532 28.166558 30.948059 34.802792 30.377956 37.954347 35.458126 31.922431 30.619076 30.037399 36.403205 34.872454 33.058938 34.885923 32.877788 33.317354 31.748334 30.371512 33.488890 36.191200 35.073824 29.043000 
37.440347 37.954347 29.286549 37.740227 34.301324 29.164049 31.005825 36.700247 27.830171 30.040971 31.896775 
34.527000 38.407183 29.869329 28.121928 35.526346 34.742301 30.525079 35.414057 30.882756 33.633715 30.615946 33.711723 33.508514 35.201836 31.479538 31.725656 
37.103786 38.604868 36.284501 32.563511 36.504718 32.408446 34.038701 31.124200 29.861129 29.706401 33.165215 29.145983 35.390634 31.386630 32.589574 31.777433 30.349375 32.228409 32.894692 35.164556 
38.328074 35.173031 35.981009 30.835837 34.394054 27.853474 39.415968 28.717486 29.709335 40.463869 33.490557 32.598310 32.735160 35.437576 28.474744 29.830554 36.793188 40.479350 32.002752 32.958217 32.211149 35.042379 34.949893 31.168112 30.675717 
27.930495 33.916058 35.640925 29.827580 29.114524 31.588097 31.897214 34.658908 35.556642 37.696048 36.438360 31.196664 30.011933 29.494840 33.295602 36.369121 28.715238 39.053411 35.932582 27.518928 38.581666 34.328415 32.568896 27.568178 33.311018 32.722613 35.408562 36.121417 31.973426 28.477261 35.263134 32.058261 30.949105 35.097872 30.839947 
26.971075 35.260884 35.324134 31.670751 29.171080 34.162842 27.636048 31.674746 38.280590 36.348518 30.487407 31.910921 30.239124 31.172012 30.387581 35.162145 33.530151 34.423404 30.602415 30.936363 35.797394 32.501815 39.394045 31.860509 29.020402 36.929430 28.926773 38.900259 37.485264 31.846438 29.358210 35.335209 29.788721 27.500158 28.015790 36.203412 34.383199 38.455794 
35.451058 38.204716 37.213940 28.985156 28.188279 32.598731 30.349904 37.624859 37.579386 31.444689 31.546725 35.138112 36.244853 31.642027 27.039726 31.919657 34.211723 36.467725 27.299415 35.390405 33.545225 32.492730 35.934311 29.420094 
35.239188 31.475117 32.689115 35.737646 31.992516 28.576224 39.950730 32.744250 35.648302 34.278164 33.596409 30.341346 37.631118 29.776038 31.369276 29.531530 28.844489 33.377367 26.774384 30.261114 31.990011 
32.110810 35.078614 29.498266 39.469063 33.300138 30.922786 34.295996 32.381407 38.321026 35.601061 35.001402 34.662154 30.852127 31.509821 29.076945 29.910779 34.388780 39.198833 31.167553 36.134607 32.969491 31.348694 31.131151 34.415968 30.030236 34.428973 28.313991 
39.847525 36.601352 34.225589 33.133661 35.260136 35.026792 32.716661 32.732159 36.039903 30.685137 33.961074 35.040621 34.610209 32.032001 26.929899 35.923971 32.586090 32.891735 37.762597 37.305846 38.216611 29.460787 29.362389 30.288298 32.377438 39.029589 34.611347 32.266673 
32.930244 32.947420 31.962715 27.682714 32.900318 29.747181 31.779173 30.382534 29.872399 29.782391 37.377562 39.837826 36.003549 33.100876 28.493344 33.892332 33.170768 29.390275 29.817426 39.664392 38.100429 34.157398 30.807152 28.677647 32.093161 33.568091 
40.508107 30.230103 32.835859 30.830903 39.295981 27.430627 34.186989 31.321439 27.566906 34.625593 39.136849 35.437180 36.003549 31.064290 36.958374 32.815456 33.530630 29.143071 28.460262 38.166291 35.682036 
34.754861 34.229857 33.277996 29.553931 35.716758 31.554030 31.274229 40.441103 36.207816 29.778922 38.445145 34.372796 32.896008 27.742046 32.543887 29.856667 27.800483 32.307620 35.685888 29.600334 30.643144 33.407325 33.542732 29.533828 31.246239 31.121073 33.235452 34.480049 32.723200 33.347047 
32.346557 35.107420 33.650633 28.545677 37.321665 34.606040 30.109679 27.921866 35.801819 33.648485 33.520978 38.028183 28.300841 27.607698 36.193074 40.416810 30.716643 29.335079 32.217986 31.075237 37.583316 29.242002 34.595333 31.527802 31.828129 38.191951 35.787252 31.270861 33.918022 38.455075 33.723240 36.899508 
29.577036 36.185998 39.019195 28.413284 37.534727 34.398057 34.516727 36.614455 35.801819 27.678929 34.128812 31.675921 29.525156 27.466311 40.376128 32.005625 37.670075 35.078445 30.504866 30.643650 31.648207 31.030255 32.318306 32.285258 30.794279 
28.627810 29.394302 28.163377 28.758302 32.125161 29.309075 34.854809 29.192978 35.801819 35.807460 31.066572 33.142982 34.605344 33.998137 36.606917 34.274985 35.957283 29.477553 34.575212 34.160009 30.837712 28.964291 29.469753 37.459944 33.508522 31.645455 
35.925345 35.548279 34.057127 27.618893 39.774494 37.926437 36.817692 26.839199 36.553200 31.268630 32.376207 27.394316 34.670682 31.055663 37.176836 31.868852 34.795160 30.241167 29.331175 30.307933 32.957863 34.437927 37.263817 
36.374278 31.178854 33.605925 32.688364 32.338512 38.315468 35.951206 31.516982 36.973974 30.260019 35.215049 34.644952 34.364705 35.791711 32.104740 30.626569 30.372827 29.425481 34.396548 31.571062 33.486121 34.069586 27.849012 33.589595 34.061777 
31.167243 29.591596 30.517863 34.332838 31.356870 34.421742 32.399232 28.474134 36.973974 33.973201 33.228095 29.792190 34.643331 30.279690 36.695662 38.963713 31.777908 32.763018 
30.623241 28.886421 36.585317 35.063927 36.986414 37.180444 26.769482 38.271668 35.141664 29.327729 33.018221 31.209508 33.652935 35.716468 38.985508 35.564581 35.628655 
26.693033 35.703542 37.798863 28.092769 36.839179 27.210231 27.580380 30.834407 34.113045 31.586029 29.969826 34.784136 29.494165 31.208481 30.700383 32.349895 29.973271 
35.108146 37.827538 33.426986 29.587643 34.469241 35.011157 35.841928 38.057051 34.099561 28.832672 30.576389 29.819056 31.410211 26.862472 30.479532 31.295366 33.717975 30.374163 32.707619 34.035061 
27.071686 37.512512 35.208905 34.417739 34.218832 29.057874 34.232015 29.914009 32.521728 32.511775 35.315356 29.065670 31.739177 31.930838 33.364215 40.221795 
29.001406 28.627463 31.701303 34.323622 35.896198 34.616645 36.366775 30.175319 37.137185 32.470239 33.953537 32.498496 29.192139 32.369598 38.281096 33.497380 36.545565 31.294066 
35.944145 40.338982 34.139713 33.896263 29.299480 35.999008 36.124576 30.671201 36.142430 
31.844751 26.922190 37.254960 33.896263 33.034599 33.427916 34.944584 26.781870 33.483598 34.531378 33.399841 34.543143 31.612311 33.801214 29.285383 
31.481067 36.786842 29.862880 33.498254 33.297423 34.338436 33.433160 29.971800 28.793897 33.390831 27.049650 40.034768 32.176733 29.767676 31.171095 30.335947 32.548827 35.423605 
29.501720 36.861470 32.305342 33.660111 30.567731 29.627670 27.175674 33.315908 33.557137 31.189490 35.419269 34.634090 28.296965 
26.914061 37.644796 28.154982 28.933175 33.557137 32.814805 33.017863 32.151939 34.273741 32.434662 32.042147 32.991718 
32.205219 38.665354 30.104885 29.385800 33.594319 33.870446 31.072785 36.908904 34.165293 34.077565 29.247637 27.589132 35.073829 33.741920 
28.613359 32.073454 29.298443 29.840467 28.319638 39.401654 35.282586 36.540107 33.986671 30.694309 28.619976 34.181531 34.174327 34.172263 30.831086 32.663839 
36.524893 27.183158 34.583918 33.994683 29.026121 36.714736 29.531748 35.501008 34.252029 34.003641 32.784417 32.730521 29.967115 32.385063 
32.599073 35.370073 34.633536 30.556332 31.528263 40.383815 33.007336 31.426855 30.100832 31.148028 32.707965 31.269895 35.675567 31.327038 34.802334 32.438345 31.242651 32.197591 35.248831 
32.466263 33.641920 30.245895 30.970977 36.398947 39.885519 32.323932 31.945265 30.086137 28.123273 30.058945 33.130341 35.303403 34.232729 30.568928 32.774522 
34.526058 27.828485 30.306322 28.128915 35.013081 31.935858 38.134264 35.454230 35.444375 34.079618 
36.529368 29.900561 35.822100 35.829956 29.822007 33.526160 39.247767 30.283861 30.315588 35.622806 33.439304 34.250911 29.031976 28.826655 33.709343 29.340047 35.311498 28.889354 
35.879440 28.535031 32.696369 35.050930 28.157127 38.822840 32.884084 35.812451 40.836184 33.092239 32.371317 36.136165 27.232772 28.856454 36.277268 33.556978 37.527221 32.562320 38.094073 32.138558 34.639106 
36.516342 35.077200 28.735205 32.093515 35.117407 29.235994 37.091852 35.256754 31.752934 32.911701 34.400011 34.957176 30.566438 33.156304 29.362083 31.838156 30.605387 31.609936 31.558229 33.315995 30.699931 39.154713 31.506781 36.977156 32.703646 28.748686 31.878604 29.129343 31.384067 30.870031 38.181548 39.264532 
35.986013 38.187870 35.147282 31.502939 34.248000 29.762319 32.717349 34.038881 34.446167 33.215536 28.896365 37.538304 32.232822 32.710416 33.195756 28.921289 38.970286 31.175769 32.917573 30.936778 33.853195 38.606989 34.455192 37.601754 29.957259 32.598325 33.057755 28.654319 28.533891 34.049271 35.775351 37.892569 29.972113 29.180299 33.016818 
36.453524 29.680670 32.844778 30.320108 37.597565 27.895400 27.950837 35.570470 35.752889 32.880609 28.070016 32.897621 32.136593 29.810108 40.224510 38.344296 32.530924 29.758175 27.876994 28.352817 32.913278 35.319280 32.015374 30.043250 27.481195 27.375666 35.738402 37.621722 34.702349 33.231559 30.068196 28.606335 34.385172 
35.302741 34.210528 35.579130 36.354281 35.998542 38.968726 34.780123 33.544587 29.469472 33.351883 28.604057 36.151033 30.760908 30.228827 29.579424 39.181020 38.466370 39.008123 39.457084 35.404413 34.204687 36.770658 31.144151 32.104123 34.035672 36.265945 35.129099 33.230213 35.803127 37.485238 
29.030033 36.360572 27.666612 29.260015 36.036781 30.023865 34.922401 35.374156 36.838115 32.067270 34.427383 30.624546 35.513658 27.378122 37.806670 32.789646 36.418001 31.925411 31.704864 33.367892 35.545751 38.361740 29.984679 31.023098 
32.893999 35.791862 32.448952 30.575763 36.111833 32.105360 33.799196 38.168938 32.603689 32.292284 26.939527 32.037610 27.514250 30.509684 34.984616 28.004727 35.726734 34.618659 31.973578 29.735927 32.872632 29.842028 39.236201 
33.579705 37.194622 35.122858 36.091046 33.839174 29.415174 37.072158 31.058062 36.554589 29.479587 28.423955 29.805326 31.687091 28.892671 34.530030 28.909249 33.964337 29.790811 32.753181 29.884238 30.643090 34.334758 32.869963 33.449162 33.505994 31.141395 30.162237 31.065272 36.196968 34.234924 40.016915 36.226334 36.350683 
30.715600 38.742213 30.280958 36.069529 36.960845 37.937871 33.120927 40.172634 38.052602 29.753537 31.099048 39.163452 26.570167 29.383643 35.250841 35.721512 37.848033 33.732295 29.231526 29.328224 35.549203 29.826253 30.865672 31.812950 34.487028 
38.148320 31.957941 34.766192 36.092927 28.872822 32.564652 28.691331 34.925034 31.279209 35.013391 36.922401 35.712249 35.347379 34.093362 29.869519 38.635711 31.083142 27.835912 39.968160 36.607584 29.834257 33.015473 31.752690 
35.467615 39.010215 30.893996 36.092927 33.955454 38.745325 28.654166 33.284284 34.609330 34.127493 26.808499 33.415090 33.133981 30.339808 36.240127 34.812264 31.179693 31.396887 36.441211 34.415476 29.211215 38.254555 27.615652 30.386590 38.857523 
35.298000 36.801019 33.736818 31.747688 30.864969 40.171825 40.538375 30.265595 38.403456 27.454368 29.499386 30.377385 31.693151 36.045059 37.718487 34.789106 36.286758 30.104697 36.993147 
34.484274 36.082232 36.915314 29.944669 30.635346 34.574126 32.784167 30.235534 28.846019 35.851376 40.724893 38.092853 28.169756 31.004037 34.924157 31.253452 37.247495 34.020234 33.767056 29.700996 30.614577 36.479783 27.925103 29.288666 35.188786 32.908337 
27.689757 36.472800 33.344558 35.642605 35.384240 40.029075 34.683857 30.964575 35.727871 32.667570 29.375689 37.969789 27.960294 36.622456 29.190121 30.393776 35.446079 35.612139 35.742884 38.378236 34.604478 39.704556 33.441520 34.104444 33.386807 33.017883 31.493632 33.339640 31.890624 30.650014 31.190502 34.637493 30.723164 35.725833 32.420576 
32.067643 31.057380 30.515036 33.180465 37.935057 33.675624 30.880160 31.099086 30.478562 31.604703 30.163977 36.396522 33.815371 31.796818 26.988541 35.472315 30.976120 36.684737 40.603545 33.219742 29.875226 29.891420 38.391708 35.271530 34.829100 34.509035 30.826055 30.684208 31.071623 37.656693 31.948968 35.927710 27.513126 35.694564 37.070095 31.515421 32.470392 31.796678 29.326563 39.163338 31.646542 30.911397 36.009890 37.121358 32.897494 37.979060 
37.364699 37.629421 31.604492 29.963402 30.963894 40.143791 35.237420 38.055052 37.050469 31.171547 36.313373 31.463619 38.031363 36.886034 40.040646 39.611892 32.139161 36.684737 29.909318 35.344419 35.288593 35.592484 30.673702 27.589541 37.533185 
34.314242 32.010752 30.475623 36.634720 30.136837 26.880435 35.775984 33.016240 39.282981 37.568641 28.019358 27.514866 32.883657 32.577149 27.791647 37.145903 31.089848 36.730926 39.337868 27.955639 37.299706 38.510592 36.259216 32.492415 33.422183 34.967017 32.060953 29.888802 37.226636 36.693107 34.980467 35.442679 28.722176 
31.323129 29.262328 31.575147 26.894031 38.673485 31.154855 31.099640 35.863309 30.328728 37.451978 38.263363 35.509782 31.576348 34.625039 30.004461 39.336088 34.221955 36.730926 36.337298 32.039084 35.812668 34.759937 33.702858 29.473224 29.461163 
31.752663 38.120806 30.622094 27.716627 28.594431 29.436115 30.296218 29.611339 32.108444 34.586925 35.890856 36.730926 33.896412 35.858476 30.017299 31.878842 35.655244 
33.688350 38.275730 38.095102 28.829839 28.984473 28.358225 30.155900 36.068137 34.483471 32.000635 34.260173 36.844671 34.042403 29.618765 32.488759 35.843476 32.745279 31.168652 34.761415 35.606180 30.747472 31.210608 33.786344 31.042080 27.318625 29.168814 
35.932191 38.238392 29.193209 32.360693 34.422865 32.614990 35.761484 27.479592 33.405865 33.495598 38.054429 36.844671 33.687266 31.789163 35.276106 37.496597 33.515453 34.461464 35.621187 30.986034 29.233859 29.022683 29.536186 34.667335 32.649677 30.875238 28.004359 31.498069 33.487965 37.259844 35.916074 33.303832 33.761047 
40.785642 38.290365 34.976939 37.851091 34.890756 26.982665 33.521824 32.171415 35.442010 27.669150 38.332041 36.844671 30.309732 31.403612 36.103452 31.830888 28.884817 36.038588 31.953519 30.773108 33.397568 31.306234 27.672319 28.106148 31.399091 35.159040 32.357960 29.254440 40.021901 33.022001 31.845972 34.463663 34.196695 37.913638 27.853639 29.719568 36.704085 30.346811 32.181669 37.725228 32.517540 34.408937 28.260966 
28.365337 37.945070 38.384999 33.245065 31.273148 31.409970 30.507436 38.602309 38.523190 37.288294 26.632474 36.844671 31.496325 29.275138 34.916228 26.817208 29.828132 33.031016 32.401808 32.868129 32.137099 29.860447 32.192931 34.147013 32.614339 29.789284 
28.840278 27.705317 36.570856 34.643780 30.907515 30.658218 35.843453 33.008079 30.990924 34.521955 28.427118 34.906651 29.561490 37.240664 34.266392 27.527780 33.767944 38.452297 34.586028 37.176773 29.465839 36.715242 33.290336 27.097326 28.046614 27.834546 30.395426 40.061236 31.080136 36.671829 37.639546 31.827005 
32.572006 31.426981 31.301288 38.328083 30.841189 36.512528 36.807570 35.010018 36.975615 29.863207 34.110484 32.966473 32.758856 33.442655 28.607396 33.685957 30.649545 33.094700 29.785200 37.685696 36.540825 32.093821 31.775393 36.270507 31.750504 31.059269 31.141955 32.357398 32.247799 30.480048 32.523276 33.043570 
40.693093 37.065060 36.227217 29.076573 30.454950 34.814298 40.120930 31.494407 36.975615 28.219969 38.398342 36.466550 36.383084 27.522117 40.346588 38.564190 33.760380 27.962783 33.188165 37.685696 36.027180 29.054343 33.009449 32.923613 32.855447 32.044682 30.355250 33.971317 
30.417933 31.028523 34.227175 28.466673 36.394948 39.375998 40.789096 31.120533 36.335126 35.421806 27.671930 34.134295 30.345060 34.023900 27.458898 33.507945 34.206913 28.972672 35.480504 35.651485 31.482950 30.121420 33.563784 36.418857 31.603829 30.298523 36.809470 27.736954 31.636698 34.373094 33.155770 28.524843 30.491863 38.125447 31.527426 33.559444 31.860014 
33.146917 29.897239 30.168206 28.667522 32.112600 29.931850 38.803933 31.111786 36.510051 33.581501 35.044466 29.062957 27.264742 32.635079 32.553657 27.744634 33.798318 32.619260 31.312684 38.773816 26.722700 29.948402 35.526384 29.539996 34.491772 32.126220 32.007990 37.785335 28.189245 27.524284 38.273587 31.758770 31.806909 29.192180 37.008030 
35.132404 31.218917 36.362771 28.610608 29.115036 32.329390 38.486652 37.684559 36.510051 32.828902 30.374654 28.492193 35.864046 34.076163 30.835091 33.919203 31.047573 31.560481 
32.895520 27.120715 28.782290 38.462768 28.022706 29.004290 33.910720 31.762771 36.987506 32.189010 31.127443 31.690983 36.917906 32.750390 34.542992 31.965904 33.649815 33.839237 32.047343 32.271989 32.385807 
35.328775 30.834189 30.151804 34.278637 33.301960 27.050093 31.404917 36.481619 36.036646 34.423212 35.516359 37.108258 32.882853 31.185021 35.638534 35.182323 36.171942 29.117475 28.573673 36.816168 34.884880 28.537359 34.177100 32.940117 36.190874 32.191845 29.762185 28.332931 28.820916 30.785201 36.499045 26.759903 32.607285 31.466128 34.483171 29.271665 33.940459 31.036155 35.834249 28.515537 40.515194 35.204085 29.239258 39.942126 
30.403729 30.020439 31.676754 39.811586 36.078907 29.582378 38.483876 40.409778 31.930250 38.851485 34.545927 35.616874 33.139147 30.433668 32.727532 38.950503 40.721732 30.729749 36.255107 31.512070 33.313281 33.871135 
