0.000000 0.011831
0.000000 0.023299
0.000000 0.032157
0.000000 0.012282
0.000000 0.021719
0.000000 0.021816
0.000000 0.025077
0.000000 0.025612
0.000000 0.019042
0.000000 0.015032
0.000000 0.025589
0.000000 0.014707
0.000000 0.030468
0.000000 0.021227
0.000000 0.043956
0.000000 0.027871
0.000000 0.018927
0.000000 0.015804
0.000000 0.027936
0.000000 0.068630
0.000000 0.019754
0.000000 0.022221
0.000000 0.036601
0.000000 0.018152
0.000000 0.024060
0.000000 0.023530
0.000000 0.018985
0.000000 0.018723
0.000000 0.026873
0.000000 0.021690
0.000000 0.022001
0.000000 0.017091
0.000000 0.055235
0.000000 0.035969
0.000000 0.030360
0.000000 0.038586
0.000000 0.015950
0.000000 0.022909
0.000000 0.016273
0.000000 0.020085
0.000000 0.015513
0.000000 0.018874
0.000000 0.019614
0.000000 0.026010
0.000000 0.027736
0.000000 0.020059
0.000000 0.041036
0.000000 0.027328
0.000000 0.028303
0.000000 0.022676
0.000000 0.032008
0.000000 0.044705
0.000000 0.016228
0.000000 0.024025
0.000000 0.027742
0.000000 0.020505
0.000000 0.065685
0.000000 0.029115
0.000000 0.024164
0.000000 0.099999
0.000000 0.047238
0.000000 0.078480
0.000000 0.026111
0.000000 0.031747
0.000000 0.032867
0.000000 0.022065
0.000000 0.073126
0.000000 0.028266
0.000000 0.046587
0.000000 0.020342
0.000000 0.015282
0.000000 0.016280
0.000000 0.015440
0.000000 0.033444
0.000000 0.031735
0.000000 0.019643
0.000000 0.018002
0.000000 0.018343
0.000000 0.029696
0.000000 0.032524
0.000000 0.038515
0.000000 0.021919
0.000000 0.016039
0.000000 0.023587
0.000000 0.013933
0.000000 0.025028
0.000000 0.023365
0.000000 0.015871
0.000000 0.016548
0.000000 0.015435
0.000000 0.014321
0.000000 0.017079
0.000000 0.024813
0.000000 0.037508
0.000000 0.022386
0.000000 0.017972
0.000000 0.036260
0.000000 0.020603
0.000000 0.011273
0.000000 0.062185
