 0.124398 50.656527
 0.123798 49.524164
 0.114845 51.353496
 0.131256 51.932775
 0.124618 56.468325
 0.128658 51.747748
 0.130120 46.068704
 0.133963 50.052050
 0.118232 49.613192
 0.144825 55.637176
 0.139654 48.581137
 0.120524 51.148182
 0.135102 47.995822
 0.132861 52.069648
 0.135641 46.555169
 0.125486 50.750509
 0.119635 50.570835
 0.135233 53.341906
 0.128911 47.974357
 0.112880 52.911041
 0.118104 50.421312
 0.119118 51.520593
 0.138772 51.449878
 0.137248 53.448993
 0.151795 56.446387
 0.123935 50.442373
 0.139947 52.580121
 0.123924 49.165328
 0.137372 47.657657
 0.150027 48.871398
 0.140053 48.870411
 0.112416 49.595557
 0.128847 52.304063
 0.141547 51.696447
 0.133248 52.532329
 0.134969 49.957161
 0.132788 44.390529
 0.140163 52.179245
 0.125745 49.029687
 0.148752 44.881641
 0.126147 51.098189
 0.118221 56.604117
 0.117782 48.571303
 0.137819 51.897855
 0.121382 50.377522
 0.127828 54.525903
 0.114424 52.970427
 0.127261 49.840670
 0.121962 57.314261
 0.113554 49.971265
 0.117473 50.612283
 0.146368 46.009253
 0.136156 49.750727
 0.127559 54.469150
 0.129260 49.238514
 0.146436 48.279107
 0.137286 47.213298
 0.117109 54.524830
 0.131199 53.955210
 0.128545 50.625204
 0.127551 53.145543
 0.137958 53.771285
 0.136830 51.629635
 0.134037 47.540916
 0.131459 51.242795
 0.124657 53.936441
 0.104240 52.302544
 0.109604 50.617686
 0.117231 47.988320
 0.114914 49.748740
 0.132067 50.690560
 0.135855 48.060886
 0.111828 49.500679
 0.120435 52.247450
 0.142157 52.820504
 0.139704 51.648770
 0.137361 51.326123
 0.130666 52.490718
 0.122369 46.826943
 0.130131 47.820993
 0.122452 46.291985
 0.115883 58.017737
 0.129232 57.734212
 0.138406 55.858426
 0.129332 49.626445
 0.136918 46.421479
 0.126257 47.237716
 0.138949 51.590967
 0.141192 52.844285
 0.139427 48.603598
 0.125972 53.247620
 0.136952 51.679808
 0.136033 51.726027
 0.126575 51.487873
 0.125282 46.320817
 0.130208 45.470120
 0.131994 51.364933
 0.122481 48.710063
 0.122092 54.063081
 0.124495 54.680542
