0.070526 16.169842 0.074499 0.415880 4.394879 3.372434 477.123599 205.941046 0.905076 0.974348 61.105344 125.123959 10.048197 1.076766 1.603305 4.404727 
0.024787 18.173232 0.072500 2.189501 0.733244 11.759935 10.083316 88.491774 1.542187 0.897380 5.739266 10.268995 8.278348 0.463649 32.002820 
3.331414 5.692481 0.094213 7.053580 0.095353 0.432000 130.349662 31.265913 3.502732 8.827949 1.496025 22.786428 5.369101 0.931902 3.099254 1.851701 3.011029 
8.595038 12.117959 0.077596 0.058035 5.255040 0.258926 0.022158 0.072666 6.073960 4.833936 54.254148 73.286445 1.113588 0.124329 89.214037 1.029147 0.091030 2.446562 0.232935 20.884379 165.804983 130.915441 4.254800 0.796978 1.118146 1.799063 3.629724 9.901833 0.396609 5.154323 0.045469 2.929160 1.589384 
0.058853 5.538617 39.022903 14.581884 16.711097 8.936561 1.310617 1.942348 1.977803 0.083575 3.624658 0.157070 5.186114 0.052286 162.689728 
5.213181 0.113731 0.801772 31.631048 0.071627 13.752559 84.190877 54.237962 97.897364 1.867499 0.341035 2.004324 0.948639 17.715768 
176.785878 1.458524 12.314909 0.059612 0.145304 9.864933 1.313512 28.978347 10.114626 0.150681 0.102846 0.150974 11.913656 4.444480 3.145259 8.457567 104.485539 25.883393 1.383246 19.625507 19.437116 0.582504 8.024204 
1.247173 8.069466 7.618417 5.671861 2.837626 13.012304 0.113424 0.880572 4.095932 15.372613 9.544755 3.053369 
6.378588 1.290544 0.107686 1.621258 3.673327 4.945065 0.643427 0.831811 3.358586 30.371604 6.225015 2.675038 2.599203 
90.495269 0.110463 0.081507 20.700096 2.476547 474.761088 0.395601 409.444496 93.794816 10.343825 0.885191 2.109014 
0.450672 42.931852 0.132241 115.979042 426.561129 3.533633 1.533419 38.820051 2.523398 0.773041 164.316111 10.031746 0.162412 5.519032 1.473634 3.194807 159.851098 
21.959217 0.955830 0.075934 14.608427 0.103951 7.676288 2.922375 4.984458 21.741880 4.817829 0.920338 7.805468 0.846927 2.929726 7.595503 
0.743695 31.758448 0.105607 13.334869 0.086727 9.916456 265.346094 23.936648 0.151456 0.689452 0.901018 0.165396 5.571298 65.544604 39.521750 14.766033 0.756461 2.164937 52.462349 18.054131 0.074469 31.639859 1.187810 1.392913 
0.115316 1.279097 0.103606 37.243735 1.461056 3.472394 111.864549 10.161306 28.452189 4.208633 0.719021 
5.630656 2.931014 0.099174 0.322631 1.376600 455.543548 5.101708 5.458791 0.736146 3.811996 0.412997 35.493846 
22.974524 9.444854 0.066217 171.076996 0.107466 0.055597 0.048261 0.884652 0.492673 1.862775 0.354769 46.183972 97.625842 0.553236 8.586085 8.078471 2.403670 1.051295 0.058685 0.116688 1.104294 17.524059 3.071374 0.038610 8.401266 0.612287 1.299741 
125.687382 0.105977 0.073030 46.531327 1.072239 6.334307 1.686426 2.029090 0.044831 
1.044713 0.073008 0.196150 53.694979 7.734903 0.827542 15.053751 130.344727 0.140095 0.332892 0.097615 5.645189 53.320281 81.532853 0.723969 2.638042 0.353377 39.247941 0.500532 0.210862 0.158034 0.358513 4.430165 0.291508 0.178783 2.982703 103.620298 47.544509 4.748947 10.661793 2.604264 123.574829 0.311096 11.581902 
3.000217 4.852245 0.140078 2.717674 19.203955 31.158544 2.093380 6.930423 0.766772 64.266660 0.065599 34.882650 0.070199 30.900912 153.755600 12.345540 115.451064 2.807089 0.041541 1.941892 0.142680 2.231860 0.082992 6.240701 1.291222 0.272439 1.841436 
0.558829 0.176705 0.078103 1.711054 5.589630 2.891074 6.236911 0.095233 1.105391 1.289191 0.536495 16.979240 10.202663 0.799375 6.136891 26.631825 6.616065 1.011625 8.967721 19.746925 0.718932 14.454548 1.144520 0.195432 0.114888 1.841945 0.033364 13.398727 4.787061 0.621487 0.185298 0.872590 8.691704 0.075883 9.509835 1.644589 0.737756 0.653527 
43.044551 0.071020 0.136534 0.625287 11.475432 0.818817 1.328045 0.097689 42.178034 11.386909 1.144521 131.702201 0.060984 1.479794 5.292147 101.594652 0.107010 2.018947 0.048498 4.621938 8.058466 4.116347 6.936890 2.435734 9.932035 9.040827 0.926603 
8.351340 3.417096 0.074877 0.897527 0.512053 1.465362 7.279360 0.049476 4.267052 4.549616 31.812621 132.830410 0.021302 0.320688 3.240456 2.486376 111.499446 40.194918 0.030963 2.600446 1.240857 0.500293 0.090282 0.761224 8.361568 1.337597 14.621637 0.292102 10.202521 0.615747 
9.640221 46.476319 0.168595 2.483476 5.498741 58.712349 19.761367 0.165811 10.153618 2.273801 1.202862 106.849775 6.270898 184.875683 0.116340 5.546088 1.449545 7.048545 5.831329 
17.562399 0.276590 0.116982 103.544828 16.910451 7.677234 12.797459 54.936486 2.166704 6.796239 22.253426 0.101959 0.579582 0.981724 0.285597 0.059274 0.031011 0.039692 34.777613 2.208894 0.862778 2.248546 
3.733125 24.865935 0.150611 0.798543 8.105589 0.262264 34.620162 6.402184 77.661284 4.925328 1.039577 0.527903 74.607009 4.264600 0.040911 0.092708 3.561452 2.784223 2.214204 1.640266 17.969847 13.416608 55.155795 5.495033 10.948629 4.335789 1.151033 1.223985 0.319025 7.298480 
3.040935 1.716554 0.091933 0.072815 1.240982 0.090347 9.751876 6.660333 17.428122 0.083966 1.346394 0.199868 10.792942 15.676635 1.506826 0.471423 3.840324 11.589946 3.013362 6.500000 0.084726 0.410168 0.652169 3.106544 82.125187 
2.489855 0.352845 0.119684 3.742308 1.168352 93.379742 8.815797 4.013947 19.829996 0.297108 13.123073 7.290233 0.463667 4.371709 30.583361 5.038803 17.612066 0.879841 1.528656 7.137526 5.002098 2.438936 0.732601 4.226392 1.526669 
33.803048 1.767811 0.078840 4.550901 0.164825 1.532500 0.161416 6.422919 19.743865 2.382808 2.495085 0.282040 72.485544 77.008742 1.753981 7.407099 0.255116 0.524573 22.551392 32.042883 
7.839603 0.302057 0.068114 3.896126 10.788118 2.458837 1.548349 0.590474 1.208553 23.440856 7.679491 0.425604 36.020694 4.562217 3.895375 9.123013 
455.037801 42.524308 0.108359 0.437883 2.662747 32.266108 18.682822 56.578283 4.325086 3.368624 2.237261 28.743751 82.068615 0.516482 21.569205 16.119520 221.442692 0.234211 0.577794 10.145486 2.956100 1.179139 1.282320 23.641139 0.155809 2.137163 8.588158 1.332020 1.070009 29.286352 2.368378 
79.004838 1.068876 1.950908 4.990249 26.884774 0.056721 32.871145 0.543853 3.464139 34.365395 8.351994 0.986320 95.460724 186.528959 3.283536 4.023995 0.192953 0.059273 5.375313 236.541741 0.553541 3.162129 65.029577 0.631477 5.752623 0.935278 0.235850 2.287612 0.181417 0.107288 3.874803 1.335839 15.947414 50.297177 1.273950 24.863098 0.303182 6.026331 16.212004 0.085028 0.114664 12.164683 
0.460541 1.001820 9.113335 0.121215 59.806832 534.828285 1.385975 1.222181 28.034219 2.142581 6.292720 13.318069 6.676411 12.359624 0.100079 22.167914 109.955996 0.078758 1.837965 2.228403 7.403534 3.627671 13.229122 24.539731 6.495347 0.279781 3.112440 
0.561257 8.405704 10.900456 3.486139 3.940295 0.052875 1.646520 2.471775 2.747190 0.491998 2.566542 112.225423 0.050410 15.511760 0.072304 43.655872 0.230309 0.054221 9.472166 1.650507 0.468056 6.180443 15.254488 3.946180 0.047832 5.325829 1.238178 0.136978 22.079059 7.582939 0.532115 
1.242829 47.098636 7.274935 0.298485 5.109668 1.756680 82.310740 0.068897 1.698932 1.080299 2.693706 162.877378 4.993602 0.981851 0.118807 1.820303 3.532129 0.165282 8.857422 1.555337 1.918025 2.885283 11.869278 0.480908 29.165233 71.138797 2.647661 3.575352 
0.025594 2.919578 3.189692 7.150640 0.057817 4.999258 3.592059 0.769893 0.679238 0.026390 0.144521 1.438797 33.861652 0.048767 33.694656 7.923294 0.187526 4.157954 0.139981 12.390421 0.107697 1.945504 1.252926 0.406198 2.683917 18.568397 0.801761 45.300527 4.360210 
0.188593 7.867353 2.115971 12.357975 0.631561 0.961456 3.633815 0.297752 4.207650 18.118640 7.495592 1.169233 21.217440 0.060741 1.751511 1.913143 66.666875 42.809869 0.105082 
1.266187 30.068257 0.733178 0.445290 0.130994 0.950323 0.158321 0.784701 4.969401 14.778904 0.942680 13.680752 2.493543 0.076574 0.482021 1.201729 0.105157 4.591294 46.974836 6.409462 19.869592 10.962433 0.365632 1.070187 23.244762 6.981518 2.116050 35.919327 0.535990 11.839431 1.411103 0.109529 0.339491 
7.358686 12.126179 9.468024 8.020897 1.374467 5.950663 15.285970 0.283054 0.574853 0.261340 320.178207 2.888480 11.615874 0.092617 178.657242 40.551723 1.284560 2.525254 11.191239 132.683636 0.118447 14.410915 1.742839 3.709366 48.220712 1.090029 0.675821 0.096124 0.599173 
0.084555 39.394973 0.046461 0.136587 0.413430 4.975273 79.678594 25.071647 24.825650 0.845683 1.209937 8.577073 0.677134 7.542549 10.932244 1.699880 10.196295 
0.128275 207.479877 0.159046 0.451154 7.813447 10.311727 4.167963 2.588210 12.553058 2.892662 0.743470 15.014742 2.169432 38.330113 0.999404 39.810907 0.620142 0.577418 1.290247 0.708972 25.119870 7.751060 0.556902 10.384058 118.947093 2.191875 1.312038 1.675690 0.987359 13.808741 3.562077 12.292831 5.318587 0.440127 16.278370 7.626688 0.688749 8.390307 3.232517 
24.145664 0.365008 22.009267 6.100682 0.193631 0.122034 3.188723 38.372781 95.367418 10.481678 46.269539 24.455219 0.040427 0.687480 66.212085 0.509526 0.664068 12.825031 2.407924 0.858598 0.530749 0.080130 18.337151 0.088443 23.339641 13.381632 1.939552 19.325040 5.007975 2.204630 0.653986 0.107077 1.757225 6.481364 0.826879 6.605280 
25.281869 1.380660 0.097099 0.044608 154.680276 0.082090 0.087040 1.345359 0.047828 26.832642 3.376727 21.719439 0.062728 0.929010 57.166306 0.077398 0.080797 34.314527 0.738486 50.664732 224.889731 8.357792 1.140651 214.674178 3.711684 0.563899 0.068298 0.104711 
6.712877 0.078773 95.560299 9.326285 63.855675 1.049030 0.110339 3.708021 9.377485 19.161528 38.195564 2.564256 0.024680 0.811790 0.164246 0.113611 0.061482 1.685951 1.016622 6.537263 16.919830 0.077854 27.638432 0.906944 4.915485 0.138666 11.395344 3.856514 0.093612 10.018834 3.053727 19.893521 
26.374629 37.388735 7.529613 2.480463 6.618724 0.172953 0.098540 0.733153 218.979412 19.012144 0.473578 0.610227 0.132676 0.795198 14.592871 1.931027 28.284740 7.062089 1.985630 0.083038 10.533763 5.194968 188.929955 0.030633 0.232962 2.296237 1.837465 0.210808 3.000270 
5.787056 14.094823 0.066600 70.527490 4.064574 0.130646 0.091371 21.365028 7.890429 0.120483 0.309657 0.031828 21.953943 0.156751 7.947098 0.043847 108.017571 20.007770 0.043826 1.587494 38.433022 0.052979 0.047995 2.513438 3.683909 0.104450 8.310260 6.458037 19.226426 0.135923 1.772227 0.248417 0.524270 0.388168 0.060792 3.259479 11.264624 1.884896 5.380195 
0.446826 11.346889 13.880699 11.316366 0.754462 4.759587 0.145587 1.769987 0.067161 1.742018 39.399010 1.391871 0.135958 0.087422 2.768087 0.070764 3.405112 8.157260 0.059532 1.781766 0.134665 35.113402 1.690165 0.331888 11.862484 134.060624 2.960252 8.067178 4.624034 2.561787 1.941062 2.700070 1.455302 0.972650 155.684519 0.375264 2.688049 53.229978 
0.537656 85.868634 10.956517 0.056697 0.251995 9.248785 0.072715 92.568321 3.997620 0.289546 12.751239 0.215128 0.131813 22.333504 0.684647 0.047411 95.346229 57.099973 38.955572 160.627900 9.160385 260.871731 0.230230 3.019154 0.097533 2.323116 3.204498 3.307533 2.954903 
12.270184 15.515744 8.380185 0.044600 31.836893 6.455766 0.081528 6.560641 27.028160 0.090856 8.074653 0.186786 0.114021 0.108429 0.950458 0.080788 119.275936 1.383186 0.179081 84.240842 1.714828 3.192320 0.235024 0.305660 5.386275 19.891068 1.070089 0.806579 177.866529 0.079710 
2.974216 70.825915 2.961121 1.349568 2.228097 4.413866 0.088335 44.074814 2.239196 26.962010 96.696792 0.164044 0.490784 0.228267 89.834903 0.082200 0.062855 0.259367 83.154127 1.321595 45.637228 0.533479 0.920424 2.696006 5.227483 0.776644 33.838360 4.761250 
23.413355 5.521028 2.732554 0.040787 0.119325 4.245522 2.791766 0.105410 36.820128 55.347627 60.374911 0.091359 0.276527 6.364206 7.490796 0.681349 0.096090 15.265657 2.005895 1.820509 1.703389 9.337388 0.636256 1.692319 4.489325 2.812189 4.956967 
59.338311 0.383792 6.949106 0.239309 9.323034 7.375014 1.173767 0.309891 0.068708 0.062738 3.782950 1.474015 0.040391 1.247976 14.622457 3.909096 12.633986 0.060746 1.676337 2.809508 1.277820 14.084346 0.132362 1.441900 2.567146 0.772323 1.458930 
0.544406 23.111101 2.619266 7.407969 0.601812 0.635078 16.471290 240.556719 20.044650 0.154668 34.444542 0.143288 1.276241 170.325984 321.619672 1.109424 14.224664 3.792468 0.125450 6.094906 14.809068 0.958822 1.027185 28.002827 12.163744 23.836287 
129.555487 0.866678 3.805623 17.039833 252.654462 2.696442 3.606647 0.080886 1.550873 0.858005 4.326007 0.142715 19.907337 4.464806 23.840804 12.364499 1.209734 0.397096 68.240306 0.695530 0.092576 1.897550 14.432385 1.709290 2.440062 90.326488 0.566332 2.750738 0.578005 
69.762507 21.471624 1.016867 0.091013 9.472521 26.827124 4.015416 0.021978 7.186844 1.003535 3.487027 0.027129 25.024530 109.866204 5.174745 48.210532 7.787008 
33.447961 0.603087 110.526294 0.038422 35.533658 40.821597 0.015027 0.025819 9.509155 1.026693 2.934991 0.027620 1.244974 13.440762 36.909256 29.726939 
0.545329 0.161031 35.267157 0.292869 41.358606 85.060346 0.032079 0.103799 0.235953 0.211911 1.854617 7.535016 27.629816 0.466246 6.127552 35.269597 123.945491 15.009527 15.297998 3.094913 
5.146185 2.113363 0.109464 33.749579 72.228104 0.667501 225.397736 0.081307 8.740298 3.777021 9.769659 83.148429 0.564365 1.598772 0.112838 7.866259 4.663185 0.805180 0.948438 15.030448 7.490439 1.778598 10.251558 1.212323 4.992805 1.977104 2.206667 8.458810 
0.403723 125.945000 0.052246 246.901885 20.005315 0.119361 0.526096 0.052649 58.635817 107.742405 19.004785 0.120573 10.427325 12.869554 2.660153 265.518028 0.910997 1.458607 1.095930 0.622019 0.221619 8.777701 1.671897 3.502581 204.844383 26.895145 1.118812 6.485664 31.569454 1.255654 0.751861 
6.020225 13.680160 25.303277 93.676862 0.116811 0.075875 52.202749 0.087100 2.655472 0.086371 42.040825 1.712999 26.233326 0.655246 7.678407 44.608532 1.001168 1.705497 3.738185 5.293407 1.062610 42.954666 0.321989 60.163876 83.960616 3.972862 19.897841 0.199875 19.513789 4.493778 7.860382 22.123599 
2.264775 4.223757 59.533660 1.304463 42.772681 0.044087 14.004888 0.060852 0.195782 31.260389 3.180711 16.677063 15.578656 0.588595 0.785474 0.518067 11.623578 0.321136 0.123918 0.358787 0.956308 0.244388 0.349418 5.760197 3.462423 2.320824 
0.280496 15.920939 5.444487 1.710798 0.097817 0.106019 4.327416 0.118954 238.031038 0.103738 0.095987 1.030424 9.791680 12.229191 74.093226 3.212757 0.603218 2.829240 0.177583 0.160781 20.953000 228.473329 1.406380 0.405034 70.676214 0.113709 36.244602 0.739189 
0.530230 34.069775 1.887465 5.563526 3.730801 0.060512 84.023094 0.069417 38.685199 13.629510 0.026476 11.173677 0.082139 2.424370 
103.379228 25.414080 9.598457 2.472277 0.081543 1.941086 263.151636 0.118116 17.075333 72.693854 0.077492 79.431478 117.191802 0.519427 
0.127495 59.837813 5.018676 0.780474 1.724477 0.106462 1.175354 0.098594 40.472918 36.615750 0.029171 2.496818 0.227533 21.451772 33.066359 0.752898 21.481001 0.407505 51.959398 0.540214 0.408485 1.821208 0.081157 2.935039 7.558747 1.985210 4.989210 1.559420 0.475372 0.188233 0.509873 4.399026 2.178387 
1.549600 0.093259 11.426442 0.093907 1.220266 9.898890 2.625243 0.106214 0.441740 0.099313 81.776905 0.661745 41.065165 0.071711 6.947935 0.372843 21.816204 6.683460 39.447000 52.577050 16.500507 0.044597 32.983765 9.720512 
26.276991 85.461922 1.068898 0.372790 0.675859 11.766040 0.104846 0.067501 95.565562 6.795232 1.096942 1.077684 0.297486 0.066182 0.329369 5.799774 3.140661 0.234717 27.605448 12.154322 0.790202 9.611672 1.141920 13.749281 0.090995 20.319487 0.263800 0.580163 0.195977 3.146078 1.609201 1.496495 0.078088 2.023061 2.098286 18.415984 1.369560 0.295502 2.589309 0.635840 3.329354 
12.696156 0.054678 0.481354 35.238258 1.023683 5.279005 3.874741 0.152074 0.246026 0.598928 0.017072 24.083896 0.214251 1.602435 1.407767 10.209367 3.470416 1.020200 32.668337 0.186510 7.953707 0.030113 0.035625 24.356506 0.372626 3.408052 2.194738 0.170071 2.738016 
1.417975 0.043782 0.371308 0.146542 13.287890 50.164972 1.147907 0.210671 0.279216 0.159895 0.079856 1.519465 10.383094 0.521953 0.088043 12.275800 115.016340 256.491211 153.443356 0.058688 20.515808 17.899186 6.420453 4.262236 0.103652 0.516906 35.499768 0.993568 0.778037 0.647866 11.040137 49.355967 0.225298 2.555920 1.837268 2.688882 28.132411 
0.095803 2.565951 3.081117 1.255276 0.992367 0.072528 0.092635 13.134447 11.433380 4.114420 0.631797 0.928507 13.960716 0.119160 7.463549 69.807734 16.569426 46.231799 
33.354084 0.054850 0.319944 0.048762 0.582092 0.068893 124.181930 20.806828 1.007575 6.949205 0.078055 69.250398 8.684958 2.492205 2.618904 6.151339 0.143763 5.800803 0.870893 0.912053 1.631853 4.142923 6.130689 1.951407 0.092683 14.834306 3.889733 
15.850343 0.085201 1.163817 0.060143 21.767076 1.578384 17.769729 0.116970 65.472895 0.078089 172.046646 0.534961 22.215708 66.678901 23.858191 
8.330617 0.082792 2.152226 0.247233 3.342795 22.953151 3.330609 48.203624 10.959412 0.079722 0.734692 30.706361 14.379539 0.303483 0.068622 1.099738 1.051159 26.517855 92.913442 75.744556 4.155936 0.526419 61.348721 5.022944 0.946554 21.324966 
335.126593 0.059099 10.382388 0.803690 1.812131 252.582300 526.065479 28.545725 1.340892 0.058764 1.101823 56.623500 0.112906 26.424321 
10.906286 0.128705 110.876117 33.563170 7.793694 6.483702 16.172243 0.416112 0.026315 0.074944 8.120715 1.082628 0.110455 0.377191 10.299096 1.488785 
110.014970 0.073295 0.132098 5.763486 1.819155 22.847319 11.391948 53.571312 26.375086 0.088369 0.838724 0.478189 29.311884 3.483918 3.612457 77.206493 0.082714 399.801769 205.814242 18.452258 3.500850 0.574475 8.782081 2.271315 15.275576 1.071243 0.594414 
19.330148 0.087419 0.186777 2.870037 12.741898 0.130871 6.016063 0.730558 85.007197 0.066733 22.026345 0.381240 161.356022 59.936655 5.103409 386.949100 0.087879 1.851995 42.867980 17.114758 0.649731 4.726569 286.195379 5.106061 2.852525 62.777696 8.073472 66.849028 3.240584 
1.987920 0.051023 1.369658 56.533780 4.638497 8.300145 2.294225 0.995082 38.579377 0.650235 69.982774 4.939373 11.388564 22.375836 14.526663 73.142282 0.074847 0.403524 1.251513 1.340522 7.710498 5.544606 1.256008 1.412730 20.490943 
0.048546 2.049260 0.599552 1.083570 1.310762 0.110430 1.518178 142.951904 0.093527 20.391360 2.842802 6.798520 0.255783 0.108713 94.524608 14.928319 0.142047 56.119155 149.505644 3.095086 16.958329 78.381847 41.306396 1.166864 3.161062 
30.087017 1.524329 15.241172 1.558518 47.424331 4.608995 11.686238 0.362593 136.621943 1.660615 0.173579 33.960001 3.687416 17.559618 1.127252 0.669794 0.101755 
64.892773 0.944765 0.122562 1.327504 2.242992 2.029824 1.117760 1.923232 0.580505 1.647266 7.758860 7.182076 0.211682 1.548209 17.428571 100.403361 5.345214 0.979249 2.150971 3.120653 5.902082 6.532402 3.680881 1.613521 0.315631 0.586794 
1.202988 1.303330 0.057602 2.576308 0.187440 31.756069 0.053524 0.241151 9.202022 71.247051 0.886725 3.062467 3.599022 16.406471 32.531366 21.149196 0.035899 0.063073 0.096546 15.096653 1.745458 0.889895 0.766710 10.602967 2.080280 2.471213 11.726340 3.205452 1.451837 1.306466 2.234198 1.795472 0.999691 52.686192 5.956685 2.013146 0.994829 
0.063299 2.154751 0.072278 0.688009 388.168498 0.667620 9.039552 0.199323 8.437081 105.769610 0.849650 0.597759 5.746383 1.459257 0.319956 3.774940 38.516873 9.529767 111.236019 18.387746 0.617845 101.213350 
0.069883 0.269099 0.100375 9.140839 119.238384 38.338126 3.149020 0.107503 0.064357 43.699572 0.100470 1.793982 0.301355 0.055895 0.625466 28.584040 76.260033 2.587948 18.846515 21.960530 1.120142 30.024959 20.539599 8.500458 
2.505432 48.610584 0.045614 117.258326 179.734984 1.354893 30.596346 0.044018 1.174151 7.042278 0.112127 75.652732 21.366999 6.316802 28.245454 1.446447 2.908960 2.210965 87.441556 
9.257634 4.683036 0.084848 83.721606 2.070656 0.427483 0.233678 0.076962 1.578402 9.446487 0.112456 0.037288 8.498131 14.881186 51.849399 3.688857 0.234472 13.432811 6.016056 0.326402 3.146520 6.194594 3.051597 
0.817610 5.342147 0.026306 0.305803 2.128217 5.539736 1.946495 9.575905 34.922106 2.558347 0.089292 5.734427 1.838850 29.703106 6.821373 0.361517 10.552498 5.973140 1.463054 62.303257 3.561805 1.449303 15.279813 1.834742 26.778247 2.855174 74.043639 0.888411 1.495544 7.395947 9.524373 
1.060170 3.536370 2.431776 0.838782 7.052283 0.275416 18.120458 0.293124 80.964886 2.008636 2.487111 0.091888 0.515806 1.529399 3.451704 4.295261 18.800901 2.987368 8.582753 1.906431 2.906872 3.319879 6.142157 4.072757 68.661343 
0.809555 10.257785 8.908345 1.731679 0.322095 3.392529 0.136770 3.851552 8.357475 1.687495 25.065373 26.320041 3.697957 0.277978 4.546011 2.195563 1.757789 3.581899 
0.400328 7.820443 2.201673 345.509370 13.865045 336.035430 0.151193 0.138689 0.828928 0.490282 25.894306 1.945266 0.777680 429.170192 0.673483 207.528563 23.710157 5.470002 5.279525 1.160692 2.804180 5.936920 0.147078 3.152868 
9.198551 4.336914 11.633156 7.140806 5.757982 7.210237 0.072612 0.246083 1.702388 6.071850 8.172054 2.626930 0.537387 1.375710 6.953937 5.094135 
6.405981 1.058184 167.274599 8.365390 5.801072 1.319275 0.103605 2.891004 4.087966 54.729710 
1.386312 0.367154 2.184659 149.930636 5.345522 2.086258 9.970617 2.404042 0.878515 17.522141 0.063284 11.834501 10.368260 0.530336 0.283164 4.407732 3.635893 0.071089 
0.247705 88.102402 0.103672 6.773035 0.048030 19.040888 1.788344 0.431763 2.641038 2.197254 37.323250 60.092680 1.014492 4.338889 1.316974 4.753864 
171.987335 1.835814 0.151424 1.054588 0.847205 44.468913 1.023203 38.076402 2.759782 257.267329 0.494586 26.259917 109.042208 4.275668 49.451011 0.868275 12.516077 5.632471 94.453631 92.116541 1.131010 1.757646 22.386254 3.725577 0.178141 
7.611331 2.936225 0.121345 0.025691 8.914311 8.422521 13.476094 0.324974 120.868720 14.732707 1.254100 0.075450 1.856667 10.219229 37.386968 0.695723 1.216415 0.025971 9.672249 6.611133 0.107949 10.739657 0.022625 9.526336 2.989609 1.667289 0.183719 1.034772 139.431257 1.448223 0.074342 44.703112 7.205905 0.251857 6.108486 29.787168 
91.632672 0.372693 2.280237 2.875419 0.107393 8.693996 6.116027 2.872029 2.730232 0.387581 0.405297 0.095733 8.879409 8.935781 0.841732 0.142210 1.898742 0.041846 6.647545 6.762140 1.931896 11.534845 1.261435 0.069348 1.065038 0.176691 9.324231 0.182157 77.534175 236.258526 13.423797 23.417332 0.064936 5.077865 5.721995 0.060872 
0.182644 6.320641 2.694693 0.643280 0.064014 8.433415 2.920485 0.071363 9.871318 0.577133 0.199151 0.022663 43.910937 0.082410 0.705183 3.775795 16.149949 7.513090 8.863952 3.197109 4.282836 73.760044 10.789179 8.393294 6.472089 1.676036 1.004934 0.018214 0.300531 1.583654 0.226321 0.997861 13.167689 3.031932 11.068691 2.883196 6.927190 7.370382 0.089777 2.217083 3.397954 2.330669 15.385420 1.121450 2.615875 4.483679 1.584259 0.129950 18.180316 1.255561 4.516384 
31.525561 0.019002 52.282735 0.700895 0.092855 66.454326 21.406985 19.079534 6.395595 0.060064 5.556792 2.022613 6.768158 0.275592 0.084287 0.578423 0.828795 22.429188 33.372090 0.163271 0.041809 0.060475 1.729725 2.818790 1.716651 0.759262 184.000242 1.223308 0.724457 52.036462 10.408850 18.538746 1.160738 
7.774562 0.939008 0.124502 0.144973 0.060801 2.440643 1.097390 127.124874 3.811385 11.346429 155.140139 19.219587 0.389511 62.941290 7.808146 0.406786 11.004568 5.136934 0.708437 0.244667 0.088701 0.086410 3.484808 0.383532 0.095693 9.745319 2.126391 1.571193 
0.103628 20.319698 10.884708 113.641990 0.119535 16.378463 0.224722 10.671306 2.334266 0.456186 139.656743 44.184775 173.519374 0.151462 0.068576 1.150834 0.096717 0.101105 64.725391 11.933664 0.080534 63.756769 0.147607 4.471642 0.876126 2.911478 0.045197 2.415006 48.461587 56.468935 2.604046 0.241943 1.102784 2.246041 44.543846 0.110466 0.372535 0.872822 1.219015 0.851435 2.858911 6.036916 1.524312 
