 0.845006  2.617848
 0.380571  1.063945
 0.628033  0.938950
 0.308389  0.898223
 0.387490  1.745432
 0.275530  1.400696
 0.402472  0.829082
 0.559015  0.682459
 0.436215  0.735117
 0.839026  2.692282
 0.693597  1.459111
 0.388896  0.817118
 0.695593  1.202764
 0.850178  2.338351
 0.702332  0.794184
 0.539551  1.174825
 0.321433  1.208645
 0.382102  1.001676
 0.561127  1.217708
-0.010381  0.839902
 0.246438  1.397107
 0.132596  0.944601
 0.482745  0.854767
 0.099303  1.724619
 0.380537  0.835141
 0.254994  0.487563
 0.385492  1.006104
 0.384099  0.721632
 0.019146  0.660977
 0.936477  0.914723
 0.548158  1.560619
 0.759093  1.255843
 0.474453  0.853796
 0.388926  0.624105
 0.371893  0.953477
 0.500974  0.760593
 0.285158  1.200438
 0.797312  1.381132
 0.580923  1.355727
 0.607147  0.633354
 0.507238  0.935758
 0.434775  1.760015
 0.255442  0.738461
 0.353246  0.919183
 0.213164  1.104391
 0.577256  0.876911
 0.485509  1.335126
 0.507040  1.334670
 0.739598  1.038909
 0.363414  1.251866
-0.120501  1.017883
 0.670699  0.787037
 0.690773  1.021713
 0.299875  1.555339
 0.076046  1.880395
 0.415856  1.498587
 0.493274  1.096695
 0.705772  0.934887
 0.590201  1.172760
 0.540460  1.213991
 0.590380  2.079314
 0.406874  1.372703
 0.724508  2.410515
 0.293866  0.720200
 0.491461  1.037142
 0.691139  1.222443
-0.025445  0.861617
 0.503029  1.438508
 0.517413  1.202728
 0.369122  0.791836
 0.460121  1.723599
 0.553500  1.005560
 0.722304  2.702975
 0.332119  1.862056
 0.847154  0.913390
 0.648477  1.712750
 0.632422  0.860019
 0.410748  1.086259
 0.285530  0.480313
 0.070606  0.827729
-0.018167  0.650482
 0.602028  1.449632
 0.325190  1.432952
 0.566527  1.463057
 0.160464  1.050560
 0.402106  0.907299
 0.298816  0.537979
 0.553063  0.470718
 0.699637  1.481611
 0.499889  0.382445
 0.821477  1.714127
 0.508959  0.917208
 0.396724  0.762189
 0.704136  0.911038
 0.325919  1.399939
 0.485856  1.115940
 0.214332  0.645897
 0.266075  0.890302
 0.296777  0.802759
 0.562789  1.184755
