81.937422 81.803671 76.588322 87.572542 70.631248 69.106758 88.615805 71.241324 77.272640 97.587972 78.933588 70.475727 87.798124 97.304305 99.097439 68.880652 
81.869072 84.253035 76.698947 100.981771 92.413055 85.380091 72.602117 77.588025 77.293464 93.319299 101.860752 70.464518 94.863891 96.835485 85.294741 
73.703740 69.992510 75.638612 80.270442 87.670210 71.432809 79.351185 91.803824 82.522992 94.589246 100.986277 91.762747 87.828546 96.581735 80.977611 84.281063 81.949983 
90.107662 70.059357 75.856010 71.921422 73.367446 71.629602 88.275985 81.335435 90.749335 80.455057 84.260276 78.801105 85.002048 80.814679 73.929072 101.779265 81.302131 97.737411 77.841934 69.047289 82.154718 84.901577 76.740673 95.148663 98.168034 72.677891 95.381724 74.292801 95.886420 90.966968 80.919268 87.064624 93.934441 
80.561298 69.617800 78.702365 75.089602 89.894521 80.004698 77.793720 94.769512 98.476119 75.873896 70.102643 76.137557 72.328768 80.100789 85.331241 
75.820581 80.173389 68.079759 71.765309 76.350465 80.423876 69.596189 78.013562 83.178567 70.737001 78.195085 94.669138 94.331928 87.325400 
78.283953 83.033712 85.230301 81.961971 76.438566 71.417191 78.732390 89.846425 71.174655 85.102825 80.444540 85.109837 68.293794 73.978307 83.665455 80.441065 85.035975 86.193180 94.842366 74.043032 82.260529 94.784869 94.782822 
96.371555 94.244627 78.908886 78.986376 87.665015 72.054890 76.633521 82.541965 78.597510 81.981331 70.585306 83.612744 
69.815485 80.417923 76.735751 99.076449 79.199556 85.521963 86.120630 91.019761 79.945833 68.364555 83.732757 89.588288 90.077829 
87.166806 79.556217 76.567169 78.385159 93.618391 80.566054 87.964981 86.660188 75.184293 82.460373 85.260286 94.935201 
82.615828 79.292684 77.239463 79.577141 70.226475 77.967336 85.466027 83.002389 93.780391 86.294573 79.108447 81.758354 91.212345 99.095471 100.290876 82.723974 84.061198 
71.833872 90.439094 76.894761 79.227831 80.458649 87.028122 78.159136 79.764737 88.396733 72.228658 81.819018 79.394201 100.354422 101.945839 77.146499 
87.039916 92.168639 76.685612 80.938863 86.420324 81.774432 79.801619 85.884588 87.888861 83.245559 83.591113 94.118169 85.045164 72.749746 84.045481 80.315660 86.550793 97.690078 68.360975 78.501261 84.631354 92.025771 84.096548 101.659888 
79.817615 89.335037 76.668298 78.897657 94.744478 80.618137 90.564950 73.268969 71.261096 89.702987 93.247996 
85.921468 99.024199 76.290531 81.491507 79.302627 77.340805 81.143887 72.530125 96.611011 100.141170 98.177732 92.785050 
90.599260 72.483071 77.046888 95.633580 92.013583 82.468167 80.304745 99.063057 98.018882 78.381827 97.468491 79.619689 100.413464 93.890264 93.355797 85.548991 100.275658 83.633928 101.986560 88.422743 92.597166 81.990638 89.784356 98.404468 88.514731 86.853448 88.564872 
72.415080 76.631562 76.995645 81.995888 97.798109 78.140457 78.310269 94.001774 80.115434 
96.957993 75.733053 90.479934 72.041414 94.730988 99.521718 99.242713 72.484886 96.040038 97.856351 74.389201 90.297676 90.129673 86.844742 72.564926 74.891517 95.118784 77.663684 80.745443 89.705987 82.337468 74.007594 82.446046 88.021887 83.261979 84.411999 71.464887 93.520560 96.472718 87.786373 93.051788 74.015501 80.858457 90.303071 
87.026867 73.485475 76.572450 89.716169 72.319102 70.365832 79.585861 91.928211 98.634277 78.678887 74.887901 81.010880 80.596423 69.992123 73.600506 86.059571 83.687315 100.116736 73.066620 68.152516 84.349637 86.676294 68.414169 88.013349 70.420577 90.230049 73.885114 
93.302156 97.375455 77.159040 71.741485 93.742340 68.787885 71.758050 74.368543 85.341933 85.646461 77.098574 77.446032 94.022831 76.722770 74.405324 85.820254 68.590250 97.091130 83.978921 73.075209 100.117898 97.937076 81.842967 96.159376 83.285100 93.529367 81.333950 81.238427 87.259874 94.025358 84.599387 96.915507 89.712107 80.732454 69.170555 76.659900 92.401700 95.739407 
101.898197 100.840880 77.815718 76.434628 68.478365 101.254170 91.652188 74.615673 69.893896 99.323204 72.422735 78.315184 80.457317 87.268507 74.189410 88.490521 92.003755 71.090543 97.267490 86.000342 72.965113 90.490915 92.751343 88.374678 80.470466 89.477313 98.710575 
81.624316 70.539066 78.428947 99.101714 85.689340 100.134158 85.843399 75.648287 85.614114 68.635425 72.494320 78.721366 80.327787 79.198190 91.328918 90.332274 88.998096 100.065041 90.866278 75.666132 100.346657 91.017843 83.194689 86.478838 70.617901 90.817558 85.350634 81.836917 84.707222 90.178731 
86.309311 76.979778 78.042156 79.802158 100.192112 89.461460 81.966349 76.586130 90.942347 93.447654 88.799026 87.098298 71.247885 78.848447 80.451310 85.962536 98.591421 89.109744 85.853802 
90.084098 82.042583 77.386739 82.848899 78.795965 92.973341 76.479338 82.439771 98.079189 72.962916 69.428509 76.262875 91.832272 81.201203 88.586156 80.933212 73.398202 94.447394 81.297525 93.259117 94.566669 94.540279 
99.793111 71.159364 76.186033 85.114278 85.122094 81.414608 90.560525 74.647107 73.627013 80.168108 90.584505 97.846030 87.346500 84.975977 69.308080 75.977383 98.927276 91.381039 87.096298 93.851668 95.572556 72.330944 68.539430 77.126859 78.864499 83.031670 72.277103 88.758258 83.958776 78.757912 
79.792268 87.840698 75.807822 98.446688 81.896868 83.548959 82.670242 73.718149 73.083088 95.619247 86.517490 91.562209 78.972839 89.235776 99.445936 90.153137 97.064896 93.719141 88.188917 90.691535 74.092813 89.453541 91.247387 70.196718 86.317030 
101.153883 87.109353 75.522608 72.420059 98.868409 99.687735 80.599857 97.578534 74.804582 96.373030 69.984208 93.403132 100.971606 98.446815 94.237237 100.423767 86.569612 95.091917 93.286137 79.794024 83.981132 94.600166 89.752272 68.722506 89.293994 
79.457213 93.470770 76.433205 80.771078 81.291679 85.383618 78.345053 69.130892 71.309120 77.593186 78.016394 83.432396 86.418450 84.165867 85.149277 89.950995 87.771623 87.983215 70.939487 88.361262 
81.652039 97.439010 75.356829 77.379232 87.793856 73.164380 76.884707 91.786976 84.989018 72.960739 95.737526 87.540736 85.883255 99.717720 70.691406 71.217645 
82.967005 77.715691 74.244128 96.531728 96.993974 76.560324 69.721056 94.839781 91.222126 84.674076 100.693286 90.104992 79.497881 72.940002 99.618868 73.451704 79.705337 76.722302 88.010880 96.663640 91.436248 88.653252 98.781099 81.343059 77.311956 76.557695 79.970630 86.750060 88.457820 74.961505 84.131678 
78.718163 71.370621 84.413183 73.271515 69.902215 76.945913 94.068284 95.478935 73.522162 88.031524 71.613372 88.353783 75.971283 78.983302 99.076471 78.345999 83.058850 76.358993 86.772485 81.973058 95.682369 98.738394 98.499248 100.459608 79.164839 83.297734 84.576399 100.288964 79.280312 74.337097 68.698811 89.153101 85.226076 75.934471 75.938688 70.109326 86.446563 73.380028 91.379434 95.047535 94.866815 73.531637 
97.574814 90.796889 73.698541 78.954632 77.534672 92.759430 98.150094 69.761775 100.754344 78.083398 72.725507 71.196532 84.174532 99.709290 75.974541 77.941837 88.298034 77.138208 99.177605 95.253602 75.016827 88.409280 85.752483 69.377671 92.928673 75.949716 73.874886 
97.013520 99.869288 80.527356 82.566067 78.758246 82.460515 88.156153 69.561116 87.516203 79.237936 78.155391 79.006114 89.900919 74.129759 74.081298 100.566055 75.869983 76.009462 93.607682 91.546632 82.363699 72.594574 87.267031 79.783303 79.762967 78.059597 81.399648 76.723550 69.467239 68.748845 90.298926 
84.431426 69.734212 78.711043 80.034048 92.200478 79.136223 80.722317 96.861250 81.571842 100.024605 90.080799 79.313766 77.058753 85.463222 74.626306 83.336080 72.127089 77.267337 72.648996 99.173224 81.308479 82.620780 99.400093 74.312181 73.010793 68.300441 86.885701 71.368189 
88.444923 85.995939 95.629205 98.972668 71.947282 87.072935 84.037515 77.058528 86.463499 100.918991 89.058631 74.945589 78.242188 74.354676 72.532579 90.065484 97.518514 99.661972 96.681776 68.486200 78.173924 78.706499 78.800697 89.081443 70.643533 85.722731 99.689490 80.624530 75.545778 
75.553334 91.329928 92.467813 94.435032 94.016534 81.365425 75.078363 84.009276 79.054306 70.850665 85.459822 94.972598 72.102293 73.987876 83.577292 69.867043 80.388286 76.639767 85.694725 
76.020957 78.778508 99.572719 80.438169 78.098761 91.332882 84.424386 88.787463 80.333215 86.142040 91.441764 75.403545 73.454699 74.102755 82.854992 68.927645 78.727249 90.419269 94.032255 70.913089 69.871656 72.714758 96.346942 89.749473 99.438405 73.654069 76.058729 86.641396 70.157524 80.524449 68.060185 78.017742 90.995629 
99.841651 73.080465 76.455608 82.409861 70.674965 94.034805 83.731962 77.855279 92.698268 85.392291 71.482733 91.169975 70.068322 75.673030 83.463595 73.771690 77.859181 85.061584 78.496830 78.860450 82.789628 92.176610 83.865451 70.499055 70.517944 99.674516 85.693032 75.538876 95.163593 
75.995133 85.709236 76.230985 88.061355 89.278501 85.988882 68.116476 71.772028 80.225088 97.613171 85.268172 76.759123 86.854900 69.039742 90.516863 83.917795 80.205313 
75.643243 72.919181 76.235972 83.828284 97.096807 70.127208 71.232727 99.414188 68.419722 72.417338 86.181119 86.678904 94.940017 79.579034 81.522565 77.277646 90.264976 77.664875 91.474551 101.946945 76.479683 98.554974 98.137805 90.940532 98.731701 70.155660 85.680281 85.368193 90.837777 89.327041 84.029083 72.821132 89.607500 97.316595 86.610745 101.808083 88.203613 72.693429 69.945445 
76.752658 97.926738 83.815101 86.605626 75.213942 99.639740 71.103842 93.774684 99.241139 86.907731 79.328281 101.512266 75.851631 96.531579 83.032304 90.636498 81.687473 88.386517 84.651753 98.413038 78.703063 77.382793 83.845255 81.768861 69.186552 73.733136 88.282449 94.236888 78.539805 94.194209 88.145076 80.016201 84.678101 94.603570 93.446101 95.316339 
87.556852 71.141000 98.571298 78.458327 70.090972 99.663225 76.530893 93.607788 86.167569 81.361175 73.489865 101.301086 75.759420 76.842258 98.639674 98.093573 80.876866 72.816001 98.880957 82.077677 88.986713 76.461087 68.477550 78.473724 96.901868 98.827332 86.518303 83.540350 
73.888789 89.850789 79.203000 69.574170 92.018691 95.196644 77.069539 98.591052 99.776430 90.372996 80.515148 101.483704 75.216833 76.595676 99.799553 96.620214 80.932687 93.139987 73.489981 71.070150 96.231659 71.857744 82.989856 94.135741 77.867745 101.896777 94.834107 79.372189 78.850773 68.842901 95.396389 78.877290 
75.540675 71.034968 75.875870 86.276957 79.969168 80.194318 77.122845 74.447570 89.892817 78.122053 101.492589 96.735984 79.568914 92.942476 99.736762 98.518997 90.238912 101.966801 92.011993 74.969614 92.853791 70.868264 86.092601 90.661414 77.959254 96.780221 91.899152 82.597207 92.913579 
85.850393 80.528694 94.816251 99.210274 94.366910 80.408388 76.964916 80.086157 96.093942 71.335959 101.444898 93.658790 84.387340 98.396705 72.058324 73.773479 91.760833 101.529170 79.956004 80.621263 69.390180 72.735056 81.995440 70.088217 75.653369 82.780118 78.171839 93.959629 72.957133 100.102501 75.009201 84.306353 97.006373 96.079142 81.524561 101.424805 74.046536 93.115517 72.468559 
101.025115 78.560976 99.746360 99.443528 74.875964 69.746297 76.536398 90.194202 79.626870 87.472333 72.445304 96.240441 100.401424 97.967496 79.231124 75.460802 90.491284 101.455744 80.099493 78.416257 70.270723 69.669002 98.813216 89.808801 85.132667 83.705144 68.239890 73.028527 79.602038 87.736498 92.517176 83.532276 72.522882 83.537267 85.820455 88.807198 69.578801 91.225063 
90.743835 78.811014 85.227205 100.459002 93.924561 98.538923 77.850654 100.977427 99.807018 70.284331 72.762212 81.121808 95.815774 68.359151 89.808038 76.112693 69.523585 91.496226 89.583843 77.228571 81.030349 84.014293 100.116298 87.657877 80.929523 94.297625 90.550271 94.163418 89.797694 
100.371439 78.120272 95.997188 100.765019 80.083087 71.620941 77.442113 101.828033 70.108024 96.672783 91.434693 80.986246 87.303201 96.931186 95.559168 75.492729 96.314454 94.350037 82.450370 77.166077 71.643980 89.306813 90.643843 73.338188 99.641199 84.469635 86.311043 101.128408 82.257739 81.118880 
80.383931 78.231532 90.366623 94.484175 79.265305 75.817186 77.206007 101.827950 70.892206 90.426338 98.826430 80.248141 80.324959 100.352014 72.056787 74.935510 76.143573 95.226532 78.239603 77.691114 85.117118 99.790941 96.865525 83.989405 85.584414 89.225914 88.766233 69.748029 
76.986793 77.672038 69.226661 83.243419 79.496020 91.337655 83.438922 74.857693 75.568881 84.036291 80.680583 73.899917 80.029907 73.453586 88.148344 95.698691 77.508344 89.302969 73.147211 99.411802 78.346855 69.004506 92.067827 87.737860 68.791801 72.872149 90.997012 
86.047869 93.251474 99.557469 94.377280 95.087652 72.091342 91.160372 75.729720 90.749741 76.754166 101.134385 86.081676 80.535750 97.862102 76.759412 68.636316 95.767029 86.319508 76.451699 93.616789 88.020780 80.918807 94.391236 97.319141 99.947413 89.238452 101.340914 
76.144967 77.820179 100.422250 81.504254 97.502898 79.447770 99.146907 69.795293 79.481459 76.742332 79.798568 75.258759 81.214157 89.024086 77.696765 95.891258 71.889711 92.634621 79.778240 85.184575 70.441242 93.021542 101.066669 80.071294 79.178277 80.564807 
85.437161 101.298796 93.451272 79.998676 78.811688 101.547312 74.161949 75.855753 75.324497 93.431175 83.929422 74.685796 97.703146 74.538060 71.571882 83.174371 98.806552 96.665672 71.933553 96.187233 83.315046 97.647000 72.225112 75.766450 75.976706 80.865610 88.640537 100.534582 93.773550 
76.081863 72.734683 97.373222 80.760109 79.099848 100.194649 101.776536 74.607181 74.102107 75.798842 100.588118 74.645586 84.004219 99.162329 101.234173 71.887989 72.988168 
86.284541 89.658358 82.390181 81.464055 73.163991 88.037786 82.128254 74.919851 73.974836 75.469036 87.463097 74.360851 95.673817 85.653771 79.038200 68.120764 
88.287405 80.492665 70.715595 73.894203 77.452440 71.893895 72.270483 76.059746 74.480264 84.344348 92.893242 73.510532 88.874616 83.091927 88.361662 71.887805 81.704802 83.084205 69.366641 87.649794 
73.554941 78.257023 78.600739 89.276219 77.731820 85.669559 70.288874 77.324131 85.579003 89.383479 73.377328 88.065121 73.081470 73.028236 75.544257 84.584901 91.802306 91.102999 89.998270 79.041320 89.392945 99.755322 70.973536 68.046094 80.116900 77.253326 83.290007 89.199910 
78.321931 83.071416 82.698991 80.645192 78.351547 75.583034 69.865905 77.077283 72.873050 83.900132 72.452812 79.101744 87.319264 89.464672 77.505240 76.542570 100.113140 101.002040 89.898348 86.828221 93.761744 68.746775 97.913005 78.067246 99.592473 85.835621 84.095136 100.032619 70.329674 93.520329 101.392476 
88.144250 85.557129 77.337752 77.043483 79.484165 74.981527 77.323954 77.253132 72.553831 84.109050 68.768219 69.585598 80.521144 76.159639 68.109072 76.290015 96.512123 94.007757 85.732055 73.772867 69.734773 84.735572 72.994579 69.800725 69.274450 100.913937 84.819242 80.372809 86.171439 73.508518 100.187407 82.287247 
71.053455 97.972755 77.437162 100.842590 90.094086 75.963497 83.831924 77.251536 98.725028 74.664218 93.876025 69.897447 79.900849 78.089038 76.698583 71.869295 97.476588 89.614761 78.552293 96.888958 80.534962 91.268445 83.844617 101.742184 94.608871 72.270152 
69.042225 72.368747 69.414564 73.268790 75.663611 74.462573 74.767795 76.936193 77.675942 70.051209 79.118289 71.973926 95.862497 70.406355 77.649702 98.848009 95.538319 75.406673 71.691141 97.649813 90.615548 81.215184 91.704810 72.228419 86.115066 76.631376 87.192443 76.094001 
77.853228 75.920466 72.835530 70.971981 89.312563 74.625355 72.724563 77.913883 78.081979 81.906142 81.212152 81.273944 74.304485 95.520101 
70.480795 71.417930 82.897217 89.634745 75.224819 93.722725 71.897929 76.935975 77.536857 80.459904 79.556256 88.951020 89.452081 77.150092 
76.467219 72.931134 75.484555 75.255030 70.063845 74.162485 98.304961 77.561775 77.932121 80.074266 80.346756 96.026027 75.929916 83.811493 74.555292 68.062250 71.178687 96.040399 88.157297 71.551481 79.338034 70.426141 86.397853 100.182927 85.827740 101.000390 92.997109 87.112008 76.134536 83.324948 76.201278 74.313653 92.870395 
98.195656 79.303017 80.290920 78.185485 96.193038 77.207827 82.370690 78.106722 81.504554 79.517756 76.609886 90.564643 69.351142 74.274492 73.746890 71.520623 78.870669 93.234728 78.184134 69.943005 91.059057 81.018587 68.285456 93.828753 
78.681404 68.569901 97.157006 96.820038 94.324015 87.782967 74.150616 77.998246 73.471102 93.629501 95.801721 95.654974 72.810942 75.024200 75.464249 96.648610 71.762752 80.906924 78.092985 70.641465 71.306156 83.590585 80.155854 84.528228 80.026235 73.308499 95.642282 82.321326 76.280999 73.555756 71.760264 75.922622 82.584115 81.520837 101.149106 81.418499 93.486524 97.457808 95.738185 100.644222 83.636870 
84.950514 75.432393 71.863708 90.279617 88.519897 86.968998 73.342912 77.450942 86.122489 98.355834 76.558354 98.509837 72.887494 76.356058 88.050915 71.958289 76.544051 87.290803 77.849963 97.049052 80.833764 100.567446 97.188159 85.465505 80.154720 92.566963 90.721907 83.821817 101.824258 
95.457586 74.323253 83.102352 88.492659 76.627979 92.967498 95.426009 76.489602 71.336241 95.121004 76.422319 100.741008 86.294477 74.802814 80.321805 71.306123 97.543091 73.557252 78.243006 97.012246 80.909086 85.836413 71.567990 87.866791 75.601678 70.575175 88.321754 71.473380 87.600653 83.597461 68.142715 77.452710 77.694284 89.664195 94.285655 90.943532 92.419410 
76.022136 72.130105 72.836084 89.695336 72.781777 74.535557 79.950364 69.068477 78.631843 77.479205 75.438297 92.811144 86.175446 71.605007 73.229528 71.588876 82.848479 68.814926 
89.359878 74.653249 78.576047 92.404619 82.825988 77.064377 78.200851 92.520435 71.861173 79.548767 80.281083 68.290088 74.608605 71.853258 89.077352 81.875793 89.121120 100.010852 101.445863 99.233746 93.879138 68.103141 77.327425 83.831077 78.453985 90.982863 83.883735 
93.295126 74.355578 98.356662 88.456162 90.379347 93.907272 77.584626 82.137064 99.706533 76.924675 82.511289 89.030481 77.012807 72.130941 69.043546 
97.021116 76.626778 69.571359 98.267028 93.466875 78.070781 100.536559 89.856616 84.114374 77.467666 99.396039 91.081508 93.145419 77.876567 79.858913 96.097132 83.985102 70.297619 89.360377 72.352560 76.865771 82.126966 80.849120 82.271945 76.197948 72.504573 
88.087763 76.537979 71.357490 87.074387 77.954006 78.245341 83.442459 68.899613 71.235689 77.501078 90.259449 81.513896 80.318799 68.861898 
76.205503 74.639743 73.039817 80.507506 69.645489 78.638423 84.965879 71.648331 81.528427 78.158661 72.341755 98.695353 80.004146 73.828746 74.607688 77.184578 
81.666966 74.351911 95.177886 72.000473 91.683620 77.994107 75.561248 72.248060 84.576705 77.142935 94.068825 76.037543 71.333615 74.665864 101.279488 68.233847 79.688207 100.831399 86.322602 93.786111 77.752470 68.831811 75.534903 93.876731 78.194349 71.071427 91.116778 
81.777774 75.301388 95.299125 88.940657 75.447350 83.301005 74.606459 76.821435 72.449871 75.881385 91.915773 98.311599 93.627347 78.354912 100.498506 77.512994 80.662339 79.971333 85.209452 95.610942 96.178816 75.234430 85.109182 99.257266 100.572121 91.309387 70.128474 87.554186 76.130981 
89.165641 84.571924 101.589833 79.093580 82.287273 87.491933 93.362767 96.041896 72.294180 72.486862 91.974514 80.368444 98.717862 73.462514 97.959020 70.316478 75.052114 99.719536 84.747633 91.978503 88.809764 86.998036 85.969575 94.517592 87.933541 
80.069034 92.331480 96.679419 92.134213 100.303881 94.843599 76.953649 81.768246 81.155720 70.540178 70.058256 95.574706 97.247107 69.389033 78.736598 73.688326 76.774923 69.546541 98.802056 83.108228 89.716024 93.494639 88.969396 92.613325 95.200881 
79.121100 86.893524 100.747095 90.235230 84.876834 69.748030 70.306374 71.846824 78.262264 94.378076 90.200493 73.346075 80.397951 78.876858 68.889414 97.825064 76.439697 
89.332101 89.796022 75.750240 92.493557 77.326858 101.111575 92.337833 74.576038 85.337390 97.615864 88.017115 81.010455 92.673356 90.156212 99.995470 85.599370 97.080943 89.279302 101.042046 92.799374 92.575379 91.307618 72.136778 83.184190 96.365383 98.707575 
89.504742 85.420149 77.289191 71.559295 82.094496 80.758895 70.711093 80.653063 98.413013 81.840214 82.383079 87.582288 91.771753 69.654411 90.178328 93.254945 81.729712 74.500620 73.923627 78.528635 88.469957 99.864114 96.225465 84.094964 77.206755 74.449404 73.212510 100.456103 68.821342 75.996003 90.949067 97.473584 84.747187 70.236727 70.659243 90.165069 98.532948 
75.177100 72.107104 77.616962 77.561718 77.880532 95.074736 73.323958 80.314006 68.335565 72.262954 99.978442 98.144309 80.973819 86.268687 71.286250 91.906689 98.754365 89.474862 86.773967 69.824874 77.843510 82.938523 
74.761336 79.834976 75.884054 101.837385 78.249347 83.028913 74.697166 80.949251 97.426758 73.287962 82.532473 99.902792 81.551684 100.083011 70.704463 70.108558 99.015852 82.830271 81.462361 87.241047 82.921474 68.303199 75.844158 95.122871 
71.207320 84.814949 74.337317 72.154006 85.753204 75.937083 74.021200 80.875155 99.979721 77.329302 75.878535 69.043466 87.820002 83.498032 77.870044 94.908355 83.166514 90.710386 69.795294 
87.937005 75.023319 75.103142 73.386806 70.115331 70.842006 81.648280 81.262243 87.492601 68.197316 75.659312 72.108322 82.571556 86.643289 79.632796 83.670881 73.686495 68.556422 94.840904 98.418241 98.481529 69.328048 94.386206 
97.213988 80.206038 88.740269 90.978832 76.920059 82.119560 84.975712 88.953578 71.482028 97.111360 75.819894 74.170315 100.099678 79.786899 73.204820 72.598287 72.977779 91.647793 93.651936 89.439124 95.120907 91.916316 82.495881 83.159955 89.239357 86.041520 71.085033 100.149394 84.393705 91.448483 82.188433 
98.631278 93.571133 91.071347 85.959020 85.207220 88.986879 88.062055 85.421588 72.958399 84.242498 79.337687 75.487905 80.884859 89.769367 93.535668 68.644764 88.989008 73.461571 83.005332 68.014018 79.425581 100.219419 86.395659 71.089056 89.316009 
84.775110 82.936534 77.756486 81.733207 84.697511 85.500970 76.655185 69.286528 82.098488 96.263670 90.101192 71.542839 79.701531 84.412714 88.907183 86.909900 86.261751 81.315675 
88.477053 79.194902 98.339755 93.751507 71.236405 87.515993 76.050116 86.338003 97.479072 93.108582 85.127522 84.742458 84.991038 81.288923 82.361787 78.022061 69.173238 81.207756 93.525704 96.690315 82.435214 93.324056 82.404281 71.610135 
78.930103 98.234878 101.981145 91.521633 101.542671 78.260417 76.773313 87.569893 101.170473 96.200828 73.517648 69.091673 97.236663 81.200569 88.105533 91.675551 
68.524133 99.368008 80.927811 82.049034 90.549449 89.465103 76.829566 71.872882 77.631777 80.632693 
91.394051 74.770336 84.195153 80.725442 78.712403 86.989066 73.951098 98.260111 86.477066 72.777880 76.070345 72.434386 94.133533 83.645267 94.213357 92.831720 84.258498 75.184282 
98.949040 71.857753 75.577127 92.841635 88.760343 86.791205 99.895275 87.268631 77.880633 98.911228 80.014878 72.101163 82.054727 83.421980 97.292317 81.279569 
68.159989 95.033324 75.908786 85.530432 86.269625 90.293699 88.762013 83.647955 69.765191 72.267291 89.125478 68.553145 88.927974 75.233755 78.932119 71.597084 71.953809 80.121198 69.876112 86.279223 82.593432 101.373955 91.182243 91.926768 83.916072 
72.465935 95.239645 76.117707 79.610343 86.757407 77.538451 100.524078 85.472443 79.482845 87.507325 77.770597 86.982042 92.172816 70.539820 90.084811 98.158685 77.473398 96.307351 81.681094 84.326456 89.506879 94.468140 93.104683 100.326070 99.566086 86.024430 82.017907 69.762340 83.899634 100.303335 101.036521 82.064239 87.244390 78.640908 93.247028 82.337057 
74.446013 74.520703 78.900603 73.061102 74.987106 76.581137 91.925420 71.235705 96.221537 82.575624 81.395678 73.141478 86.552885 75.671451 74.276731 89.560948 99.870756 88.243462 71.967845 91.745011 69.994046 69.307632 93.870438 76.447026 70.553741 68.188246 80.633534 74.837750 82.344999 78.363878 87.276392 69.413131 71.090306 81.435032 69.492042 73.886585 
87.851057 88.021196 72.630252 72.316703 75.221222 68.242316 89.507313 70.214042 84.593820 70.134297 88.771975 96.190695 72.844125 79.231015 76.756321 93.355112 88.005915 82.017961 79.574816 100.775869 86.463292 70.068064 84.673676 89.207278 78.956734 79.430536 81.040898 93.716514 72.364376 71.242503 81.525161 85.897307 81.635796 71.241223 94.233573 83.538185 71.951349 77.064148 76.668880 78.242845 69.956393 68.525258 70.656349 83.702427 73.507451 82.883971 80.453732 76.253943 77.156518 98.687782 89.120888 
101.599455 81.667352 87.255045 82.305511 75.681003 70.833276 76.063834 77.271061 72.168115 88.236674 70.927931 80.289022 85.191440 101.342163 80.868556 97.455765 71.212553 89.996950 88.273522 101.870743 76.543560 80.595663 94.559301 99.965596 90.595432 77.188697 81.510273 70.861679 71.632472 79.718902 84.500129 74.666743 92.345735 
101.007916 94.101909 71.403119 97.123042 74.450149 83.053283 76.437329 78.401536 90.996060 70.248902 80.865418 70.888755 73.729620 73.183267 72.557620 68.671346 92.857190 90.838548 75.633423 100.345182 78.332534 72.561541 98.264837 93.946186 80.329846 86.866701 81.320153 93.756225 
83.224399 70.738838 70.412254 92.779832 75.084059 75.648307 99.497910 97.748623 87.870005 72.810444 97.725172 81.009857 92.818676 101.748030 78.684452 100.126641 81.150188 92.842293 99.072349 90.819619 77.283336 77.886622 96.368485 83.401632 91.779826 93.124198 95.362268 99.275011 68.008135 86.065386 87.288327 72.800657 96.202442 72.568796 75.581138 79.977557 71.898911 70.709862 97.455527 96.420319 87.014371 73.209679 87.088784 
