     nan 0.453938 0.473433 0.318117 0.327949 0.235150 0.341211 0.108470 0.368544 0.483123 0.407866 0.300526 0.374308 0.272459 0.302816 0.318349 0.281835 0.260498 0.237892 0.283697 0.293854 0.431183 0.369280 0.422607 0.369724 0.390446 0.379135 0.465644
0.453938      nan 0.708731 0.465893 0.470154 0.510393 0.479630 0.514985 0.517920 0.710638 0.546968 0.479958 0.523148 0.434486 0.442721 0.451496 0.522282 0.496061 0.474009 0.418704 0.291180 0.571627 0.509492 0.604022 0.510779 0.527961 0.317922 0.139944
0.473433 0.708731      nan 0.611072 0.629331 0.505465 0.629669 0.524690 0.664820 0.059293 0.707230 0.597469 0.658249 0.551392 0.564297 0.615765 0.444466 0.418499 0.522385 0.540487 0.577160 0.723106 0.665700 0.357376 0.651947 0.674246 0.642921 0.725703
0.318117 0.465893 0.611072      nan 0.168675 0.394555 0.224468 0.390077 0.236697 0.609295 0.267986 0.207652 0.214848 0.377460 0.407702 0.266303 0.410665 0.387553 0.379223 0.385256 0.366892 0.311481 0.225012 0.430868 0.239964 0.272798 0.461305 0.492050
0.327949 0.470154 0.629331 0.168675      nan 0.428156 0.201651 0.412836 0.242613 0.629493 0.251252 0.192969 0.229844 0.387419 0.422239 0.244236 0.427662 0.397956 0.398306 0.393258 0.377643 0.293347 0.212108 0.426406 0.213063 0.255415 0.469261 0.496237
0.235150 0.510393 0.505465 0.394555 0.428156      nan 0.443968 0.226389 0.469469 0.508463 0.518691 0.416449 0.483745 0.307146 0.338663 0.427336 0.294279 0.285208 0.188420 0.317133 0.317677 0.526353 0.468333 0.483907 0.457765 0.481248 0.405495 0.529711
0.341211 0.479630 0.629669 0.224468 0.201651 0.443968      nan 0.430593 0.210785 0.634679 0.212093 0.194620 0.198351 0.413256 0.434265 0.252952 0.447262 0.418697 0.412285 0.399908 0.398460 0.257979 0.164150 0.404942 0.188731 0.196292 0.476254 0.504526
0.108470 0.514985 0.524690 0.390077 0.412836 0.226389 0.430593      nan 0.456419 0.528543 0.496784 0.397867 0.464683 0.312290 0.346208 0.405064 0.297512 0.276246 0.238064 0.324802 0.331754 0.514431 0.456231 0.489017 0.450635 0.478889 0.424852 0.519841
0.368544 0.517920 0.664820 0.236697 0.242613 0.469469 0.210785 0.456419      nan 0.662569 0.201185 0.172143 0.153551 0.435528 0.477374 0.291562 0.466808 0.440861 0.439552 0.438214 0.420219 0.232133 0.170739 0.423951 0.192322 0.198399 0.513986 0.535837
0.483123 0.710638 0.059293 0.609295 0.629493 0.508463 0.634679 0.528543 0.662569      nan 0.708106 0.598272 0.666007 0.549526 0.577220 0.614597 0.444895 0.420010 0.520627 0.546707 0.578495 0.724800 0.660724 0.353363 0.654845 0.676219 0.639371 0.722510
0.407866 0.546968 0.707230 0.267986 0.251252 0.518691 0.212093 0.496784 0.201185 0.708106      nan 0.219717 0.201557 0.479679 0.508933 0.329513 0.513728 0.488023 0.491534 0.469995 0.463484 0.162463 0.196674 0.457135 0.211177 0.187589 0.544983 0.562975
0.300526 0.479958 0.597469 0.207652 0.192969 0.416449 0.194620 0.397867 0.172143 0.598272 0.219717      nan 0.177414 0.383308 0.424969 0.229175 0.416718 0.385472 0.386978 0.383111 0.366496 0.247270 0.190417 0.398871 0.200285 0.209234 0.452488 0.479921
0.374308 0.523148 0.658249 0.214848 0.229844 0.483745 0.198351 0.464683 0.153551 0.666007 0.201557 0.177414      nan 0.449015 0.471370 0.305867 0.470962 0.453208 0.449390 0.441594 0.427435 0.235756 0.156362 0.424267 0.183692 0.194918 0.511621 0.533526
0.272459 0.434486 0.551392 0.377460 0.387419 0.307146 0.413256 0.312290 0.435528 0.549526 0.479679 0.383308 0.449015      nan 0.157953 0.389159 0.339916 0.334155 0.259633 0.166538 0.298996 0.495378 0.437285 0.492113 0.434879 0.460030 0.325011 0.455929
0.302816 0.442721 0.564297 0.407702 0.422239 0.338663 0.434265 0.346208 0.477374 0.577220 0.508933 0.424969 0.471370 0.157953      nan 0.429305 0.372474 0.361895 0.293183 0.169033 0.330865 0.526610 0.456797 0.517055 0.451672 0.476640 0.345172 0.477374
0.318349 0.451496 0.615765 0.266303 0.244236 0.427336 0.252952 0.405064 0.291562 0.614597 0.329513 0.229175 0.305867 0.389159 0.429305      nan 0.423933 0.395243 0.395517 0.385756 0.365735 0.360123 0.287111 0.447932 0.282373 0.305367 0.457337 0.464886
0.281835 0.522282 0.444466 0.410665 0.427662 0.294279 0.447262 0.297512 0.466808 0.444895 0.513728 0.416718 0.470962 0.339916 0.372474 0.423933      nan 0.111183 0.290943 0.343614 0.369859 0.524185 0.481640 0.456215 0.478749 0.489975 0.436940 0.528284
0.260498 0.496061 0.418499 0.387553 0.397956 0.285208 0.418697 0.276246 0.440861 0.420010 0.488023 0.385472 0.453208 0.334155 0.361895 0.395243 0.111183      nan 0.286932 0.335022 0.338741 0.505897 0.445049 0.429317 0.442672 0.458479 0.420069 0.514618
0.237892 0.474009 0.522385 0.379223 0.398306 0.188420 0.412285 0.238064 0.439552 0.520627 0.491534 0.386978 0.449390 0.259633 0.293183 0.395517 0.290943 0.286932      nan 0.288101 0.244153 0.498818 0.437567 0.476558 0.438854 0.461991 0.385788 0.495728
0.283697 0.418704 0.540487 0.385256 0.393258 0.317133 0.399908 0.324802 0.438214 0.546707 0.469995 0.383111 0.441594 0.166538 0.169033 0.385756 0.343614 0.335022 0.288101      nan 0.302140 0.490856 0.425634 0.491331 0.426477 0.450530 0.328473 0.432556
0.293854 0.291180 0.577160 0.366892 0.377643 0.317677 0.398460 0.331754 0.420219 0.578495 0.463484 0.366496 0.427435 0.298996 0.330865 0.365735 0.369859 0.338741 0.244153 0.302140      nan 0.482406 0.412732 0.493716 0.412203 0.439939 0.323606 0.334105
0.431183 0.571627 0.723106 0.311481 0.293347 0.526353 0.257979 0.514431 0.232133 0.724800 0.162463 0.247270 0.235756 0.495378 0.526610 0.360123 0.524185 0.505897 0.498818 0.490856 0.482406      nan 0.207399 0.471158 0.220037 0.208024 0.550257 0.579771
0.369280 0.509492 0.665700 0.225012 0.212108 0.468333 0.164150 0.456231 0.170739 0.660724 0.196674 0.190417 0.156362 0.437285 0.456797 0.287111 0.481640 0.445049 0.437567 0.425634 0.412732 0.207399      nan 0.415276 0.164150 0.171855 0.496538 0.520965
0.422607 0.604022 0.357376 0.430868 0.426406 0.483907 0.404942 0.489017 0.423951 0.353363 0.457135 0.398871 0.424267 0.492113 0.517055 0.447932 0.456215 0.429317 0.476558 0.491331 0.493716 0.471158 0.415276 0.653107 0.411794 0.424801 0.564991 0.615273
0.369724 0.510779 0.651947 0.239964 0.213063 0.457765 0.188731 0.450635 0.192322 0.654845 0.211177 0.200285 0.183692 0.434879 0.451672 0.282373 0.478749 0.442672 0.438854 0.426477 0.412203 0.220037 0.164150 0.411794      nan 0.182550 0.488355 0.514827
0.390446 0.527961 0.674246 0.272798 0.255415 0.481248 0.196292 0.478889 0.198399 0.676219 0.187589 0.209234 0.194918 0.460030 0.476640 0.305367 0.489975 0.458479 0.461991 0.450530 0.439939 0.208024 0.171855 0.424801 0.182550 0.158045 0.515899 0.542525
0.379135 0.317922 0.642921 0.461305 0.469261 0.405495 0.476254 0.424852 0.513986 0.639371 0.544983 0.452488 0.511621 0.325011 0.345172 0.457337 0.436940 0.420069 0.385788 0.328473 0.323606 0.550257 0.496538 0.564991 0.488355 0.515899 0.492112 0.276818
0.465644 0.139944 0.725703 0.492050 0.496237 0.529711 0.504526 0.519841 0.535837 0.722510 0.562975 0.479921 0.533526 0.455929 0.477374 0.464886 0.528284 0.514618 0.495728 0.432556 0.334105 0.579771 0.520965 0.615273 0.514827 0.542525 0.276818      nan
