 94.656000  29.846154   1.000000
 98.464000  30.961538   1.000000
 77.248000  34.307692   1.000000
 80.240000  30.403846   1.000000
 77.792000  34.307692   1.000000
 94.928000  29.288462   1.000000
 73.168000  37.096154   1.000000
 94.112000  29.846154   1.000000
 69.632000  35.423077   1.000000
 74.528000  36.538462   1.000000
 69.632000  41.000000   1.000000
 74.256000  35.980769   1.000000
 68.544000  34.307692   1.000000
101.456000  29.288462   1.000000
101.728000  29.846154   1.000000
 77.248000  37.653846   1.000000
 90.848000  32.076923   1.000000
 79.152000  35.980769   1.000000
 96.832000  30.961538   1.000000
101.456000  30.403846   1.000000
 96.288000  32.076923   1.000000
 69.088000  38.769231   1.000000
 71.264000  37.653846   1.000000
 71.536000  37.096154   2.000000
 72.352000  37.653846   1.000000
 71.808000  37.653846   2.000000
 99.824000  27.057692   2.000000
100.368000  27.057692   1.000000
