  1  51
  1   2
  2  51
  2  52
  2   3
  3  52
  3  53
  3   4
  4  53
  4  54
  4   5
  5  54
  5  55
  5   6
  6  55
  6  56
  6   7
  7  56
  7  57
  7   8
  8  57
  8  58
  8   9
  9  58
  9  59
  9  10
 10  59
 10  60
 10  11
 11  60
 11  61
 11  12
 12  61
 12  62
 12  13
 13  62
 13  63
 13  14
 14  63
 14  64
 14  15
 15  64
 15  65
 15  16
 16  65
 16  66
 16  17
 17  66
 17  67
 17  18
 18  67
 18  68
 18  19
 19  68
 19  69
 19  20
 20  69
 20  70
 20  21
 21  70
 21  71
 21  22
 22  71
 22  72
 22  23
 23  72
 23  73
 23  24
 24  73
 24  74
 24  25
 25  74
 25  75
 25  26
 26  75
 26  76
 26  27
 27  76
 27  77
 27  28
 28  77
 28  78
 28  29
 29  78
 29  79
 29  30
 30  79
 30  80
 30  31
 31  80
 31  81
 31  32
 32  81
 32  82
 32  33
 33  82
 33  83
 33  34
 34  83
 34  84
 34  35
 35  84
 35  85
 35  36
 36  85
 36  86
 36  37
 37  86
 37  87
 37  38
 38  87
 38  88
 38  39
 39  88
 39  89
 39  40
 40  89
 40  90
 40  41
 41  90
 41  91
 41  42
 42  91
 42  92
 42  43
 43  92
 43  93
 43  44
 44  93
 44  94
 44  45
 45  94
 45  95
 45  46
 46  95
 46  96
 46  47
 47  96
 47  97
 47  48
 48  97
 48  98
 48  49
 49  98
 49  99
 49  50
 50  99
 50 100
 51 101
 51 102
 51  52
 52 102
 52 103
 52  53
 53 103
 53 104
 53  54
 54 104
 54 105
 54  55
 55 105
 55 106
 55  56
 56 106
 56 107
 56  57
 57 107
 57 108
 57  58
 58 108
 58 109
 58  59
 59 109
 59 110
 59  60
 60 110
 60 111
 60  61
 61 111
 61 112
 61  62
 62 112
 62 113
 62  63
 63 113
 63 114
 63  64
 64 114
 64 115
 64  65
 65 115
 65 116
 65  66
 66 116
 66 117
 66  67
 67 117
 67 118
 67  68
 68 118
 68 119
 68  69
 69 119
 69 120
 69  70
 70 120
 70 121
 70  71
 71 121
 71 122
 71  72
 72 122
 72 123
 72  73
 73 123
 73 124
 73  74
 74 124
 74 125
 74  75
 75 125
 75 126
 75  76
 76 126
 76 127
 76  77
 77 127
 77 128
 77  78
 78 128
 78 129
 78  79
 79 129
 79 130
 79  80
 80 130
 80 131
 80  81
 81 131
 81 132
 81  82
 82 132
 82 133
 82  83
 83 133
 83 134
 83  84
 84 134
 84 135
 84  85
 85 135
 85 136
 85  86
 86 136
 86 137
 86  87
 87 137
 87 138
 87  88
 88 138
 88 139
 88  89
 89 139
 89 140
 89  90
 90 140
 90 141
 90  91
 91 141
 91 142
 91  92
 92 142
 92 143
 92  93
 93 143
 93 144
 93  94
 94 144
 94 145
 94  95
 95 145
 95 146
 95  96
 96 146
 96 147
 96  97
 97 147
 97 148
 97  98
 98 148
 98 149
 98  99
 99 149
 99 150
 99 100
100 150
101 151
101 102
102 151
102 152
102 103
103 152
103 153
103 104
104 153
104 154
104 105
105 154
105 155
105 106
106 155
106 156
106 107
107 156
107 157
107 108
108 157
108 158
108 109
109 158
109 159
109 110
110 159
110 160
110 111
111 160
111 161
111 112
112 161
112 162
112 113
113 162
113 163
113 114
114 163
114 164
114 115
115 164
115 165
115 116
116 165
116 166
116 117
117 166
117 167
117 118
118 167
118 168
118 119
119 168
119 169
119 120
120 169
120 170
120 121
121 170
121 171
121 122
122 171
122 172
122 123
123 172
123 173
123 124
124 173
124 174
124 125
125 174
125 175
125 126
126 175
126 176
126 127
127 176
127 177
127 128
128 177
128 178
128 129
129 178
129 179
129 130
130 179
130 180
130 131
131 180
131 181
131 132
132 181
132 182
132 133
133 182
133 183
133 134
134 183
134 184
134 135
135 184
135 185
135 136
136 185
136 186
136 137
137 186
137 187
137 138
138 187
138 188
138 139
139 188
139 189
139 140
140 189
140 190
140 141
141 190
141 191
141 142
142 191
142 192
142 143
143 192
143 193
143 144
144 193
144 194
144 145
145 194
145 195
145 146
146 195
146 196
146 147
147 196
147 197
147 148
148 197
148 198
148 149
149 198
149 199
149 150
150 199
150 200
151 201
151 202
151 152
152 202
152 203
152 153
153 203
153 204
153 154
154 204
154 205
154 155
155 205
155 206
155 156
156 206
156 207
156 157
157 207
157 208
157 158
158 208
158 209
158 159
159 209
159 210
159 160
160 210
160 211
160 161
161 211
161 212
161 162
162 212
162 213
162 163
163 213
163 214
163 164
164 214
164 215
164 165
165 215
165 216
165 166
166 216
166 217
166 167
167 217
167 218
167 168
168 218
168 219
168 169
169 219
169 220
169 170
170 220
170 221
170 171
171 221
171 222
171 172
172 222
172 223
172 173
173 223
173 224
173 174
174 224
174 225
174 175
175 225
175 226
175 176
176 226
176 227
176 177
177 227
177 228
177 178
178 228
178 229
178 179
179 229
179 230
179 180
180 230
180 231
180 181
181 231
181 232
181 182
182 232
182 233
182 183
183 233
183 234
183 184
184 234
184 235
184 185
185 235
185 236
185 186
186 236
186 237
186 187
187 237
187 238
187 188
188 238
188 239
188 189
189 239
189 240
189 190
190 240
190 241
190 191
191 241
191 242
191 192
192 242
192 243
192 193
193 243
193 244
193 194
194 244
194 245
194 195
195 245
195 246
195 196
196 246
196 247
196 197
197 247
197 248
197 198
198 248
198 249
198 199
199 249
199 250
199 200
200 250
201 202
202 203
203 204
204 205
205 206
206 207
207 208
208 209
209 210
210 211
211 251
211 212
212 251
212 252
212 213
213 252
213 253
213 214
214 253
214 254
214 215
215 254
215 255
215 216
216 255
216 256
216 217
217 256
217 257
217 218
218 257
218 258
218 219
219 258
219 259
219 220
220 259
220 260
220 221
221 260
221 261
221 222
222 261
222 262
222 223
223 262
223 263
223 224
224 263
224 264
224 225
225 264
225 265
225 226
226 265
226 266
226 227
227 266
227 267
227 228
228 267
228 268
228 229
229 268
229 269
229 230
230 269
230 270
230 231
231 270
231 271
231 232
232 271
232 272
232 233
233 272
233 273
233 234
234 273
234 274
234 235
235 274
235 275
235 236
236 275
236 276
236 237
237 276
237 277
237 238
238 277
238 278
238 239
239 278
239 279
239 240
240 279
240 280
240 241
241 280
241 281
241 242
242 281
242 282
242 243
243 282
243 283
243 244
244 283
244 284
244 245
245 284
245 285
245 246
246 285
246 286
246 247
247 286
247 287
247 248
248 287
248 288
248 249
249 288
249 289
249 250
250 289
250 290
251 252
252 253
253 254
254 255
255 256
256 257
257 258
258 259
259 260
260 291
260 261
261 291
261 292
261 262
262 292
262 293
262 263
263 293
263 294
263 264
264 294
264 295
264 265
265 295
265 296
265 266
266 296
266 297
266 267
267 297
267 298
267 268
268 298
268 299
268 269
269 299
269 300
269 270
270 300
270 301
270 271
271 301
271 302
271 272
272 302
272 303
272 273
273 303
273 304
273 274
274 304
274 305
274 275
275 305
275 306
275 276
276 306
276 307
276 277
277 307
277 308
277 278
278 308
278 309
278 279
279 309
279 310
279 280
280 310
280 311
280 281
281 311
281 312
281 282
282 312
282 313
282 283
283 313
283 314
283 284
284 314
284 315
284 285
285 315
285 316
285 286
286 316
286 317
286 287
287 317
287 318
287 288
288 318
288 319
288 289
289 319
289 320
289 290
290 320
291 292
292 293
293 294
294 295
295 296
296 297
297 298
298 299
299 300
300 301
301 321
301 302
302 321
302 322
302 303
303 322
303 323
303 304
304 323
304 324
304 305
305 324
305 325
305 306
306 325
306 326
306 307
307 326
307 327
307 308
308 327
308 328
308 309
309 328
309 329
309 310
310 329
310 330
310 311
311 330
311 331
311 312
312 331
312 332
312 313
313 332
313 333
313 314
314 333
314 334
314 315
315 334
315 335
315 316
316 335
316 336
316 317
317 336
317 337
317 318
318 337
318 338
318 319
319 338
319 339
319 320
320 339
320 340
321 322
322 323
323 324
324 325
325 326
326 327
327 328
328 329
329 330
330 341
330 331
331 341
331 342
331 332
332 342
332 343
332 333
333 343
333 344
333 334
334 344
334 345
334 335
335 345
335 346
335 336
336 346
336 347
336 337
337 347
337 348
337 338
338 348
338 349
338 339
339 349
339 350
339 340
340 350
341 342
342 343
343 344
344 345
345 346
346 347
347 348
348 349
349 350
350 351
