0.000000 0.016716
0.000000 0.013553
0.000000 0.129553
0.000000 0.022961
0.000000 0.047284
0.000000 0.026320
0.000000 0.050237
0.000000 0.078159
0.000000 0.028429
0.000000 0.037652
0.000000 0.026357
0.000000 0.046370
0.000000 0.057367
0.000000 0.027818
0.000000 0.031138
0.000000 0.054167
0.000000 0.015865
0.000000 0.021109
0.000000 0.030600
0.000000 0.024862
0.000000 0.033097
0.000000 0.034924
0.000000 0.051134
0.000000 0.044824
0.000000 0.024580
0.000000 0.032010
0.000000 0.048620
0.000000 0.039199
0.000000 0.312630
0.000000 0.049632
0.000000 0.036552
0.000000 0.015372
0.000000 0.035242
0.000000 0.021792
0.000000 0.021635
0.000000 0.017146
0.000000 0.022467
0.000000 0.035201
0.000000 0.031320
0.000000 0.022442
0.000000 0.024231
0.000000 0.029191
0.000000 0.016545
0.000000 0.103477
0.000000 0.025666
0.000000 0.065170
0.000000 0.033340
0.000000 0.021618
0.000000 0.041700
0.000000 0.019478
0.000000 0.024353
0.000000 0.035157
0.000000 0.050968
0.000000 0.014245
0.000000 0.024202
0.000000 0.167727
0.000000 0.023796
0.000000 0.022934
0.000000 0.024703
0.000000 0.056989
0.000000 0.025306
0.000000 0.020341
0.000000 0.022618
0.000000 0.013232
0.000000 0.015543
0.000000 0.021935
0.000000 0.014901
0.000000 0.022946
0.000000 0.027042
0.000000 0.110697
0.000000 0.047834
0.000000 0.019400
0.000000 0.017571
0.000000 0.034051
0.000000 0.027439
0.000000 0.050576
0.000000 0.175672
0.000000 0.245978
0.000000 0.033659
0.000000 0.073861
0.000000 0.038228
0.000000 0.098876
0.000000 0.030449
0.000000 0.037074
0.000000 0.055890
0.000000 0.156278
0.000000 0.039570
0.000000 0.038952
0.000000 0.027171
0.000000 0.036586
0.000000 0.020793
0.000000 0.026160
0.000000 0.030046
0.000000 0.043857
0.000000 0.016795
0.000000 0.023585
0.000000 0.016160
0.000000 0.013727
0.000000 0.013409
0.000000 0.018944
