50.689054 50.993132 52.184276 50.082403 51.391276 51.894882 51.070408 51.607232 52.242474 50.283903 50.868567 50.546893 53.049354 52.814700 50.004142 51.121321 51.153614 49.920448 52.401189 53.081212 51.109443 52.164858 52.308290 54.076158 
50.293661 51.986090 52.160682 53.409495 50.365546 50.380858 53.773532 52.020943 52.823170 52.191191 51.702987 50.829359 52.295403 52.401782 52.855473 52.337309 53.855088 52.516521 51.152665 52.497905 50.075698 51.641073 51.913700 50.878874 
53.132108 52.812486 51.209722 51.959346 51.425864 52.687678 53.254999 51.379495 52.676057 51.314782 51.130543 
50.007900 50.491045 50.043861 51.606616 50.523577 50.132136 51.593722 50.585518 51.313326 50.608150 52.403008 50.445720 51.057685 51.231462 51.350686 52.208416 50.406486 52.065209 49.968645 51.419557 51.226018 49.931249 50.659039 49.913399 52.389977 52.318046 52.169639 51.861877 
52.754397 49.989204 52.059815 51.713915 52.342287 50.345638 53.284403 50.541039 50.189455 51.288926 51.585201 52.168513 50.054908 50.978986 52.544157 
50.144054 51.023410 51.132927 51.313985 50.478295 51.232893 53.057321 54.157705 51.204295 53.182976 51.754561 53.091361 51.156752 51.129626 52.045460 52.744906 50.935143 50.433704 50.972562 51.879111 52.374485 51.682759 53.635329 51.499382 53.542957 50.676719 50.234548 50.057909 53.881443 
53.202875 51.839042 51.922505 51.646464 50.854545 50.610685 51.338847 52.041748 53.000500 52.425416 53.137604 53.834531 51.824158 
52.603744 50.197232 53.948714 50.046573 50.389060 51.616522 52.281031 51.657975 52.289738 50.574392 52.196085 52.127685 50.443797 50.203663 53.226571 
52.813849 52.380243 53.046351 50.162516 51.660111 51.204971 50.303042 50.027584 53.292770 51.327926 50.885631 52.627533 
53.874483 50.382146 50.630539 52.374739 50.647922 52.715719 52.750787 51.332908 50.735916 51.342971 52.475368 50.904009 52.730709 53.425852 53.695119 51.126660 50.136569 52.022474 53.378774 51.199489 50.862706 49.905306 
50.175177 53.064082 50.127645 53.582269 52.326104 51.037747 51.541787 52.263431 50.047021 50.842094 49.918188 52.312529 
52.078343 50.976359 53.241889 51.583171 50.648471 51.820939 52.892805 52.013380 51.773926 50.985284 51.883858 
50.721319 51.741715 53.981725 53.013641 50.233731 50.614093 52.593810 50.441123 49.990649 50.165089 51.642933 50.087387 
51.676036 53.904618 51.872964 50.171215 51.490157 50.743148 51.864830 51.116717 50.562580 50.883781 52.045184 52.234331 53.919583 50.759507 53.244302 50.034190 50.176796 52.182135 53.809070 51.182473 
51.614883 51.361915 51.207772 50.702137 50.335805 51.611695 50.162287 53.613193 50.827444 51.547840 52.448760 54.551202 53.667971 52.177469 51.660102 52.528686 51.913150 50.972731 49.909505 49.909839 52.070787 51.630099 53.320968 
52.518523 50.218005 53.089236 51.453293 51.713437 53.430472 52.173901 52.666488 52.416601 50.610423 52.547426 51.534783 
52.117216 49.961778 50.855755 52.600567 52.102874 51.865756 53.434894 53.205974 50.165960 50.996187 51.666147 50.228295 52.420714 51.300995 50.062016 51.034318 50.963048 51.367432 51.366940 50.544896 50.271225 51.998893 51.049146 
51.125235 53.845139 52.752972 51.791254 53.968190 52.075054 51.112583 51.535933 52.462474 54.380060 52.265581 50.302530 53.669226 51.568782 52.127641 50.870580 52.104072 52.757869 52.064905 51.100341 50.964178 51.026496 52.082390 51.657294 50.628006 50.318254 51.070059 
53.771243 53.733515 52.988457 51.462098 50.684814 50.877175 52.896780 50.260416 50.704414 50.419749 51.134910 52.623801 52.755574 
53.006771 50.682142 52.043097 52.036224 51.651496 51.772167 51.734000 50.876564 51.381865 49.974059 52.657350 51.878850 50.942915 51.477165 50.285731 51.811085 50.025880 53.075608 50.247813 50.744925 52.453661 
52.660371 52.191263 51.171597 51.610320 52.539547 50.776487 53.007450 51.284475 51.278215 53.289463 49.973131 51.884958 50.131736 51.918658 52.452215 51.666692 52.609472 52.206513 54.333021 51.603360 51.644018 50.987196 
52.290797 52.969704 51.770881 50.080337 53.759657 53.178697 50.181629 52.874785 51.046454 50.408005 51.046991 52.439979 49.977595 50.682074 53.114611 50.733921 51.253307 51.829934 51.523005 51.820240 
50.379481 51.340625 52.821737 49.971282 53.146181 50.285900 51.958483 50.661521 50.248594 51.415610 
50.219475 53.453917 50.891409 52.607002 52.165677 51.745789 52.157218 50.914734 51.920564 51.029180 53.839093 50.595895 52.354115 51.644770 51.732623 
50.743572 53.974672 52.148490 52.762240 50.966894 52.759520 53.335109 50.074121 52.221907 52.514493 51.073650 51.166953 53.209377 51.544565 52.095461 51.105987 52.083754 52.849614 51.722588 51.965814 50.772888 50.082045 53.938514 51.016140 52.197837 
53.259951 50.444776 51.771303 50.808722 52.082084 50.955055 50.669526 50.749644 52.678605 53.249654 52.259443 52.087072 
51.050455 50.854493 51.093353 51.488935 52.186982 52.375043 53.004012 
51.713531 51.996620 51.915920 51.352011 50.329372 53.022779 51.182277 50.128648 52.111551 50.852184 51.306781 
50.229982 50.418157 51.888343 51.726732 50.311137 53.964526 50.989315 
53.253465 50.066625 50.538848 52.928977 53.061717 52.244925 52.748269 50.118223 51.737107 
50.010170 51.566150 54.284563 51.628932 52.397082 51.899780 52.220690 51.666502 52.137854 54.066175 52.845900 51.077716 50.893806 50.717845 50.568998 53.370251 50.403679 53.677177 50.306637 50.441995 
52.388207 51.459946 51.548377 51.929784 51.043367 53.224728 50.394653 51.700438 52.259251 51.754507 52.898903 53.210676 50.591764 51.372879 50.577415 50.351266 51.129678 50.771775 51.686617 51.318167 50.594215 50.927438 51.790041 
52.527731 51.479275 50.321365 50.216026 50.127684 53.355442 50.617117 52.416989 52.478965 52.593307 50.661167 52.620517 51.589993 51.567132 50.491078 51.787681 51.003464 52.692328 50.752380 50.979400 51.830341 50.011347 53.882431 
51.031303 50.667810 50.940602 53.337992 51.553568 52.324782 53.615456 52.058780 51.251850 50.718315 49.911066 50.878375 52.511286 50.340527 50.170113 50.213716 53.436219 53.766323 50.866303 51.899914 49.953796 50.990882 51.460857 50.138126 52.678568 51.963440 
51.056481 51.723039 50.874595 50.716021 50.942340 50.972687 51.376356 50.651259 51.619095 51.674388 50.372028 51.432565 51.429190 52.721397 50.426761 52.846891 51.780944 51.931054 50.797372 51.759875 
53.820342 51.105087 50.669118 49.932372 53.388952 51.261441 52.788345 51.214940 53.801257 53.779454 52.326102 50.647173 50.448168 53.645232 52.849147 53.930365 53.564888 50.284781 50.096757 51.728233 53.034895 50.856330 52.114808 49.951461 51.911757 51.663899 50.056496 51.355174 52.680332 51.809908 
52.975564 53.247349 51.575941 50.755865 51.115608 51.905850 51.559101 52.985795 50.871919 50.732358 50.640080 51.314269 51.418420 52.028160 53.555181 50.263253 50.146401 50.992360 52.965077 50.187073 50.990062 
53.100297 52.797908 51.310659 50.750926 50.328680 53.855403 52.855383 50.478798 50.005160 53.834312 49.963790 51.205050 50.338321 51.670021 50.776673 52.086222 50.732878 51.320867 51.113202 50.805499 
53.773652 50.947658 52.171372 51.016813 53.530002 51.235663 50.042377 51.776483 50.949862 50.117780 50.651935 50.185708 51.101818 52.496368 52.730117 50.512667 50.907094 52.343450 52.628340 52.774576 
52.303069 50.087906 51.573856 50.160455 51.191896 50.850838 51.592853 51.815254 51.184708 51.153687 52.290890 51.750445 52.726968 51.177581 50.814095 53.961315 51.203394 54.123986 52.350585 51.536530 52.606788 50.565674 50.723149 53.125307 51.052873 51.189740 50.561997 51.090499 53.363080 52.018495 52.626909 52.085202 52.599051 51.151631 
52.924157 51.635815 52.882424 51.189752 52.552260 51.970301 54.073219 53.253883 50.370858 53.578295 51.472471 50.212531 54.036963 52.708435 50.588813 51.599213 52.635105 52.918124 50.278508 50.997140 50.215901 51.632543 52.797118 50.018439 50.204612 50.651380 51.744662 54.056814 50.895340 50.497453 51.964410 
51.872022 50.671604 50.937662 52.344849 53.770661 51.173993 50.963222 50.553937 50.445954 51.198661 50.364255 51.695922 52.182579 52.522754 52.269261 52.796389 51.736003 50.765989 50.175806 51.242557 51.221895 52.094707 51.245232 50.678942 50.511232 
53.704532 50.785715 50.644993 50.301908 52.906187 50.014178 49.936937 50.531549 50.805028 53.421098 53.794314 51.865465 53.251934 50.570909 51.371379 50.901314 53.055313 52.381604 54.171344 52.710913 50.923194 53.688536 51.447659 51.195699 52.067436 
51.533646 52.211980 52.172017 50.873847 52.960370 52.794188 52.467735 53.692663 51.740453 51.380990 51.138828 49.968033 
52.757445 51.994193 53.954293 51.033815 50.028376 52.732035 52.164096 52.590989 52.223090 52.974721 52.150999 50.864704 50.946015 49.982933 50.705602 51.939779 51.836361 50.609269 51.180522 54.284427 51.004472 49.906323 52.249927 53.075788 52.817857 50.022881 
53.508545 52.966144 52.264348 50.075978 51.890638 51.701435 52.564316 52.806758 51.218061 51.612539 51.437290 50.182064 51.003242 52.698957 52.353446 
51.947989 50.459943 52.874014 50.031411 50.928292 52.899843 51.468798 53.138181 51.926970 52.377811 52.774795 51.572311 52.497266 50.334754 50.091508 52.462709 50.790209 52.049541 49.932926 51.606036 52.677358 50.673094 52.039677 52.552814 
50.805523 50.214211 54.194678 50.355798 50.255729 50.551279 52.539060 51.322017 49.909398 50.694858 50.082228 51.096214 52.389363 50.152851 52.278689 51.149898 51.289349 51.835803 
50.790154 50.466713 50.683940 50.787015 50.323340 51.894581 51.086111 52.162447 51.050103 51.782911 50.727751 51.964541 51.863630 51.692080 53.542075 51.879897 50.029961 51.382042 51.316008 54.292436 50.563038 51.242857 51.488274 52.920433 50.990032 
50.637336 51.470426 51.439029 50.339447 50.349060 52.664885 53.994388 52.280677 50.194347 51.063946 51.372301 51.701914 50.507465 51.170737 51.561258 52.280365 52.757302 51.915127 50.418328 53.312397 52.747593 51.345924 51.213130 50.107180 50.844673 50.839913 52.030004 54.301318 52.880332 50.686739 52.604103 51.604360 52.764216 
50.632185 53.601077 51.854427 53.759320 51.175200 52.268479 51.632860 50.550294 50.751647 51.252406 51.589130 50.216001 52.563534 53.157642 51.180952 51.041251 52.400793 52.658889 51.608590 50.469359 53.124062 53.046477 51.297026 50.807452 51.715579 50.975723 51.812623 52.114980 53.200156 51.901231 52.459190 51.706798 52.532299 52.180702 52.920762 52.108155 50.185903 50.728342 
51.753367 52.259940 52.653125 52.506710 51.096089 54.066655 51.019257 52.376741 53.270078 53.177136 50.114350 50.035991 51.698507 51.082194 49.935762 50.920867 51.515381 54.041904 50.597437 
51.839045 50.308893 51.846016 51.090314 51.183295 51.657108 50.999505 51.863233 50.576084 53.291159 50.804275 51.341490 51.918679 50.279159 51.790068 53.180297 52.113087 50.069682 
52.806694 51.685287 50.627049 51.678790 51.943403 50.747209 53.875310 51.942076 50.451647 51.051310 52.831349 50.560724 52.818894 52.709161 50.792491 50.286411 51.751787 51.758482 52.335469 51.984184 52.729985 50.577807 53.387996 51.075776 51.161104 50.278556 49.980841 52.561547 50.458193 51.580023 51.496428 50.038864 50.704954 51.913247 52.570496 50.548292 50.975437 54.254741 49.952484 52.354636 
49.975495 52.101845 52.876843 52.334095 51.944916 49.970141 52.868523 50.448563 53.153018 53.107880 52.921885 51.788607 51.132281 51.047031 51.844690 52.901768 51.417525 52.517539 52.917304 51.939346 53.171339 52.184870 53.048497 51.600690 51.819372 51.414857 50.819467 52.657917 51.843872 51.842178 51.400289 52.438904 53.277633 52.265213 52.304696 51.953077 52.123760 53.752918 52.425591 52.096550 49.971958 51.343098 51.316872 
52.020672 51.957176 50.399619 52.844570 50.829467 
51.991000 51.649651 52.914823 50.795239 50.772653 50.777111 53.326461 50.694875 50.188003 51.996377 51.739136 51.557441 52.529261 51.583872 51.377430 50.250410 51.247142 52.439419 53.926831 
51.339747 51.838130 50.496746 51.504364 51.000952 51.907260 49.911746 53.141254 51.692601 50.466060 52.896629 51.340751 53.424319 51.928827 52.033236 53.932045 50.554518 53.079089 52.672711 50.249463 50.044153 50.328651 49.975270 
52.009557 52.831649 51.602441 52.668783 53.198028 51.912009 50.708975 52.521281 50.397281 51.882739 49.986897 51.804347 52.452852 51.619721 53.679123 51.994356 52.143471 51.695032 51.504098 50.863044 50.229069 52.850257 50.155815 50.215696 50.828115 50.481931 50.629686 50.198931 51.743067 
52.046542 49.981764 52.163537 52.911553 53.002655 52.057120 50.331037 51.773984 53.089043 52.569609 50.194887 52.335452 50.637296 50.038302 50.936107 51.000243 
49.912554 53.362102 53.290954 51.705226 51.807624 52.747909 50.994527 51.975884 50.196007 49.944964 51.271407 53.213631 53.386796 
53.592878 50.646699 50.701687 50.292052 52.279460 51.490362 52.721361 51.657482 52.863513 51.949996 51.912600 52.817331 51.955461 51.415938 52.844212 52.854270 50.117488 52.242286 51.669651 51.332990 50.389003 51.695876 53.723540 54.212313 51.869421 
53.424683 53.326308 51.722090 53.622895 50.034560 50.432289 52.728454 52.800215 50.285822 52.335605 50.170507 51.032477 52.256022 50.369857 52.938298 49.982965 50.205655 50.522701 52.221542 50.095298 51.167745 51.241939 49.925845 53.612778 52.965559 51.634995 53.298668 51.132302 51.639404 53.104558 53.258784 52.447266 50.891092 49.993648 50.955872 50.989016 51.957577 51.615240 
51.082256 51.456978 54.202439 52.305802 54.098234 52.081174 50.546494 51.982692 51.592149 50.162200 51.583185 51.825817 50.777276 51.149892 53.468262 49.966219 52.119001 52.041411 52.305930 51.138904 51.921692 51.198781 50.036985 50.625218 51.710763 51.929694 50.946726 53.119306 52.114730 50.081054 52.013947 50.631841 50.337727 50.541660 52.575098 52.216962 51.372696 50.579292 52.169053 51.311764 51.361593 51.194785 50.849867 50.992482 52.208597 53.144427 52.371909 
53.905061 50.196520 51.869131 50.486021 50.070769 51.846508 50.359087 50.931180 51.589581 53.158998 52.219856 51.704601 50.766670 52.626748 51.244433 52.559180 52.747516 50.378764 51.215553 52.524892 52.203163 51.957271 50.232984 50.704677 51.991689 50.335599 51.911670 52.966825 51.236363 52.628985 49.977134 
53.444410 54.281536 50.411283 51.191666 50.935575 50.962931 52.315958 52.839872 50.698281 50.986264 51.567727 52.105684 51.090650 52.885142 51.178927 51.708312 52.407309 52.046115 52.198773 53.129782 49.913120 51.700686 51.954127 
53.347203 54.254218 51.818377 50.528597 51.083368 51.505036 50.991168 50.947763 50.976844 53.921042 51.333459 51.520381 53.332316 52.110373 50.052015 51.721250 51.546655 53.755757 51.232017 51.321428 51.259279 50.584222 51.145303 52.196181 51.093404 51.327514 49.997581 50.366540 50.077132 51.502667 52.321026 52.119004 50.977609 52.514932 50.731992 51.709439 50.166681 50.564905 50.305319 50.855046 52.053166 
50.751100 51.382992 52.473768 50.443379 51.807853 51.552075 51.418444 53.758526 52.240858 51.994675 50.586017 51.476251 50.828921 53.075128 50.815682 51.206563 53.526806 53.746846 53.316810 52.793178 50.586280 51.907524 52.497471 52.063888 
51.461766 52.225608 51.737960 51.837470 51.005772 50.175219 51.094253 52.868087 51.957315 52.682322 52.985738 52.052375 52.909971 52.167921 50.726131 50.659948 51.114401 50.579885 51.844773 51.605998 50.127609 51.184839 50.435734 53.558353 50.090790 53.098882 51.181004 51.570919 51.914964 53.241865 51.209682 
50.896025 52.883513 51.249500 50.305278 51.205429 52.386383 52.284185 52.217393 51.640685 51.413266 52.092570 51.615274 
51.697028 52.639757 52.362983 50.491235 52.099743 51.681179 51.175709 54.211391 
49.941828 51.363467 51.144656 50.394696 52.533591 51.072275 53.424438 50.519137 50.773012 53.397537 52.088625 52.208572 50.321880 50.849298 50.813953 52.612837 51.233190 50.411777 52.024086 52.287371 50.637888 52.755493 52.010231 50.779935 51.224161 52.521226 51.479349 51.625215 
51.685492 50.091252 51.412993 50.934186 54.260626 50.852690 51.237824 53.834061 53.765120 54.057603 52.394779 51.076522 51.856614 52.067359 50.445412 52.765639 53.591410 51.078527 52.182680 52.619022 53.347542 53.478897 53.393381 52.506748 50.876208 53.396905 53.974062 52.325307 49.969409 51.881530 53.564509 51.825908 50.752148 50.110671 51.086567 52.360202 50.877170 50.800464 52.488895 53.464558 51.543221 53.027029 52.789983 53.191447 
51.790392 52.874302 50.129788 51.154614 54.091285 52.519086 52.980418 51.907747 52.130427 53.552746 53.269578 50.155521 51.581231 
52.720820 52.833935 51.340734 50.808138 51.221326 53.079249 49.987048 51.447100 51.369649 52.285525 50.713237 51.694031 49.941024 53.381545 52.203062 51.314459 51.244605 50.021573 51.078126 
51.140290 53.120775 52.273194 52.208517 50.588771 51.848752 50.949301 52.768429 52.833452 52.140863 52.190789 50.276742 52.461196 50.082592 53.441155 
51.302261 52.969527 51.701931 51.988342 51.524660 51.893166 50.293656 52.182479 
53.170780 53.072592 50.301435 50.553142 51.318111 51.577599 51.142559 51.665554 
51.928329 50.767187 51.769831 51.296944 50.102606 53.492909 51.307131 50.661942 51.035416 52.492802 52.505830 50.567316 
50.636546 52.847506 51.182639 52.439755 
50.137987 52.785181 53.693011 50.507565 51.936186 52.531782 51.038690 50.391961 51.001868 53.867666 51.679198 50.964197 51.077278 52.085757 51.250055 51.447938 
51.701257 51.593316 53.590969 50.213020 51.145191 52.631136 51.894106 50.280971 51.488829 52.152581 50.750387 52.880962 
50.577667 53.746436 51.389664 50.879333 53.924016 52.225788 50.963943 49.997445 52.655759 51.376352 51.087506 50.309184 51.172087 52.675446 53.038761 50.934799 53.073211 52.892877 51.714722 50.569530 
52.250975 51.820155 53.400717 51.169172 52.315875 53.283655 52.163475 51.561287 52.369547 49.988464 51.868194 51.962226 51.202189 51.833092 51.114189 53.056489 52.706167 
52.587510 53.133400 53.409320 51.461424 51.362147 53.407597 50.668621 53.156111 51.234790 
50.979267 53.017374 50.378503 50.697488 53.668502 51.004316 51.493191 51.854578 53.745585 
52.065779 51.348199 51.131178 54.030970 51.337709 53.475448 51.654204 52.255873 51.946856 53.826317 54.220411 52.158505 51.673813 51.128055 50.028416 53.106004 
52.537955 52.823238 49.913791 50.401465 51.828054 52.799840 51.886173 52.672556 50.757270 51.506551 51.475722 53.047735 52.827026 49.990158 51.152401 50.585607 53.550634 50.973654 50.540993 53.755376 50.473442 50.398577 50.045296 51.783986 
51.158896 52.187338 52.607517 51.677606 50.130970 51.107076 53.816159 53.452188 51.125067 51.832771 51.026847 52.003808 51.798572 53.592603 52.534016 51.337345 54.465857 50.915751 50.502019 50.628573 50.014546 
49.970122 51.430250 50.678276 50.996656 51.658735 50.807896 50.088553 52.148911 50.127448 51.882416 50.950314 52.096826 50.061666 50.851018 50.134194 51.283618 
53.253521 51.456182 52.068807 50.639739 52.223126 50.667440 50.791696 50.105288 51.627801 51.771553 52.074384 52.066042 51.920157 52.941908 52.604946 51.805558 52.265354 49.985066 51.650496 52.136465 51.665547 51.169706 51.239558 
52.771272 51.374940 52.404020 53.012455 51.679026 50.852964 51.059254 51.751943 51.194365 52.182708 51.520553 52.514064 52.884788 52.873708 52.103641 50.746831 50.237962 51.190405 49.989074 52.278463 51.391889 51.320733 50.007080 52.057135 
51.514673 50.920515 51.185138 52.207525 53.385170 51.209174 52.537321 50.457154 50.348668 50.486610 51.652531 50.496397 51.862094 53.424584 50.940079 53.524503 50.232771 53.194364 52.106798 53.122267 52.028061 52.395248 50.893902 52.371016 51.955256 50.691074 51.816821 53.461913 51.213494 51.702680 
51.492719 53.179844 51.096215 50.422790 50.413415 50.196889 51.582003 51.940544 50.513663 51.532542 51.478919 49.949472 53.376734 50.069511 51.016390 51.773682 51.747360 51.709115 53.416720 
51.824303 51.865522 52.689819 53.778475 51.672565 52.823612 52.278393 52.664847 50.868353 51.155235 51.290734 50.233251 50.141223 51.129893 51.332087 52.133122 52.604197 50.405733 51.500569 52.076553 52.097019 52.019692 50.595587 51.427389 50.914664 49.912129 
51.302484 52.320277 50.230460 50.858964 52.039031 50.286978 50.477461 52.907914 50.343615 51.974443 50.000898 51.173637 50.420947 51.364374 51.626157 53.819885 50.627066 50.828874 53.581889 52.857577 53.758161 51.994924 51.301241 52.018189 51.284227 50.650092 52.824034 53.432504 52.311645 51.860322 52.359210 51.673386 51.835421 53.520457 51.332230 50.312145 52.525810 50.448985 
53.630899 50.436137 51.639321 51.974655 50.458198 52.217366 50.321208 53.682377 54.043125 52.195937 51.149910 52.852023 52.133559 53.518314 50.936185 49.988324 51.277527 51.449531 50.530829 51.997340 50.607634 51.372861 50.808642 51.035117 51.648273 52.416699 51.715864 52.675239 52.223014 50.527183 53.263759 50.906600 52.102513 52.984566 52.011033 52.910851 50.280905 52.877965 52.260779 50.076101 53.858620 53.215067 52.786577 51.980560 
50.677320 52.708854 50.988094 51.086853 52.536438 53.705065 52.183946 50.243885 50.439647 51.638297 50.309592 51.691208 52.073518 53.147139 52.005656 50.409030 51.994879 53.101205 51.392182 52.175278 53.654666 52.897816 52.628952 50.416173 50.047275 50.678536 50.792420 51.131606 52.472962 53.122550 50.871410 50.484683 52.010098 51.634686 52.758617 52.840765 52.471084 53.725954 51.876750 50.988171 51.750494 51.945990 53.047393 50.411541 52.563170 52.256529 51.738713 53.466150 
50.095210 53.466789 51.234875 53.287868 51.074403 52.402195 53.238734 50.123104 50.129521 52.709851 50.282519 50.489097 51.250480 52.391028 51.534077 52.761957 51.082246 50.019614 52.842994 52.354202 53.950914 53.822834 50.507367 52.749790 50.018146 51.002123 50.131188 51.337887 52.193341 50.173036 50.003219 53.215853 50.352377 51.254159 52.089832 53.683981 51.296082 51.862750 51.549603 51.691889 50.075210 51.934656 50.328482 51.939652 54.145207 52.177290 50.450827 52.259034 50.603171 51.766777 
53.179381 51.926310 52.228422 50.235977 52.091902 51.678697 50.455633 54.213839 50.874754 50.174616 51.465070 51.015299 52.697646 50.278073 53.578108 51.935488 51.018457 50.937039 50.223460 50.811285 49.970519 50.991397 50.996422 52.010991 49.977983 50.064713 51.857637 50.476698 51.178767 52.348852 51.410043 52.127393 51.155394 50.597652 52.397339 51.394721 53.645517 50.476926 51.102063 52.656327 51.557282 49.920028 50.599950 50.189160 53.868740 50.525071 
