 80.975775 358.210442
 79.639762 355.170567
 55.142198 362.018354
 88.321864 355.322221
 61.782848 360.929718
 95.754418 359.745272
 54.812269 360.688721
 63.537481 362.107749
 46.692995 362.202885
 75.607578 356.894483
 53.899150 359.920935
 52.853751 355.335666
 53.890004 357.829413
 73.734985 362.548685
 84.724029 359.484926
 53.689052 360.525366
 74.448433 354.728214
 89.493594 358.361379
 56.744833 353.508681
 74.376878 354.591085
 82.431574 359.814178
 73.990065 358.402556
 50.714460 358.042660
 69.463626 358.566402
 75.066457 358.213944
 51.061062 357.990579
 36.577098 357.361937
 43.823616 350.369425
 51.873391 355.487263
 29.158987 358.735568
 76.650095 355.612906
 75.127640 358.440893
 80.267987 356.553612
 92.649086 360.845010
 73.048564 356.904300
 87.364028 358.068725
 73.924097 357.531762
 78.079802 358.813112
 66.317593 357.019081
105.528052 358.997336
 91.443344 355.071311
 74.844803 360.226326
 77.775024 359.495941
 51.643971 354.260975
 79.119949 354.638967
 69.188988 354.228424
 86.581850 357.317309
 65.942827 349.873411
 88.800587 358.977218
 98.902174 355.169115
113.781269 360.473039
 78.537725 357.726345
 69.128695 354.326398
110.885910 356.326133
119.764635 361.293773
 47.641523 356.142907
 67.464365 358.087132
 78.788914 358.719444
 87.150093 355.194503
 65.226227 361.792494
 53.430008 356.730009
 83.601830 355.407641
114.380231 350.869653
129.417402 358.782707
 90.668820 363.073514
 81.806400 360.419073
116.408944 357.980164
 73.749266 354.853129
 96.658517 359.047031
 54.885088 359.163948
 38.812629 354.338934
 90.838016 361.032138
128.630620 355.767686
 51.374844 359.793000
 74.664125 360.528997
 62.468802 360.294016
 36.620456 362.132756
 41.594832 358.291727
 53.676284 358.439922
 37.349204 356.048290
 68.879121 360.113107
 55.429587 354.450385
 76.236332 356.176804
 49.095291 358.056616
 48.904318 360.446124
 44.065206 360.592764
 59.349931 358.054356
 82.149764 356.988592
 70.402127 360.587039
 61.289156 355.651663
 75.494789 358.830682
 75.239438 357.439615
 94.354107 354.046222
 75.280521 360.646838
 82.219207 358.875582
113.304627 354.652873
127.523264 360.201729
136.528241 358.700624
135.560714 360.867532
134.072478 356.943249
