0.957567 0.829873 0.874928 0.905269 0.861293 0.862863 0.924496 1.249732 1.019164 0.880967 0.992675 1.076776 0.982942 0.995156 0.878485 0.832170 0.899391 0.876292 0.798088 0.811889 0.933350 0.995794 1.152636 1.105559 
1.032765 0.880416 1.108881 1.115631 0.910167 0.997533 1.144998 0.925008 1.000578 0.888163 0.980956 0.909579 0.870893 1.245581 0.839210 1.045297 1.116011 1.187901 1.229368 0.998295 1.127309 0.982369 1.022754 1.011668 
0.815206 1.072164 1.200596 0.851485 0.955561 0.839847 1.073974 1.065847 0.840862 0.871884 1.010822 
1.018999 0.854892 0.863777 0.892191 1.204193 1.051846 0.884980 0.994917 0.943163 1.051829 0.949165 0.900354 1.237083 0.826154 1.050863 1.024718 1.229120 1.225103 0.909839 1.166097 0.904996 1.053436 0.950304 0.804444 0.952361 1.029128 0.962737 0.957220 
1.216605 1.072991 0.992195 0.999556 0.806946 0.844408 1.115690 1.120873 0.994558 0.846138 0.941913 0.862630 1.010389 1.252107 0.966751 
0.988718 0.972826 0.802697 0.956229 0.940648 1.045683 1.210509 1.090571 0.903087 0.815096 1.099134 1.231433 1.106741 1.010441 0.815937 0.800426 1.147359 1.236473 1.190081 1.066062 1.258069 0.954280 1.013239 1.037404 1.179792 1.199281 1.127624 1.062529 1.133653 
0.798003 0.911111 1.028540 0.818330 1.090476 1.020936 1.210043 1.184365 0.796680 0.936450 0.812852 0.942369 0.889166 
1.039442 1.255005 1.045141 0.919116 1.178119 1.189595 1.113111 1.081769 0.901542 1.148903 1.146750 0.931899 0.973598 1.107102 1.149263 
0.906723 0.929501 0.902262 0.945284 0.813926 0.944387 0.963864 1.222947 1.257206 0.999675 0.888944 0.917181 
0.847360 1.116762 0.894760 0.942453 1.044757 0.814411 1.142060 1.168224 1.203700 1.208169 1.101187 0.941996 0.872441 1.224478 1.210109 1.179986 0.809383 0.912586 0.805202 0.899215 0.829238 0.889157 
0.821792 0.799623 1.172005 0.901750 0.829755 1.020380 1.059797 1.190820 0.822815 0.837693 1.143607 0.950438 
0.921740 1.033273 0.975104 1.152612 0.845584 0.924588 1.187351 0.979794 1.064986 1.015143 0.999731 
1.004284 0.892602 0.995481 1.211601 1.048156 0.991295 1.134165 1.022265 1.255183 1.214524 0.998908 0.835452 
1.008379 1.165624 1.014131 1.201815 0.908245 1.219599 0.795349 0.944452 1.059846 0.821269 0.954401 1.232409 0.854071 1.136880 0.913857 0.994038 1.241003 1.182394 0.818134 0.933739 
0.970607 1.175782 0.902057 0.882862 0.923916 0.907184 1.058168 0.869886 0.845029 1.135669 1.057913 1.181849 0.835143 1.077578 0.866263 1.213626 0.806047 0.874642 1.017467 1.117585 1.199486 0.858879 1.247342 
0.843803 0.841235 1.184421 1.098254 0.929431 1.131145 1.077564 0.940360 0.942904 1.031239 0.906244 0.928420 
1.207006 0.817018 1.190737 1.070437 0.923704 1.213699 1.047407 0.975105 0.985604 1.125414 1.163881 0.977063 0.994811 0.964698 1.101357 1.210762 1.023831 0.992369 1.033905 0.963865 0.869637 0.972791 0.850646 
1.010148 0.886011 0.830602 1.033388 0.954903 1.246331 0.813756 0.977500 1.035420 1.171878 1.031188 1.158209 0.941532 1.202043 1.230790 1.012331 0.987337 1.189902 0.985329 0.911841 0.813780 0.898973 0.943103 0.905383 0.841727 1.096834 0.891240 
1.099053 0.897599 1.094067 0.981992 0.814744 0.962512 1.044756 0.907929 0.881459 0.904524 1.088622 1.169884 1.109469 
0.940237 0.933774 1.022863 1.160928 1.089670 0.980375 0.959915 0.806107 0.855381 1.231416 0.831478 1.076234 0.955106 0.893300 0.959985 0.859918 1.230428 1.010608 1.054991 0.940454 0.991510 
0.962014 1.220878 0.933833 0.907702 1.127252 0.968183 1.053718 0.993328 0.919306 1.234082 1.071855 1.059505 1.039392 0.828617 0.865644 1.163214 0.899917 1.039843 1.047285 0.912133 1.099170 1.058588 
0.978309 0.986097 0.931919 1.080172 1.059012 0.812129 0.916518 1.081073 1.189163 0.834124 0.995839 0.925939 0.893723 0.863644 0.911562 0.962243 0.884085 0.907732 0.958173 0.815259 
1.120953 0.910818 0.991146 1.054176 0.885505 1.006285 0.974675 1.026702 0.949382 1.032744 
0.957090 1.071145 0.985386 1.098089 0.844520 1.258324 0.796480 0.872310 0.948193 0.976398 0.910213 1.075360 0.932714 0.881139 1.149087 
1.036859 1.253188 1.173679 0.948158 0.823706 0.884029 0.873580 0.940840 0.878899 1.234049 1.107204 1.022568 0.871439 0.998143 1.056565 1.020958 0.860822 0.897205 0.997747 1.197775 0.984156 1.242584 0.923681 1.161785 1.150110 
1.219975 0.885656 0.997674 1.180809 0.941100 1.182947 1.134358 1.039954 0.918790 0.863931 0.833437 1.245094 
0.914185 1.012442 0.952178 0.803651 1.142332 0.844178 0.962079 
0.860180 0.948701 0.865794 0.945068 0.933532 1.015762 1.177697 0.816101 0.866864 1.193060 1.053440 
1.103491 0.806434 0.805097 0.922032 0.986217 1.081306 0.956513 
1.031946 1.207703 0.843956 1.070325 0.920660 0.911859 0.930654 0.992604 1.250267 
0.923335 1.197657 0.990528 0.993714 0.824205 0.871160 1.124366 1.135850 0.826037 0.968062 1.002423 0.835111 0.854481 0.925571 1.042966 0.985783 0.962140 0.980703 0.846484 0.832368 
0.825274 0.988274 0.853611 1.033165 0.962967 1.143250 0.903776 1.142116 0.872512 0.841029 0.814775 0.905884 0.821566 1.151295 1.045177 0.858683 0.982474 0.961978 1.043735 0.908936 1.245756 1.108998 1.028362 
0.989434 0.911854 0.925668 0.860241 1.207837 0.901617 0.965319 1.112071 1.153498 0.952551 1.240188 1.173743 1.215636 1.163690 0.972519 0.812192 0.866494 1.257374 1.182944 1.208991 0.833351 1.095964 0.957093 
0.874529 0.812705 1.056417 0.965948 0.953007 0.871108 1.237961 0.870020 1.199167 1.129390 0.943159 1.053359 0.895164 1.029931 1.168623 0.810884 1.001478 0.904316 1.168827 0.883972 1.033782 1.236353 0.954690 1.226496 0.907234 0.914392 
1.012660 0.872284 0.819999 0.912064 0.814975 1.092399 0.891602 0.796748 0.925549 1.073886 0.904354 0.873846 1.207297 0.923457 1.111644 1.036967 1.244521 0.979077 1.064375 0.998102 
0.987488 1.045171 0.936763 1.250006 0.817864 1.103599 1.066873 1.187225 0.804186 0.893949 0.883177 0.949432 0.907409 1.204424 1.208266 1.100472 1.249633 0.857858 0.895898 0.821187 0.839817 0.882262 1.074209 0.801311 0.996324 1.109145 0.914280 0.988930 1.087785 0.995885 
0.830014 0.979060 1.001106 1.129549 1.097273 1.092892 0.959878 0.859524 1.004448 1.173062 0.871662 0.892091 0.941431 0.904053 1.105355 0.994444 1.103879 1.087559 1.026504 0.799454 1.126942 
0.903097 1.176952 0.858591 1.225416 0.945532 0.926303 1.171908 1.023913 0.940059 0.974031 0.943123 1.150449 1.244239 0.924973 1.147077 0.919232 1.081665 0.999765 0.905420 0.954037 
0.973374 0.864922 1.026989 0.837086 0.973087 0.904229 1.031119 0.933738 1.154587 0.926549 1.082680 0.867354 0.953220 0.812691 1.103996 0.995609 1.038838 0.934225 0.951933 1.104804 
0.833792 0.960172 1.108989 1.129239 0.898541 0.985006 0.879178 1.203806 0.974463 0.912847 1.074086 1.161134 1.243703 0.967950 0.935797 0.839329 1.212474 1.028471 0.968722 0.870412 0.919619 1.150031 1.008154 0.844788 1.104469 0.856338 0.945328 0.859743 1.189220 1.119201 1.016187 1.061770 0.889499 0.941274 
0.822878 1.072656 0.821501 1.203786 1.116865 0.817807 1.183440 1.154590 0.878109 0.994262 1.019088 1.138406 1.258412 1.001382 0.984085 1.021355 0.795328 1.032589 1.247608 0.980612 0.891711 0.823021 0.859957 0.983053 0.968658 0.989633 0.900820 1.172028 0.860516 1.006027 1.117688 
1.199042 0.955992 0.903610 0.950256 1.215660 1.213887 0.999319 1.064069 0.903957 0.988684 1.099863 0.927060 0.918535 0.953684 0.851010 0.995239 1.017833 1.087110 0.901968 0.970132 1.071326 1.157016 0.856764 1.120548 1.167220 
1.075845 0.796074 0.981479 1.156240 1.055458 0.931885 1.042875 0.915535 1.075680 1.239707 1.217719 1.244849 1.162940 0.806615 1.083754 1.062854 0.965825 0.864978 1.088838 0.950878 1.255215 0.862996 0.977659 0.948494 0.891615 
1.202168 0.987778 0.944951 0.938732 0.838690 0.991730 0.889547 0.840870 0.969948 1.014409 0.989398 0.842891 
1.105750 0.904677 1.256627 0.941789 0.861657 0.821479 1.153260 0.813179 0.866224 0.877078 0.972316 0.929520 0.846345 1.192341 0.894510 1.031918 0.919564 0.990015 0.836152 1.140651 0.894113 1.081824 0.820339 0.856944 0.817789 1.074514 
1.060216 0.854354 1.015484 0.859132 1.135681 0.870852 0.980768 1.036140 0.865890 0.819341 0.966670 1.159121 0.827135 0.992339 0.948286 
1.107989 0.833342 0.913221 1.224299 1.183427 0.907800 0.918351 0.997189 0.973648 0.814216 1.178719 0.812191 0.841144 1.093234 1.025369 0.926248 0.906497 1.046597 0.925511 0.959667 0.862968 0.892129 0.979055 0.866950 
0.915050 1.162764 1.120504 0.905662 0.945437 1.143074 0.839915 1.097977 0.947388 0.885833 0.927266 1.103650 1.115894 1.033660 0.931383 0.957384 1.081480 0.810681 
1.125213 1.252412 0.834060 1.239019 1.130466 0.954434 0.855600 0.832179 0.986158 1.012748 1.018211 1.207978 1.021355 1.116254 1.123499 1.099278 0.884088 0.850270 0.819000 1.189869 0.982415 1.042352 0.996565 1.049666 1.076493 
1.095338 1.161928 0.853887 1.199232 0.821931 0.954815 0.965864 0.795407 1.019806 1.123021 1.079794 1.109389 1.050407 0.826501 1.037852 0.795116 0.935507 0.987131 1.031766 1.100221 1.055910 0.808220 1.232328 1.232159 0.933377 0.881154 0.938324 1.160077 0.843350 1.075364 0.948126 0.798998 1.001595 
1.018314 0.865050 0.852084 0.859487 0.797202 0.875770 0.845727 1.171579 1.232960 0.980945 0.839383 1.240364 1.154083 0.819841 1.109507 0.900321 0.882908 1.076426 0.920006 1.026031 0.950380 0.938645 1.159460 1.130757 1.107378 1.256658 0.868291 1.125199 1.046812 0.899501 1.130670 0.989726 1.064283 1.136042 1.077330 0.965800 1.007989 0.980585 
1.011302 0.861674 0.818252 0.853578 0.878667 0.935072 1.191473 1.054923 1.045796 1.044521 0.919260 0.829693 0.830173 1.211989 1.235532 1.245476 0.930438 0.882565 1.126257 
1.166409 0.977644 1.030575 0.876699 0.914277 0.822779 0.985987 1.157776 1.081312 0.838510 0.976021 0.937322 1.142064 1.074646 1.006330 0.895212 1.041888 1.063020 
0.924569 1.217409 1.111435 0.848947 0.887703 1.156096 0.915233 0.960652 1.233902 1.003405 1.034438 1.144838 0.817873 0.820806 1.149402 1.183344 1.016038 1.083095 1.038086 0.951738 1.077555 1.148673 0.860392 0.808994 0.908100 0.981728 1.015336 0.960210 1.008697 1.025470 1.124865 1.026178 1.118231 0.837702 1.081558 1.016052 0.913540 0.820332 0.992460 1.151677 
0.896255 1.149807 0.984859 0.832827 1.209694 0.897468 0.843184 0.815031 1.121388 0.889697 1.165433 1.192329 0.926679 0.934439 1.080014 0.850089 1.090009 0.923442 1.211471 0.817758 0.967403 1.147143 1.161183 1.162417 0.800645 0.974991 0.929934 0.828709 0.834978 1.142767 0.912183 0.985020 0.875133 0.796761 0.919690 1.219202 0.984525 1.190217 1.139325 0.909629 0.812873 1.104349 1.035356 
0.794719 0.858395 1.176611 1.056317 0.917248 
1.112357 0.874345 0.878018 0.853061 1.043358 1.228337 1.034833 0.969031 0.956001 1.252530 0.970904 1.180792 0.932436 0.968502 1.057714 1.103039 1.028414 0.810614 0.867405 
0.906206 0.949650 1.205392 1.012626 0.839735 0.902631 0.993480 0.990494 1.131909 0.973801 1.242494 1.039001 1.003256 0.873945 1.082453 1.212509 1.003800 0.955283 1.031291 1.076053 0.888986 1.207836 0.959045 
0.806425 1.154646 1.120376 0.906041 1.122916 0.825681 0.872092 1.037509 0.947237 0.899686 0.957354 1.011004 1.217525 1.033048 1.185898 0.847840 0.798617 0.925940 0.976318 0.993083 1.001059 0.811499 0.910027 0.841975 0.906653 0.827520 0.807795 0.930634 1.000559 
0.958470 0.899155 0.859890 0.826617 0.973604 0.951045 1.139615 0.917717 1.173406 1.093851 0.922584 1.086078 0.973322 0.828740 1.041444 1.188381 
0.947375 0.850810 1.071886 0.857668 1.041030 0.905436 0.871465 1.141436 0.897071 0.883199 0.905743 1.065359 1.122118 
1.225446 0.837575 1.230044 1.224952 0.979401 0.987604 0.804556 1.074497 0.954862 0.862591 0.892531 0.797940 0.891503 0.941901 0.845260 0.895132 1.169143 0.841535 1.188309 0.829295 1.123349 1.000491 0.964370 1.085677 0.973968 
1.181458 1.101575 0.894396 1.029662 0.878135 1.023605 1.066735 0.896519 1.183807 1.013775 1.247417 1.133502 0.861058 1.002885 0.877089 0.833476 1.242409 1.232116 0.869440 0.954468 1.046752 0.796682 0.880434 0.952199 1.172841 1.108181 1.066979 0.918363 0.934177 0.884413 0.854862 1.215822 1.034085 0.895952 0.799281 1.080725 1.172240 0.929359 
0.852676 1.043271 0.962504 0.973658 0.935280 1.005483 1.047040 0.812666 0.879292 0.896522 1.221322 1.015320 0.824223 0.961348 1.161416 0.815457 0.896322 0.829761 0.844258 1.177178 1.070601 0.926308 1.160114 0.810142 0.993209 1.088892 0.986094 0.840555 0.877996 0.957921 1.158825 1.025061 1.150507 0.810936 0.821380 1.159197 1.184447 1.209404 0.996140 1.086197 1.138023 0.840217 1.138036 1.004796 0.839737 0.895225 1.178803 
1.104110 0.817380 0.856471 0.820582 0.876429 1.144488 0.933795 0.832904 0.904783 1.112036 0.947363 1.035611 1.009653 0.881580 1.000524 0.966996 0.983768 1.056599 1.189694 1.014892 0.840089 1.225878 0.889731 1.155036 0.959422 0.892372 0.884233 0.844234 1.152095 1.253604 0.905543 
1.045708 0.849147 1.082283 0.908853 0.883458 1.202355 1.201775 0.828579 0.861514 0.949249 1.239355 0.933985 0.886612 1.038941 0.888751 0.947811 1.044959 0.806005 0.958648 0.993221 0.880158 0.865245 0.941121 
0.976864 0.797437 0.857312 0.797369 1.118226 0.984207 0.901492 0.926945 1.071419 1.061118 0.904414 0.970725 0.933337 0.854594 1.150136 1.064233 1.084494 1.132771 0.806805 0.928875 0.838618 1.103111 1.000723 1.096168 1.189187 1.164556 0.932286 1.207502 1.022928 0.931161 1.117938 0.983623 1.161303 1.175535 1.036747 1.046593 0.873916 0.898771 0.837399 0.938807 1.026960 
1.240345 0.975873 0.996413 1.095658 0.927185 0.960336 0.817659 1.248472 0.993793 0.846879 1.136511 0.797414 0.814449 0.843659 0.823046 0.823298 1.167912 1.030371 1.226688 1.180606 1.143156 1.045858 0.952264 0.838608 
1.140633 0.890110 1.045800 1.101635 1.229958 0.899490 1.108376 1.007436 0.965777 1.162590 1.128020 0.847660 1.063383 0.994079 0.954082 0.833165 0.849524 0.858763 1.194795 1.006970 0.818452 0.948112 1.071500 0.956422 1.228457 1.067595 0.903406 1.213863 0.857755 0.992749 0.964704 
1.012365 0.839700 0.980462 0.800730 0.843332 0.878808 0.800954 1.216679 1.051363 0.911641 1.109107 0.907767 
0.920906 0.840830 0.819790 0.800453 0.813228 0.906142 0.889284 1.031189 
1.121135 0.861269 0.940315 1.021025 1.011988 1.253086 1.064443 0.895121 0.922212 1.026393 1.217592 1.154097 0.954386 1.034582 0.860305 0.953410 1.182712 0.891199 0.805906 1.132771 0.851237 0.857006 0.800376 0.951260 0.923820 1.049721 1.091987 0.850293 
0.981317 1.052077 0.815945 1.055211 1.085926 0.926758 1.051438 0.894414 0.932034 0.970678 0.850892 1.211579 0.889512 0.979179 1.197879 0.859676 1.006279 0.882965 1.220186 1.007399 0.851749 0.937346 1.103040 1.044586 1.012385 0.904671 1.012234 0.986270 0.821642 1.163148 0.875768 1.008733 0.873935 1.018603 1.214660 0.961592 0.882567 0.976757 0.932187 1.090833 0.818095 1.188837 0.795174 0.923659 
0.836494 1.057734 0.853569 0.961206 1.013502 1.103623 1.066922 1.190920 1.032614 1.135176 1.128304 0.964914 0.925241 
1.056068 0.898710 1.053494 0.909617 0.846083 0.921913 1.104213 1.184670 0.837488 0.930876 0.979303 0.959507 0.973778 1.224669 1.171212 0.892841 0.925217 1.247731 0.961744 
0.970233 1.019388 0.919411 0.956157 0.816580 1.083917 1.121062 0.858410 0.921708 0.948769 0.867139 0.978831 0.977539 1.122173 0.950660 
0.901536 1.001980 1.035002 1.031560 1.158266 0.950590 1.215598 1.000026 
0.979582 1.039516 0.989483 0.941485 1.192906 0.819705 0.817900 0.884404 
0.894877 0.993460 0.867525 0.894379 1.009596 1.084009 0.954877 0.808650 1.039412 0.836388 0.854672 0.895853 
1.040910 1.098025 1.089054 1.049124 
0.919732 0.845764 1.057153 0.832043 0.870320 0.913176 1.233074 0.836288 0.814481 0.906355 1.192233 0.856733 1.102829 1.208378 1.035055 1.060242 
0.885537 1.178072 0.819566 0.808846 0.910872 0.809054 0.801152 0.980806 0.808817 1.190144 0.907845 0.871879 
1.167030 0.971091 0.877324 0.957108 0.830947 1.104584 0.829979 0.851420 0.885579 0.824058 0.848281 0.989816 1.070112 0.810837 1.052934 0.918513 1.048565 1.075667 0.858179 1.060026 
0.851491 0.846813 1.172909 1.219806 1.021758 1.176551 0.794741 1.057138 0.912518 0.812781 0.835009 1.225371 0.851397 0.913663 1.106504 1.158294 0.985866 
0.890182 0.964445 1.219961 0.820728 1.203787 0.962236 0.821408 0.914650 0.869614 
0.826263 0.824040 1.047345 0.976739 0.812013 0.917223 0.897138 0.992632 1.214533 
1.056781 1.042310 1.089851 1.179918 1.206555 0.873186 0.817963 1.081390 1.177040 0.896890 1.113327 0.901861 0.817175 0.799619 0.854505 0.959245 
0.960148 1.018345 1.243887 0.986080 0.851563 0.984566 0.937531 1.131079 0.946978 0.813661 1.125265 0.861066 1.057995 0.826153 1.054703 0.916800 0.876132 0.982617 1.099093 0.969954 0.846366 0.802278 0.796592 1.156465 
1.034335 0.891346 0.866174 1.036230 0.954979 1.231955 0.861552 0.992286 0.819714 0.916072 1.024400 1.062057 1.081025 1.209531 0.909427 1.049935 1.038127 1.111759 0.973858 1.250899 1.052289 
1.070548 1.061460 0.849612 1.063733 0.865764 1.179572 1.016553 1.175876 1.257221 1.064764 0.996704 0.986864 1.041390 1.037346 1.163150 1.097606 
0.995126 1.019939 1.076236 0.824164 1.065988 1.021737 0.799715 1.111438 1.059483 1.197247 1.243167 0.986740 1.006497 1.097771 0.877491 0.881559 1.061895 1.030197 0.814078 0.971228 1.047001 1.051138 1.036842 
1.192076 0.845275 1.030778 0.840175 1.096980 1.233640 0.863553 0.907346 1.192595 0.978115 0.869519 0.825991 1.154580 0.968217 0.941624 0.934449 0.924426 0.969191 1.172250 1.030545 0.905460 0.926864 1.033747 0.853768 
0.964303 1.013735 1.199558 0.862131 1.047730 1.094690 1.195218 0.995879 1.153977 1.181955 0.941870 1.064820 1.084338 0.803407 0.828863 1.028356 1.018464 1.238263 0.923870 0.795292 1.092352 1.043596 0.983399 1.170619 0.881162 1.075108 0.798886 0.912379 0.969971 0.958568 
1.150098 0.911018 1.035322 0.999062 0.995733 1.100758 1.179298 0.999208 1.235285 0.930777 0.910598 0.980794 0.901577 1.107030 0.927550 0.892082 0.903565 0.880944 0.896429 
1.243052 0.849010 0.814507 1.199518 0.948202 1.141872 0.962415 1.031141 0.798237 1.091545 1.031436 1.121227 1.214945 0.999552 0.926815 1.008221 0.879929 0.934706 0.829545 0.917773 1.203935 0.847187 0.836941 0.959346 1.067563 1.101640 
1.046282 1.008809 0.932720 1.145622 0.855862 0.995717 1.171830 1.105719 0.820431 0.814542 0.854604 1.211933 1.213420 1.149106 0.950349 1.079826 0.801775 0.876216 1.022981 0.849249 0.821422 0.985638 0.942611 1.211046 1.160290 0.906308 0.947611 0.943865 0.911161 1.094999 0.801882 1.081291 0.836658 0.975694 1.245575 1.158354 1.015921 0.964329 
0.824295 0.947526 1.036761 0.924612 0.994988 1.047825 0.998484 1.073147 1.116828 1.102265 0.874878 1.227092 1.133375 0.988805 1.065210 0.806794 1.082179 0.840463 0.951302 1.113336 0.818844 0.958834 0.956938 1.134262 0.936475 1.082455 0.970473 0.891609 0.891699 0.940589 0.924498 0.953049 0.877111 0.819965 1.238401 1.009550 1.013617 1.128965 0.982133 0.870014 1.254868 1.234416 1.115736 0.902482 
1.020487 0.883445 1.111054 0.867583 0.912476 1.044039 1.023349 0.864758 0.979406 0.968686 0.835755 0.891846 1.016940 0.829513 0.936273 0.934011 1.084447 1.134237 0.810008 1.089817 1.101095 1.088233 0.816334 0.919385 1.044053 1.039422 0.969690 1.011954 0.957955 1.129620 0.890561 0.923918 1.039618 0.931351 1.066654 0.841006 1.107623 1.209533 0.981694 1.106259 0.917862 0.995736 1.153217 0.885360 1.060954 0.999867 0.877140 1.058912 
0.830931 0.813428 0.964777 1.257076 0.970909 0.805691 1.012594 0.945789 1.026987 0.870952 1.201872 1.027206 0.971140 0.927498 0.836342 1.043553 1.011248 0.861017 1.140723 0.875953 1.094894 1.163413 1.130112 0.802215 1.205554 1.083763 0.880408 1.229590 1.017983 0.985157 0.953929 0.810459 1.119038 1.022952 1.015077 1.219254 1.009503 0.906010 0.972612 0.873560 0.968394 1.005575 0.968903 1.107566 1.012414 1.132687 0.826673 0.907070 1.113180 1.174892 
1.089723 1.073992 1.018428 0.872827 0.908394 1.152063 1.187160 0.888476 0.908520 0.946762 0.890356 1.253708 0.949898 0.859300 1.099271 0.961085 1.025382 1.245583 0.814363 0.838343 1.078181 0.896767 1.011423 0.832104 1.185964 1.009586 1.059574 1.219873 1.186230 1.125766 1.035752 0.921465 1.034733 1.092320 1.084342 0.853544 1.129274 0.955469 0.915191 1.044533 1.095212 0.814117 0.839279 0.825862 1.043572 0.881016 
