35.286556 54.889488 13.956550 6.655247 14.829183 83.315681 19.136471 42.322789 11.411826 7.600966 113.754177 133.825162 3.853673 103.799998 173.393960 
5.337992 236.686483 164.715023 50.314469 82.434164 9.118212 84.992629 30.916369 23.327003 49.876218 12.403913 20.249889 4.356806 43.617063 
51.677260 147.368843 2764.110327 27.110563 487.825370 36.300531 5.657287 7.883259 73.172754 32.026727 443.574638 152.879364 2.988726 30.842644 277.744626 29.482064 182.474761 12.795366 
50.988663 64.387444 154.089802 116.350907 14.163097 25.427275 788.877543 3.979010 14.859348 197.745244 1.821706 527.993598 56.880732 14.843121 1.320470 204.288446 39.627479 1.242566 1.950329 103.717214 26.228042 140.458812 
73.674779 11.631245 15.476588 122.116949 3.035477 3.767854 282.192468 477.690820 0.332466 5.979622 33.921374 111.500292 3.158983 27.291676 38.021498 22.898374 25.927547 
97.815356 29.404792 2.908971 32.235274 69.796495 11.866106 32.696536 4.509579 124.817114 19.458945 384.229570 72.630808 14.968316 0.796763 9.893377 
17.775543 45.437712 48.618334 0.727320 89.316049 14.512556 119.131180 1.081423 467.756893 1.559971 4.167392 13.741712 2.230971 3.404022 35.712810 52.047326 23.705531 1.587996 127.573021 1.210323 66.845799 31.828409 14.038982 5.465695 6.926574 63.070706 8.144450 39.121183 
1871.508593 45.873917 8.056487 31.704847 37.286339 13.184086 6.797699 204.322716 10.660674 36.756082 520.270224 9.421911 4.027497 78.490078 48.113268 170.108710 60.091973 52.542714 326.061563 18.700036 2.882026 9.436664 16.259336 15.726203 51.061248 5.604906 10.402581 5.817179 78.235394 30.182132 463.900500 
5.379233 41.506504 10.932200 5.573275 73.929324 287.582764 19.312975 2560.295772 20.646942 5.725928 2920.469068 1.063088 7.363063 228.282215 7.151411 1.101868 1564.793412 78.217605 18.837345 16.745284 2.911934 34.686522 20.125132 
4205.347956 1093.588892 3.940775 23.952529 133.747337 404.132240 117.114169 505.762436 1178.693135 109.792487 159.897927 6.553984 54.451388 316.292305 3.828274 12.308729 434.296302 21.719678 565.314678 215.441112 463.370431 4.218756 278.431522 148.923975 260.599755 93.775765 99.993320 137.370141 184.178429 264.441970 511.124420 
4.704575 25.028858 27.894303 8.153656 331.049527 16.732352 9.961485 2.441284 28.608846 52.634610 8.570639 2.406141 17.771284 68.160632 27.379426 1.283421 2.233488 39.858120 14.541088 2.651541 2.753310 10.044025 11.392511 40.118504 187.954308 6.928647 329.766981 2.469414 25.221933 16.046672 60.106831 12.473905 8.236351 13.286003 13.022923 
506.772792 11.893618 205.127342 120.568860 621.922295 2.887596 291.486413 27.613064 1461.923512 14.523490 
22.577700 1636.255822 155.944294 5313.570953 260.639872 6.522674 61.166968 1168.277935 26.199368 1455.020878 30.136499 169.602914 117.515860 3.031496 59.971844 42.362806 25.379889 453.410302 
14.135115 28.305371 103.349623 2.655033 193.607503 6.717154 20.998821 0.872616 133.630387 4.120355 2.686767 17.904569 8.423513 81.943442 11.030090 30.147781 9.053197 
4.455588 12.516508 73.657709 58.533720 9.121993 50.185567 227.159059 131.613332 10.177815 15.388105 89.289862 
34.277520 2.878539 167.745507 816.974520 3177.489122 1572.425601 298.087644 207.596816 1483.581708 4506.807957 3.144405 815.640801 
0.670069 9.110831 43.708141 49.121724 1.852890 28.355551 117.651079 
21.069103 227.779847 3.190777 5.723528 282.771445 36.335348 6.366045 8.014826 7.272962 60.644482 15.703739 6.634537 85.512112 
116.020070 30.232550 43.568864 498.759201 29.210875 79.623379 108.564739 3.180688 4438.048115 566.286370 34.162719 205.735068 101.474302 14.803735 209.555952 51.949953 
36.908185 1.255236 178.925881 449.774085 42.514350 5.229385 66.188019 1.816713 24.868338 15.898692 21.640723 242.255586 9.269156 74.566644 300.514908 32.290402 26.020021 1.467865 
260.133519 7.119493 2.561841 17.828078 68.135689 169.586884 25.752254 28.285666 18.006149 94.973848 122.927845 62.804815 36.165460 
18.599019 607.958327 18.984857 2.555154 9.990490 27.247872 2.461014 21.831861 837.049671 126.453823 5.264954 155.488142 6.030716 123.999881 47.315705 4.196182 3.120839 2.108377 
10.533265 89.346015 2.739505 30.936591 3.715240 58.759379 35.794288 59.434254 33.233993 674.577570 3.434700 49.511630 6.538144 177.516823 2.355815 2.714204 86.460648 45.813348 4.604528 31.157408 10.432663 9.283800 2.114973 12.619623 32.981118 3.416035 9.346256 16.268419 70.890967 228.181374 12.847617 
64.054985 12.523476 1.692945 10.152841 8.164025 9.066261 31.836908 26.028151 6.876857 14.678689 6.094332 41.663159 9.429170 4.821305 23.191564 14.724980 25.117425 111.035610 194.161216 116.072021 80.459248 2.120834 17.696075 3.581987 17.732827 7.395343 10.098247 17.253473 7.760434 
183.767627 320.144892 422.550602 10.732779 275.132095 102.799151 12.465645 5.216819 5568.454143 80.962326 512.223913 31.951107 4388.891412 5.345540 1.898575 4.632851 31.907697 4.204502 22.028345 2683.847379 563.789054 4.742790 26.052549 14.367649 
230.110679 2.183282 4.098477 23.515204 14.779795 13.532724 6.101927 49.787142 26.930491 35.008035 541.373145 296.315920 1.059302 986.737027 299.371441 
8.771491 1.101049 11.532877 44.401744 26.789024 310.024699 8.309255 12.258198 1.789342 37.567104 3.565583 40.242856 491.953330 186.185190 37.817569 319.246811 0.247165 103.291158 2.789167 24.889256 526.548836 44.383439 6.213988 3.295873 115.403289 8.535057 
3.337566 36.700255 1205.025424 9.205297 19.331729 9.622345 5.249951 2.455520 42.305381 2.258430 37.316548 98.854336 34.110872 2775.041812 3.474887 9.212423 61.680822 1012.778525 572.543010 33.665393 8.112920 75.367832 397.048963 482.121617 23.425500 191.207127 5.550022 122.002852 1630.667132 8.286215 3.106879 9.087749 57.459085 
4.451160 261.841708 138.441676 156.426050 56.318762 69.756528 17.931495 23.529461 27.066744 62.628430 17.479733 9.175822 144.584635 122.817753 202.781162 25.434600 42.650628 76.559853 22.482591 19.170845 217.025283 74.329283 
18.141334 10.467754 68.764781 62.789617 1.487130 4.975501 2.397833 125.068144 14.356595 7.324473 2.160837 2.020849 3.997929 251.384019 33.344276 173.469813 1105.032763 13.882238 374.945868 54.508688 94.478552 190.067024 4.908793 76.074799 38.586246 27.792986 0.271704 6.670515 18.295712 185.408571 117.053190 7.330318 1.436058 536.468967 441.848240 180.731606 52.632237 0.512618 10.667375 44.487943 1.133633 51.695975 22.183262 1.019684 157.673440 1.181347 146.577034 40.292331 36.106988 8.526895 90.713982 71.655200 22.889041 140.012516 
32.086493 18.082878 1124.586625 118.936949 31.407890 69.756238 34.984260 12.242415 6.404658 117.674616 16.176695 4.645288 66.186940 26.282745 7.924309 10.993549 2.408248 98.613693 23.475888 77.163564 75.781004 82.489052 47.952898 364.398468 104.685388 
496.159417 35.699674 17.256454 463.004784 132.296595 49.379607 334.295561 3.950450 10.055682 5.214137 657.504292 31.921421 
172.418952 172.328565 17.114348 159.278660 4.867191 23.629225 2036.882261 7.648100 1244.241807 699.777989 8.230877 8.732617 12.066441 18.064849 
78.132570 1.888250 377.483878 50.858146 6.805396 5.506310 32.445294 16.916703 8.236826 7.925615 10.029252 16.426696 7.831571 10.666420 2.364056 30.171607 14.352786 4.501572 28.220778 12.728865 36.298967 45.241251 10.453762 118.219514 18.068447 7.152585 2.464985 13.555879 29.371096 11.151861 23.099251 
10.028609 75.029383 11.686357 13.443533 134.273465 26.482695 161.631326 68.141780 7.432690 148.913732 20.788070 4.734402 5.705333 30.953379 3.472902 6.969143 156.860414 
56.571001 10.513921 101.753610 53.907955 7.093130 34.240402 2.590757 30.623020 34.626309 21.913407 2207.871767 4.782991 310.266360 409.358968 7.259253 1234.973466 7.686390 2.602977 3506.161856 11.106934 157.458017 18.017161 
0.825774 11.944101 83.468540 13.996667 13.997322 2.756119 5.695925 15.199254 463.518109 283.284120 129.571811 11.306520 8.886371 500.425806 47.555038 204.422706 89.545337 73.691817 31.920363 54.461528 43.767381 16.562302 11.637527 10.880663 9.166717 100.347091 117.202390 
36.798837 197.887019 19.458148 7.551209 5.127905 77.791720 308.985869 31.023567 13.681946 116.438045 19.878104 20.075207 
83.271991 13.200242 8442.774296 29.063373 4.393045 986.094962 89.909076 1055.935908 2001.997627 2.541854 4577.793867 3176.228150 4.204271 20.182611 7.862495 19.763389 31.223461 2.878680 32.393622 54.729042 1.372111 
1.621350 2303.058261 27.391993 150.931622 23.371791 39.064620 21.094517 50.809339 47.241581 21.548571 
36.220335 18.295014 580.395991 36.014615 35.110041 14.250099 4.899766 147.001230 1.351022 13.055273 220.275505 1588.155549 3.339999 23.493450 622.277593 397.278066 199.066414 0.897831 40.884300 33.685071 1.645929 27.093946 711.026121 1.617143 
10.980695 1208.584602 138.326763 1404.657109 10.235905 1.131472 1.209860 123.986527 0.783329 704.980237 194.593649 2.028133 102.636470 1.656698 69.549230 5.460232 15.846756 83.688157 
182.224093 45.797179 9.860184 13.285708 66.783295 87.576895 7.468458 2138.867934 109.340030 0.504194 3.432750 1.836165 122.606234 123.973397 21.266429 5.487407 14.907988 12.375466 
597.428771 111.471256 15.908239 1922.320238 174.090892 266.891187 41.676297 2.431122 3.429806 10.359021 18.180853 88.100649 532.015563 4.949753 1402.815695 11.198035 20.754583 58.273275 131.444739 65.877205 225.807860 79.391363 2260.491892 27.147204 31.273591 78.322038 296.417136 662.105898 239.378595 36.389115 32.094675 44.627201 16.076239 4.921860 64.103768 75.686037 12.475394 
721.645674 32.039032 183.360841 409.490027 2.884255 167.087042 1090.022547 68.943512 111.348653 501.493985 3.690172 59.857157 126.321250 29.590886 6.712342 2.733521 1246.358364 578.079059 453.110849 78.674358 749.088837 84.515940 78.960630 4289.864636 162.210501 140.340460 149.359205 5.250036 
7.046456 272.548344 218.284404 149.649170 327.543135 242.617761 152.749941 473.965086 59.850487 440.022770 39.824687 349.580317 115.848378 98.586911 243.570560 
28.518658 36.476268 9.662427 18.128151 28.233680 76.230355 8.134860 11.712149 18.142000 12.938464 254.919906 36.184057 2.902673 
181.808340 324.032895 30.943372 15.981130 153.633485 7.455221 67.923584 2.125444 10.489630 21.491350 372.817915 155.990078 174.933945 18.380869 17.129355 10.064801 34.774469 3746.373418 29.524317 27.479499 166.420285 139.508090 38.447358 
16.198494 27.313617 5.116918 240.807490 105.305895 20.816854 3.318603 14.447020 72.573263 26.715498 8.532296 13.011604 6.591192 
130.123747 77.597927 23.914236 0.957941 8.982745 4084.982803 163.790476 12.728494 32.286953 43.977356 18.767643 98.770484 758.992655 291.513300 315.987012 
38.233774 106.639573 133.812202 6.481100 1.086842 31.054314 103.462325 5.584297 35.455700 21.275516 12.079686 46.603303 7.102210 
7.462193 1.816797 21.970278 19.758624 35.322477 26.136744 18.033172 16.589107 10.744898 3.747295 31.672097 32.107640 153.304784 39.389447 17.617001 1.695107 14.394901 
85.973128 1.744571 2.318843 31.274907 0.614568 22.194703 5.782455 15.603314 5.964730 127.154734 22.053580 101.738584 110.550400 9.436828 111.168121 5.770787 26.782866 148.343006 3.907270 1279.644800 2.657321 
1.209688 2124.895769 264.243216 9.836548 31.392072 130.525274 2560.373904 23.349482 6.084484 291.879935 280.598641 526.942957 109.009077 3.525352 682.164416 570.421198 85.146904 356.537276 
2.425753 184.682092 20.162904 383.400087 92.246520 170.858234 362.052040 1305.224460 7719.630627 4.457362 8.372240 1657.062492 138.457916 128.511256 628.961505 176.217595 18.227755 5.754910 189.431154 37.186257 2850.868041 454.639270 36.844293 275.722143 235.665362 452.629142 251.357670 21.961789 188.470012 358.275691 547.900232 32.272656 
17.401012 25.805853 14.731883 20.476848 35.860725 14.734407 21.497887 33.313823 28.010007 25.425123 25.844228 
4165.504714 20.900437 196.468524 145.787939 360.368298 2.486245 308.465324 6.649133 114.940972 15.068568 80.859571 224.149428 11.675100 6.801051 447.057625 474.681929 16.261888 127.270035 
557.610808 85.635401 69.206465 115.183851 0.831927 11.054021 5.100838 10.416877 164.291014 307.772912 34.882375 47.315818 20.755515 692.680542 
63.626387 523.739015 3.962334 249.064929 15.218255 4.525726 0.684979 7.332211 19.237584 3114.549175 37.244736 34.831049 3.558245 43.952789 13.998122 226.519930 405.076157 5.840618 9.250891 96.458743 126.469158 1686.067049 13.525735 63.580528 176.525459 92.969217 48.648331 15.181355 320.374148 3.927834 43.224455 129.042921 
80.623307 5.508272 80.991832 13.132700 318.820118 185.050954 48.134546 23.582957 0.891986 267.781529 250.012659 15.110954 1.134332 21.978665 22.009070 71.469967 1142.551652 103.022887 9.914390 
7.982022 152.636125 10.190569 0.514996 73.664745 33.234305 36.226274 66.987186 88.050330 55.577616 19.263002 
589.561786 166.616325 979.833155 4502.506196 1855.085267 64.677554 316.166840 11.865625 145.974885 38.159069 113.303130 132.942396 174.062020 
11.356915 43.223275 0.981365 30.470789 6.915436 4.345775 105.114943 44.200736 7.628812 185.973873 954.526267 115.502559 15.787557 5.862423 29.134493 3.790462 60.195904 
161.969430 12.051385 25.145021 30.742237 3.455721 5.970891 227.815176 31.997176 138.372636 18.681016 90.244455 25.472284 10.775348 29.023477 4.186126 32.166283 381.722393 9.759698 2.795384 
3.752081 14.743319 42.054722 2.773097 2.201413 104.670392 58.176391 2894.666473 645.583792 74.707676 47.202810 4.688948 412.353281 88.637751 46.794629 18.103874 55.308469 
95.452542 9.891178 7.198526 483.282096 220.074254 27.760203 104.846088 166.110756 59.597720 16.659303 29.497702 
14.654418 473.354988 441.884015 78.056047 11.112934 35.189155 6.265239 191.554105 24.666912 10.902916 71.196021 4.312128 1074.388583 27.917699 6.550863 20.848314 2.679364 111.879629 
791.591923 2675.813159 909.877308 60.435567 29.246640 16.627531 3.064761 114.323545 13.110223 8085.709785 9.337414 11230.504855 7.600981 186.009444 1013.525112 7363.606980 30.399453 965.630536 79.581407 799.107435 128.623619 81.267732 11.550163 
155.510315 491.068140 5.421922 1040.105884 99.237545 26.422046 20.223267 18.530784 217.094012 19.354149 141.561335 14.980128 4.738327 479.300815 8.469215 20.930143 6.193943 12.312214 92.885081 46.461892 3.154922 21.335730 2.330370 143.787884 50.300913 12.881530 52.881180 11.725909 285.847824 27.817045 95.813081 35.809572 32.918410 0.845572 18.380820 27.822559 13.826201 
135.109915 13.878034 1067.987703 7.652780 8.299414 6988.882794 299.988671 75.317183 9.168672 16.249222 52.328179 335.563392 175.100647 216.506282 6.827763 296.685285 12.993805 209.691951 4.009900 17.550943 
5049.907880 1.651828 63.606373 58.655868 130.174580 184.583803 5.373079 5.267052 96.179092 124.829332 700.600453 1.329031 45.157950 52.601704 5.706146 129.439690 8.382013 16.060219 57.028605 63.958963 1.517355 2718.881188 35.834830 
21.975813 64.826940 75.582807 11.511012 0.932041 12.069412 382.725415 2.534684 94.033169 73.473757 29.352148 31.311093 32.293074 86.976444 68.425679 
24.372057 9.108524 680.905124 236.275520 122.796524 39.473793 17.970453 42.810422 22.091233 35.962330 1.707090 196.573362 31.321297 4.516755 14.797216 4.424585 104.444184 13.758160 8.607528 14.769019 
621.270436 2.534285 355.656353 28.877543 40.627730 10.844945 2343.782470 8.236862 10.180085 1.564871 0.882063 135.220343 141.159781 29.346332 7.084579 45.741906 81.085009 12.354631 2.417566 60.361173 1359.136750 9.092174 151.363643 
8.439990 55.828867 78.687257 55.022788 17.957808 15.490581 1.725758 7.897289 27.151526 3.293306 21.550857 13.641507 208.349028 21.715043 39.189207 11.393435 5.452768 23.804420 3.760945 
189.071930 308.674731 578.485236 47.756005 6.803074 1.572950 4.727492 36.902945 7.747523 10.045252 740.561276 128.843686 36.396255 133.424792 1190.718943 59.228662 21.523841 315.940978 17.178724 69.326520 
118.162250 93.405771 2.113140 899.461637 38.559772 26.160735 1.430964 11.295175 400.498143 18.328280 15.629135 4.846918 7.006059 4.295866 230.872364 1255.150624 46.699045 48.514238 141.316343 1547.667415 802.520112 31.955679 1.715772 154.601280 2186.303602 1564.183203 55.361410 36.582720 32.141501 
43.339244 22.482799 971.912468 3.280044 137.476927 93.761235 69.635414 519.242789 2463.837680 11.093233 85.614246 57.740999 9.557350 1.540079 2527.779953 7.353138 2460.662884 19.720758 158.015533 61.583830 177.813908 210.918493 20.266237 11.131472 39.914892 87.068674 196.503803 
74.421721 11.901619 1048.451585 342.959427 95.521553 24.488573 30.478523 11.946778 37.554533 48.202305 170.851199 3586.252597 2.899384 58.856156 14.756857 3.238589 19.703428 
21.767088 20.937544 119.590729 260.807416 35.749490 5.410220 3.587301 15.575031 101.439274 99.432569 3.145454 20.945014 19.878065 17.382331 61.787233 132.546044 
91.196316 28.817206 167.970235 3.275346 38.051723 12.847831 158.153931 81.336761 14.672583 102.822316 214.849831 334.361265 367.617023 389.868530 31.540845 15.470017 179.334703 343.440750 9.094085 172.927285 664.785754 49.733668 68.148971 63.156820 21.306927 18.756761 278.396468 
6.498573 38.299420 33.700892 141.369784 226.709564 0.640042 12.107160 296.845135 44.247419 218.166107 3.176814 165.064240 997.590946 10.443346 15.985090 11.259359 90.817654 13.163155 34.058508 
7.074885 26.375937 21.412747 280.346769 6.834601 7.864839 31.134290 5.964796 113.440644 139.302816 
1018.030916 12.886371 285.139243 4.521030 45.707526 8.699607 0.611329 350.982153 650.792671 249.284071 17.458023 1.536868 28.051047 55.140874 4.810440 3.368841 1.730193 0.460467 163.586816 321.706445 90.439666 1231.717770 1236.173682 68.123921 505.702452 2.253192 28.826343 11.575291 13.682043 11.231258 1.991911 5.373466 17.176161 60.385656 24.570183 12.629103 6.970250 5.270372 33.066995 6.432869 795.444683 34.028578 106.233975 
78.287027 287.620825 52.965176 14.536696 27.282017 406.633600 2032.226612 5.429926 745.784346 558.460323 47.252679 236.373057 413.087796 
97.059355 0.845012 4.249184 4.083575 375.329800 869.667101 49.223759 22.697858 412.783690 135.285700 10.923368 26.717126 54.331526 4.805888 79.464550 131.735004 0.971775 2.177524 14.941771 377.994083 109.099971 7.004426 35.672831 32.169141 2841.668080 
34.112183 10.144542 69.116259 5.671390 1.541257 1.855980 63.508584 7.193180 2.083456 1.310335 7.459886 68.871656 166.579694 2.327147 201.581947 11.602540 1.093364 144.530265 188.593587 191.238968 1.919459 132.063578 23.119728 369.293970 7.784238 47.773449 
1031.451188 3.137757 19.525230 18.770839 1.622654 41.108896 33.498750 3421.349438 100.879285 6.635468 12.962137 61.775594 5.677690 12.845544 413.782929 16.284891 99.136137 4.647280 5.311179 6.054111 52.057898 10.610782 6.111882 6.575067 24.327049 
431.017790 7.595857 0.599604 0.259930 132.972687 469.986783 22.230686 14.588105 7.108232 124.146414 6.606849 3.583389 120.229911 92.647819 19.845838 138.159441 986.420182 12.105639 415.154642 13.628641 61.290679 8.547943 
851.591292 176.022489 3.487930 1.114087 20.363592 15.218455 338.801770 13.131533 24.059769 211.470468 131.827735 368.301161 53.188312 5.619191 40.386355 1.292043 239.369746 96.886042 721.146004 11.924828 
24.925366 7.148011 5994.067006 1.671842 1.437805 35.704504 14.681818 26.005012 672.103722 933.725817 
1.762566 1.083698 1.016276 5.767960 28.049451 78.843903 26.193036 14.996036 15.715795 89.542987 2.818204 1.305148 35.437618 0.144939 576.830897 80.067279 92.450683 565.393877 49.624058 1.441540 63.236367 728.335825 10.472712 1.348471 61.695037 2.439020 
41.527066 16.202393 58.453484 8.099983 2.031985 0.644750 226.568838 101.249992 462.078808 81.485587 283.941582 259.432749 2.495371 4.977266 18.255689 1044.746564 30.256462 20.747510 13.675836 1808.058402 41.334339 
39.052868 12.281671 174.686336 1.045671 10.653767 28.822947 6.867534 6.121582 31.366138 
7418.423292 7.066753 164.959879 349.195452 524.329009 182.011263 1005.902114 76.598058 181.567889 99.315600 49.022304 130.912288 
62.128857 7.050935 4.643176 4.207736 975.246286 46.004718 40.219035 97.891038 13.006868 1089.975101 59.870042 2143.050666 5.320320 129.663357 98.779604 815.875571 113.310331 40.256910 48.151758 37.600718 229.238313 181.527247 362.977242 161.175836 
64.458505 5.225123 43.990213 13.734927 21.728036 15.240576 20.025124 184.839278 4.046076 82.689758 81.262375 48.645119 4.462243 24.002083 4.268328 120.042046 1.316167 4.006784 
78.747856 30.771267 59.422226 7.244584 8.158840 20.572991 333.286711 99.808590 102.978317 104.017023 14.936464 24.669193 109.921446 23.339855 9.933127 
349.120813 177.717172 92.967238 18.528824 91.344139 5.516311 317.876648 11.424359 183.505666 7.803127 19.077428 98.570931 24.510256 0.680164 13.740647 36.903655 329.555049 211.765088 120.269670 49.984274 68.271607 6.568604 36.058263 47.649212 281.818055 40.800973 35.125123 
155.902697 42.378261 7.080243 1.417425 9.857502 86.934030 91.692003 5.272920 2.340957 37.463082 1.825956 5.736254 7.224423 40.756762 43.129724 30.232228 39.740946 113.475628 22.812092 48.430714 1.988392 73.587911 
