1.658723 0.766180
1.417222 0.426401
1.913667 0.707441
1.724198 1.086270
1.355049 1.357127
1.506209 0.734567
1.410502 0.599844
1.497770 0.676967
1.474781 0.926462
2.130227 0.720019
1.244297 0.484006
2.202410 0.776934
1.851672 0.837905
1.407833 0.712433
1.596066 0.567217
2.450246 2.882066
0.693276 0.809721
1.150577 0.776484
1.858031 1.050271
1.187260 0.754843
1.657769 0.741627
1.331091 0.906177
1.274027 0.520287
1.334439 0.375367
1.883608 0.721512
1.880969 0.906251
1.293434 0.671926
1.507412 0.970349
1.675465 0.235809
1.335112 0.732733
1.358987 0.336742
1.826587 0.674313
1.402354 1.126736
1.179262 0.218583
1.232402 0.788163
1.828788 1.540641
1.392853 0.420327
1.801354 0.427253
1.996187 1.521868
1.531836 1.391011
1.382158 0.698886
1.354973 0.497545
1.402316 0.683142
1.730979 0.717990
2.434822 1.880949
2.002975 0.218203
1.662732 0.726939
1.759393 0.667875
1.792450 0.655187
1.735110 1.021025
2.000970 0.719155
1.185377 0.316375
1.512257 1.249307
1.835930 1.110445
2.144383 0.620577
1.359769 0.193905
2.013819 0.786923
1.646966 0.863009
1.590848 0.638077
1.778947 0.632045
1.043353 2.971632
2.316038 0.373728
1.576950 0.905767
1.636789 0.537537
1.950411 1.479687
1.694295 0.342510
1.335799 0.789823
2.278038 1.273116
1.643211 0.496863
1.986458 1.298378
1.980156 1.639803
1.231213 0.427987
1.507922 0.449650
1.608338 0.763294
0.989332 0.474384
1.939778 0.795020
1.836760 0.613768
2.052439 0.630886
1.681283 0.654196
1.572776 0.424449
1.931482 0.388009
1.442334 1.618440
1.288122 0.405874
1.105985 0.848428
2.328006 0.902871
1.545682 1.359564
1.098485 0.552401
1.566233 0.836148
1.303783 1.029199
1.414036 1.437238
1.833172 1.918105
0.994946 1.391738
1.621161 1.072465
1.167770 0.303776
2.282338 1.585907
1.953493 0.555520
1.143656 0.565625
1.612580 0.807468
1.781496 0.347537
1.242051 0.404526
