77.014493 42.916667
77.420290 42.916667
77.826087 42.916667
78.231884 42.916667
77.217391 43.333333
77.623188 43.333333
78.028986 43.333333
78.434783 43.333333
78.840580 43.333333
79.246377 43.333333
77.014493 43.750000
77.420290 43.750000
77.826087 43.750000
78.231884 43.750000
78.637681 43.750000
79.043478 43.750000
79.449275 43.750000
79.855072 43.750000
76.811594 44.166667
77.217391 44.166667
77.623188 44.166667
78.028986 44.166667
78.434783 44.166667
78.840580 44.166667
79.246377 44.166667
79.652174 44.166667
80.057971 44.166667
80.463768 44.166667
77.014493 44.583333
77.420290 44.583333
77.826087 44.583333
78.231884 44.583333
78.637681 44.583333
79.043478 44.583333
79.449275 44.583333
79.855072 44.583333
80.260870 44.583333
80.666667 44.583333
81.072464 44.583333
76.811594 45.000000
77.217391 45.000000
77.623188 45.000000
78.028986 45.000000
78.434783 45.000000
78.840580 45.000000
79.246377 45.000000
79.652174 45.000000
80.057971 45.000000
80.463768 45.000000
80.869565 45.000000
81.275362 45.000000
76.608696 45.416667
77.014493 45.416667
77.420290 45.416667
77.826087 45.416667
78.231884 45.416667
78.637681 45.416667
79.043478 45.416667
79.449275 45.416667
79.855072 45.416667
80.260870 45.416667
80.666667 45.416667
81.072464 45.416667
81.478261 45.416667
81.884058 45.416667
76.811594 45.833333
77.217391 45.833333
77.623188 45.833333
78.028986 45.833333
78.434783 45.833333
78.840580 45.833333
79.246377 45.833333
79.652174 45.833333
80.057971 45.833333
80.463768 45.833333
80.869565 45.833333
81.275362 45.833333
81.681159 45.833333
82.086957 45.833333
76.608696 46.250000
77.014493 46.250000
77.420290 46.250000
77.826087 46.250000
78.231884 46.250000
78.637681 46.250000
79.043478 46.250000
79.449275 46.250000
79.855072 46.250000
80.260870 46.250000
80.666667 46.250000
81.072464 46.250000
81.478261 46.250000
81.884058 46.250000
82.289855 46.250000
82.695652 46.250000
76.405797 46.666667
76.811594 46.666667
77.217391 46.666667
77.623188 46.666667
78.028986 46.666667
78.434783 46.666667
78.840580 46.666667
79.246377 46.666667
79.652174 46.666667
80.057971 46.666667
80.463768 46.666667
80.869565 46.666667
81.275362 46.666667
81.681159 46.666667
82.086957 46.666667
82.492754 46.666667
82.898551 46.666667
83.304348 46.666667
76.608696 47.083333
77.014493 47.083333
77.420290 47.083333
77.826087 47.083333
78.231884 47.083333
78.637681 47.083333
79.043478 47.083333
79.449275 47.083333
79.855072 47.083333
80.260870 47.083333
80.666667 47.083333
81.072464 47.083333
81.478261 47.083333
81.884058 47.083333
82.289855 47.083333
82.695652 47.083333
83.101449 47.083333
83.507246 47.083333
83.913043 47.083333
76.405797 47.500000
76.811594 47.500000
77.217391 47.500000
77.623188 47.500000
78.028986 47.500000
78.434783 47.500000
78.840580 47.500000
79.246377 47.500000
79.652174 47.500000
80.057971 47.500000
80.463768 47.500000
80.869565 47.500000
81.275362 47.500000
81.681159 47.500000
82.086957 47.500000
82.492754 47.500000
82.898551 47.500000
83.304348 47.500000
83.710145 47.500000
84.115942 47.500000
84.521739 47.500000
84.927536 47.500000
76.202899 47.916667
76.608696 47.916667
77.014493 47.916667
77.420290 47.916667
77.826087 47.916667
78.231884 47.916667
78.637681 47.916667
79.043478 47.916667
79.449275 47.916667
79.855072 47.916667
80.260870 47.916667
80.666667 47.916667
81.072464 47.916667
81.478261 47.916667
81.884058 47.916667
82.289855 47.916667
82.695652 47.916667
83.101449 47.916667
83.507246 47.916667
83.913043 47.916667
84.318841 47.916667
84.724638 47.916667
85.130435 47.916667
85.536232 47.916667
76.405797 48.333333
76.811594 48.333333
77.217391 48.333333
77.623188 48.333333
78.028986 48.333333
78.434783 48.333333
78.840580 48.333333
79.246377 48.333333
79.652174 48.333333
80.057971 48.333333
80.463768 48.333333
80.869565 48.333333
81.275362 48.333333
81.681159 48.333333
82.086957 48.333333
82.492754 48.333333
82.898551 48.333333
83.304348 48.333333
83.710145 48.333333
84.115942 48.333333
84.521739 48.333333
84.927536 48.333333
85.333333 48.333333
85.739130 48.333333
86.144928 48.333333
86.550725 48.333333
76.202899 48.750000
76.608696 48.750000
77.014493 48.750000
77.420290 48.750000
77.826087 48.750000
78.231884 48.750000
78.637681 48.750000
79.043478 48.750000
79.449275 48.750000
79.855072 48.750000
80.260870 48.750000
80.666667 48.750000
81.072464 48.750000
81.478261 48.750000
81.884058 48.750000
82.289855 48.750000
82.695652 48.750000
83.101449 48.750000
83.507246 48.750000
83.913043 48.750000
84.318841 48.750000
84.724638 48.750000
85.130435 48.750000
85.536232 48.750000
85.942029 48.750000
86.347826 48.750000
86.753623 48.750000
87.159420 48.750000
76.811594 49.166667
77.217391 49.166667
77.623188 49.166667
78.028986 49.166667
78.434783 49.166667
78.840580 49.166667
79.246377 49.166667
79.652174 49.166667
80.057971 49.166667
80.463768 49.166667
80.869565 49.166667
81.275362 49.166667
81.681159 49.166667
82.086957 49.166667
82.492754 49.166667
82.898551 49.166667
83.304348 49.166667
83.710145 49.166667
84.115942 49.166667
84.521739 49.166667
84.927536 49.166667
85.333333 49.166667
85.739130 49.166667
86.144928 49.166667
86.550725 49.166667
86.956522 49.166667
87.362319 49.166667
87.768116 49.166667
88.173913 49.166667
78.637681 49.583333
79.043478 49.583333
79.449275 49.583333
79.855072 49.583333
80.260870 49.583333
80.666667 49.583333
81.072464 49.583333
81.478261 49.583333
81.884058 49.583333
82.289855 49.583333
82.695652 49.583333
83.101449 49.583333
83.507246 49.583333
83.913043 49.583333
84.318841 49.583333
84.724638 49.583333
85.130435 49.583333
85.536232 49.583333
85.942029 49.583333
86.347826 49.583333
86.753623 49.583333
87.159420 49.583333
87.565217 49.583333
87.971014 49.583333
88.376812 49.583333
88.782609 49.583333
80.057971 50.000000
80.463768 50.000000
80.869565 50.000000
81.275362 50.000000
81.681159 50.000000
82.086957 50.000000
82.492754 50.000000
82.898551 50.000000
83.304348 50.000000
83.710145 50.000000
84.115942 50.000000
84.521739 50.000000
84.927536 50.000000
85.333333 50.000000
85.739130 50.000000
86.144928 50.000000
86.550725 50.000000
86.956522 50.000000
87.362319 50.000000
87.768116 50.000000
88.173913 50.000000
88.579710 50.000000
88.985507 50.000000
89.391304 50.000000
89.797101 50.000000
81.884058 50.416667
82.289855 50.416667
82.695652 50.416667
83.101449 50.416667
83.507246 50.416667
83.913043 50.416667
84.318841 50.416667
84.724638 50.416667
85.130435 50.416667
85.536232 50.416667
85.942029 50.416667
86.347826 50.416667
86.753623 50.416667
87.159420 50.416667
87.565217 50.416667
87.971014 50.416667
88.376812 50.416667
88.782609 50.416667
89.188406 50.416667
89.594203 50.416667
90.000000 50.416667
83.710145 50.833333
84.115942 50.833333
84.521739 50.833333
84.927536 50.833333
85.333333 50.833333
85.739130 50.833333
86.144928 50.833333
86.550725 50.833333
86.956522 50.833333
87.362319 50.833333
87.768116 50.833333
88.173913 50.833333
88.579710 50.833333
88.985507 50.833333
89.391304 50.833333
89.797101 50.833333
85.130435 51.250000
85.536232 51.250000
85.942029 51.250000
86.347826 51.250000
86.753623 51.250000
87.159420 51.250000
87.565217 51.250000
87.971014 51.250000
88.376812 51.250000
88.782609 51.250000
89.188406 51.250000
89.594203 51.250000
90.000000 51.250000
86.956522 51.666667
87.362319 51.666667
87.768116 51.666667
88.173913 51.666667
88.579710 51.666667
88.985507 51.666667
89.391304 51.666667
89.797101 51.666667
88.376812 52.083333
88.782609 52.083333
89.188406 52.083333
89.594203 52.083333
90.000000 52.083333
