1.137848 0.957067 1.072946 1.139169 0.818732 0.868695 1.081224 0.883558 1.046023 0.966603 0.826921 1.108036 0.828380 1.222219 1.174394 
0.988134 0.902511 1.165215 1.157459 1.016274 
0.831496 1.220415 1.225864 0.913201 1.049572 1.001036 0.968944 1.214956 1.137663 0.871541 1.067080 1.214648 0.796852 0.902339 1.089306 0.824707 1.185051 0.972309 1.182865 1.152686 
1.203916 1.098734 0.880209 1.173816 0.821643 0.834884 0.866328 0.954729 1.071722 0.929319 1.122608 0.839337 0.909582 0.806380 
0.895876 1.013701 1.054603 0.824494 1.244086 0.968640 0.873813 1.188572 0.991713 1.254607 1.255422 0.990331 1.096619 0.863424 
1.077517 1.117539 0.866891 0.796460 0.899793 1.168953 1.013488 1.165897 0.866286 1.212202 1.175054 
0.836986 0.868689 1.115295 1.091254 1.010633 1.076601 1.053334 1.124123 0.943150 1.082287 1.191620 0.965949 0.947868 0.880040 1.044615 0.952796 1.151719 0.874585 1.085884 1.021830 1.175710 0.920132 0.872315 1.233624 0.968230 
1.217276 1.238572 1.250756 0.995201 0.860555 1.005924 1.198130 1.075527 1.142012 1.117781 1.017966 0.868912 1.119193 0.832167 1.200341 1.191133 0.813732 1.222846 1.162485 0.973748 0.959938 1.146104 
1.133173 1.246406 0.984214 0.943863 1.116519 0.838762 0.875113 1.236492 1.044317 0.926443 1.128207 1.202505 0.890058 0.817168 1.005417 1.152802 0.911579 1.158243 1.006694 0.980572 0.914005 
1.235400 1.149903 0.798039 1.198964 0.931517 1.165781 0.951644 1.122381 0.888408 0.995936 0.869945 0.965695 0.902785 1.112078 1.233287 1.210341 1.221678 1.046723 1.031204 1.002481 
1.207975 0.913895 1.124884 1.007225 0.914027 1.027860 0.892361 1.132921 1.103968 0.879967 1.107846 1.108352 0.933644 1.000365 0.950390 1.076966 0.808455 1.187639 1.075239 0.895539 
1.163692 1.032789 0.954297 0.957598 0.837405 1.205893 0.979470 1.192777 0.923004 0.882570 0.931247 1.031095 
0.939173 1.162815 0.846779 1.249765 0.823417 0.801932 0.827762 1.216516 1.048787 1.058785 0.812624 1.148773 0.888366 1.225751 
0.959889 0.936605 1.258890 1.030715 1.169791 1.071191 0.908959 1.022010 0.976216 0.830237 1.185068 0.878237 1.063561 1.037824 1.232757 1.173070 0.867127 1.105390 0.850398 1.147702 0.969643 0.882440 0.971946 1.190123 1.227816 1.212665 0.988570 1.144238 
0.844647 1.044951 0.946631 1.163218 1.033753 0.950681 0.867995 0.990422 0.932492 1.138478 1.013971 0.831154 0.906069 1.140264 1.161148 1.117064 0.818950 1.126666 0.924335 0.989201 1.098660 
1.037854 0.868570 0.991550 0.895471 0.961182 1.209353 1.192858 1.248701 0.821732 0.829915 1.126572 
1.016087 0.950686 1.182424 0.947113 0.963120 0.866054 1.039741 1.054602 1.171758 0.798817 0.961474 1.059416 1.161595 0.831829 0.902089 0.935521 1.008961 0.878503 1.158488 
0.930542 1.065169 1.050220 1.014727 0.999275 0.912219 1.149948 0.869498 0.971046 1.095679 1.079829 0.962537 
0.987791 0.973078 0.818639 0.941797 1.068819 0.857396 1.024505 1.102777 1.256142 1.158478 0.816099 0.832332 0.914340 0.883895 1.253219 0.819374 1.074669 1.035389 0.830398 0.973662 1.186407 1.170702 1.208628 0.848839 0.917433 
0.923215 0.830278 0.906485 0.989639 0.895235 1.058121 1.120047 1.249419 1.195894 1.194811 1.096309 1.201853 1.106914 
1.019524 0.953050 1.142768 1.235902 0.906108 0.838023 0.844013 0.900527 1.151100 0.883697 1.058317 0.802615 1.065818 0.845207 0.903577 0.943744 0.887457 1.026390 0.902014 1.073507 0.904646 0.900210 0.976934 0.924858 0.919490 1.128932 0.900221 0.860366 0.889313 0.952575 
1.076212 0.963040 1.190926 0.992583 0.853170 1.140092 1.035047 1.159996 1.021795 0.917524 0.802567 0.799797 1.092290 0.946321 1.140582 1.208601 1.240570 0.856439 0.853493 1.064234 0.957023 
0.920133 0.971667 0.822851 0.948073 0.993933 1.028717 1.118956 0.833508 0.879725 1.159115 0.831625 1.089316 1.155348 1.010184 1.148386 1.116652 1.183965 0.880573 1.073875 1.013807 1.212301 1.112333 0.940151 0.971467 0.930246 
0.966468 0.908362 1.171786 0.825393 0.958312 0.917661 1.224033 0.867570 1.189026 0.965292 1.164185 1.122540 0.917347 1.131948 1.183473 0.930376 1.153046 1.053067 1.131609 1.070326 1.052762 
1.049756 1.061283 0.925040 0.800778 0.850621 1.220740 
0.807964 0.954321 0.901783 1.210974 0.868002 0.905211 1.023716 0.857408 0.912591 1.158809 0.839400 1.090487 0.878643 0.995624 0.967361 0.923420 0.922137 0.892060 0.916615 0.835708 
1.211890 0.860459 0.829117 0.963780 0.934942 1.198410 0.900119 1.073785 1.246665 0.840074 1.191717 1.064977 1.126658 0.836160 0.816846 
1.089613 1.234444 1.070604 1.232451 0.966596 0.836049 1.146212 0.908247 1.141766 1.089836 1.206663 1.165560 1.248399 0.923722 0.845799 0.805546 1.035248 0.940991 1.038045 1.185001 1.241874 1.008094 0.999894 1.032391 1.084326 
0.970158 1.113703 1.159931 1.212291 0.819359 0.924804 0.806847 0.877384 0.871036 1.084923 0.827090 1.160873 0.870214 0.989464 1.197395 0.949696 1.021722 1.171976 1.017690 0.915259 0.888581 1.031419 1.191809 0.977371 1.092798 
1.100437 0.876556 1.098459 0.894294 1.171244 1.052245 1.030899 0.812598 0.951400 0.998996 0.950625 0.799907 0.934932 0.845215 0.855150 0.901829 0.898839 
0.994188 1.173397 1.045909 1.194431 0.947841 1.040761 1.017320 0.956666 0.868953 0.802144 0.967329 0.922831 1.093299 1.136051 1.073844 0.863665 1.226643 0.937431 0.964902 0.992532 0.908988 1.097830 
1.023237 0.875951 0.964743 1.147892 0.896714 1.085839 0.884300 1.062722 1.074102 
0.986900 0.910249 1.199154 1.050756 1.080733 1.198373 0.800894 0.915248 1.015440 1.116000 1.134689 0.881137 1.059441 0.878336 1.125404 1.247616 0.968929 1.224707 1.214381 0.820524 1.214070 1.208748 1.080849 1.063413 0.977936 1.034394 
0.957326 0.901727 0.973908 1.104072 1.058045 1.190462 1.253663 1.207106 1.103087 0.877925 0.867785 1.164080 0.950045 0.877805 1.045803 0.833647 0.839140 1.239402 0.923476 0.970275 0.875000 0.836977 0.804217 1.040737 1.069024 1.123944 1.017209 0.915019 1.074971 1.252453 0.931305 1.026639 1.070136 0.857482 
0.992939 1.241518 1.184873 1.039613 1.023120 1.244858 0.870537 1.063939 0.974065 0.906561 1.093387 0.971233 0.963947 1.018641 1.116442 0.929138 1.075483 1.006510 
1.060975 1.161480 1.001593 1.144878 1.025681 1.214665 0.930663 0.919198 0.962553 0.841293 1.100477 1.077115 1.148061 0.809355 0.951622 1.142931 1.046307 1.119472 1.070037 1.062391 
0.816999 0.835510 1.060319 1.033004 1.046105 1.096584 0.931153 0.870005 0.908315 0.844924 1.240588 1.108257 0.948466 0.901713 0.847962 1.235040 1.155000 1.069086 0.954639 0.858627 0.929291 1.247823 1.183700 1.145696 1.163610 0.962566 
1.057872 0.799453 1.019864 1.030882 0.947907 1.036101 1.046820 1.040399 1.227237 0.872730 0.890172 0.795238 1.054172 1.191983 1.021154 1.162967 0.875200 1.150005 1.189596 1.054244 0.861004 1.134821 1.166062 1.050632 1.091508 0.919790 0.798510 1.140132 0.978134 
1.022937 1.022760 1.160875 0.958161 0.893055 0.955060 0.845166 0.874655 1.234775 1.010273 1.198988 0.906224 
0.797813 0.968950 1.150654 0.993093 1.009689 1.045641 0.920239 0.853362 0.886545 0.843340 0.925434 0.829678 1.187555 1.046041 1.070272 1.157479 1.197188 
0.918930 1.104550 1.200190 1.230377 1.068586 0.822422 1.196720 0.817718 
0.899615 0.809966 0.821813 1.105551 1.042305 0.895313 
0.866709 0.875418 0.821031 1.165235 1.077595 1.072288 0.946903 0.794356 1.086509 1.047020 0.906280 0.969403 
1.132909 1.113325 1.117304 0.942916 1.028783 0.796310 0.937130 0.999647 0.832912 1.236017 1.002596 0.939481 1.231068 0.940181 1.101058 0.811958 
1.057276 0.845541 0.828984 1.081755 1.099624 0.832620 0.966086 0.998383 0.796660 1.039844 1.088680 1.178959 0.986620 1.221946 0.966041 1.075887 1.080619 0.986242 1.194245 0.816755 0.834336 0.802673 1.106248 
1.076372 1.054056 1.199696 0.859432 1.020254 0.799799 0.916127 0.883544 0.808985 1.123195 0.821522 1.247072 1.123382 0.950065 
0.810507 1.041003 1.044397 0.873295 0.924343 1.122206 0.827866 1.065070 0.931024 1.081019 1.138834 1.218959 1.242201 0.873519 0.865921 0.859643 1.200554 1.195068 1.069827 1.047001 0.880529 0.848043 0.962175 1.087938 
0.864865 1.095671 1.242293 1.035262 1.142124 0.937101 0.799008 1.087789 0.821768 1.012815 0.897185 1.150566 1.232981 0.982438 0.934611 1.025992 0.919583 0.978610 0.832169 0.796900 0.974709 1.010857 0.827510 1.053803 1.156244 1.098817 0.916760 0.873821 
0.949663 1.234415 1.170954 1.031478 1.105432 0.938443 0.811827 0.885381 1.074051 0.952967 1.217767 1.202272 0.993674 1.189766 0.851680 0.905280 1.224525 0.945802 0.923289 1.190041 1.065079 0.900554 1.078812 1.140959 1.078180 1.195380 1.073536 0.795866 0.908582 
1.135029 1.117839 0.889069 1.098775 1.006923 1.046050 0.874917 1.108605 0.838291 0.889676 1.131139 1.094326 0.852245 1.198317 1.136186 1.068723 0.889457 1.118306 1.189328 0.815288 1.202449 0.931832 0.815330 0.942606 0.980297 0.815495 1.216074 1.053004 0.964724 1.220963 0.942446 1.043258 1.052966 0.896264 0.879906 1.217100 
0.806023 1.069032 0.949823 0.992806 0.822494 0.856978 1.200983 0.860582 0.812841 1.078064 0.933828 1.071905 1.151887 1.127705 0.854945 0.904288 1.178788 0.875913 1.200452 0.942002 1.221671 1.094328 0.885754 1.089238 1.153454 
0.944676 1.147364 1.011721 1.033745 0.937411 1.059250 1.171492 1.238601 1.018048 0.995811 1.242438 1.233342 0.843176 0.891134 0.922640 1.173200 1.202667 1.219360 0.909959 0.878456 0.926207 1.044166 0.858678 1.214405 0.913175 1.032981 0.896970 1.008840 1.013799 1.057645 
0.999954 0.932802 0.954672 1.053847 1.075080 1.014728 0.816912 1.019164 0.840644 1.212617 1.002092 0.906933 1.246704 1.086227 1.205266 0.884244 1.210199 0.925521 0.850833 1.029407 1.015289 0.803497 1.203987 0.946813 1.086049 1.170504 
0.922360 1.244808 0.964974 1.154870 0.820814 0.975963 0.841445 1.089602 1.044323 0.829712 1.047032 0.811609 0.974525 0.918901 1.229865 1.100433 1.085466 1.015981 0.835110 0.912225 0.808368 1.006725 0.815279 
1.143140 1.243922 1.183369 1.059456 1.191502 1.071512 1.089212 0.997154 0.849070 0.890415 0.820442 1.023943 0.802225 0.955691 1.246613 0.803844 0.874813 0.932521 1.207280 0.979731 
0.883974 0.838670 1.114436 0.926990 0.797587 1.159120 1.043535 1.169848 1.117851 0.839469 0.837356 0.797029 0.830669 0.987163 0.997868 1.218940 1.102829 1.113983 1.127092 
0.945479 1.182305 1.221617 0.846516 0.826498 1.247150 0.990450 0.975486 0.884691 0.876587 0.813676 1.185073 1.117134 0.942159 0.889684 1.217361 0.878579 0.866189 1.038604 1.136316 0.819785 
1.106723 0.908650 1.221842 0.932721 0.801811 0.826700 1.098900 1.184213 1.036605 0.817194 1.084132 1.002336 0.984600 1.016726 0.988536 1.036198 0.932676 0.893700 1.128077 0.967009 0.828248 
0.965203 1.144025 1.025202 0.842961 1.148061 1.070658 0.975173 1.021422 1.155736 0.860099 1.210851 0.972045 0.807140 0.876427 0.930751 1.241771 0.893044 
0.815318 0.814480 0.860251 1.256276 1.120712 0.987190 1.220615 1.243440 0.852836 0.829482 0.942540 1.253777 1.014529 0.997033 1.221295 0.972231 0.916982 0.794454 0.901082 0.967074 0.924625 0.974408 0.912208 
1.243484 0.806384 1.254700 0.816591 1.146561 1.017327 0.889532 1.190772 0.923976 1.013546 0.870703 1.254801 0.859160 1.152976 1.175198 0.983138 1.061295 0.825454 0.984615 1.054385 1.014306 
0.962357 0.851582 1.030897 1.008779 1.014806 1.171373 1.035273 1.176719 0.833492 1.245488 1.011306 1.005814 0.871638 0.974817 0.845026 0.931382 1.136958 1.087124 0.823470 0.818559 0.976656 1.192122 1.109266 0.947382 0.957897 1.006632 
1.181596 1.097635 0.844750 1.087424 0.898200 1.253441 0.886875 0.893182 1.033243 0.975621 1.035620 0.898247 0.959996 
1.029297 1.034414 1.160727 1.020460 1.005503 1.254835 0.908997 0.843604 1.025645 1.058591 0.811960 0.938693 0.811323 1.200301 1.053508 0.857917 1.161327 1.066632 1.013859 1.042059 1.050524 1.073851 0.886102 1.147213 0.955394 0.949932 
0.994420 1.109064 0.802307 0.974455 1.072980 1.227924 0.845554 0.949451 0.865908 1.153536 1.150736 1.027132 0.817995 1.118292 0.855344 1.039947 1.158658 0.837803 0.898036 1.112845 1.255980 1.247173 1.137965 1.188182 0.980085 0.998221 0.985933 0.953087 0.811862 1.018580 0.960868 0.875353 1.007688 0.811324 1.027201 0.941302 1.012798 0.996279 1.054437 0.936793 1.015584 0.870711 
0.858412 0.831923 0.822852 0.796267 0.855197 0.857456 0.890249 1.078902 1.025307 1.150012 0.942488 0.925466 1.162094 1.025713 0.893455 1.258707 1.118219 1.230298 1.133341 1.180264 0.873778 0.897247 1.044615 0.880757 1.222259 1.082272 1.225171 0.935400 0.809327 1.152134 0.919672 1.143000 0.985452 1.247281 1.095032 
1.196151 0.933656 1.224615 1.086506 0.939671 1.215226 1.116735 0.945762 0.808071 1.115672 0.969287 0.810839 1.033639 1.161854 0.926405 1.133366 0.886272 1.215005 1.099984 1.218398 0.878036 0.991905 0.936761 0.920998 1.056774 1.030051 0.833429 1.115428 0.948788 1.135119 
1.220381 0.947667 0.990931 1.010593 0.882500 0.908234 1.018717 0.937450 0.919831 0.817990 0.801454 0.889429 
1.027606 1.053003 1.106987 1.050090 0.871846 1.141582 0.939609 0.994958 1.172174 1.037222 1.032526 1.063705 0.836689 
1.017002 1.229615 1.150406 0.875078 1.010487 0.873976 1.033413 0.993067 0.893630 1.013515 0.889861 1.019405 
0.920380 1.191481 0.803139 0.965148 1.024188 0.992857 1.047601 0.850266 1.087179 0.904942 1.119446 1.246759 0.856154 1.059394 1.244935 0.873384 
0.899770 0.825944 1.244102 0.973561 0.927047 1.007188 1.022140 1.032046 1.134278 0.989113 0.949100 1.173537 0.820220 0.963512 0.856691 1.166943 0.868058 
0.931295 0.822209 1.205602 0.911534 0.820303 0.890979 1.109499 0.977949 1.164924 1.076234 1.055610 1.227880 1.007724 1.199893 0.821221 0.883906 1.184779 1.173067 1.232648 0.884478 0.977036 0.909817 1.039553 0.816659 0.958838 
1.168324 1.215521 1.138085 1.031033 1.145559 0.908780 0.974326 1.139139 1.174566 1.009509 1.125973 1.141673 1.022762 0.984828 0.891975 0.858389 0.942128 0.803305 0.933399 0.906568 0.922090 0.823596 0.931245 1.038669 0.950156 1.076019 0.939658 
1.097774 1.038694 1.252951 1.172908 0.945615 0.953590 1.234557 1.139346 1.097290 0.856452 0.826209 1.133851 0.919211 0.982359 1.165245 1.074256 1.233698 0.814634 0.964547 0.859702 0.982927 1.070830 0.949401 1.118673 0.953579 1.024589 0.940618 0.958788 0.847898 
1.032011 0.932415 0.799305 1.045063 0.858684 1.223054 1.244845 1.021018 1.140504 0.951656 0.878433 1.047375 1.180932 0.959736 1.008429 1.056161 1.152444 0.977057 1.172991 1.086339 0.810224 1.035142 0.798037 1.121714 
0.884343 1.055347 0.798187 0.932622 1.143217 1.249834 0.900090 0.921657 1.070933 0.977454 1.174851 1.174344 0.930995 0.997917 0.978352 1.204538 1.090702 1.085043 1.053630 0.798286 0.801321 0.960009 0.989639 0.838627 1.245657 0.881019 1.072828 1.139273 1.231257 
0.819006 1.099445 0.835893 1.227337 1.070025 1.194751 0.937852 1.153305 0.859669 0.899017 1.203113 1.202105 1.240354 1.014935 0.823341 1.111106 0.833200 1.113918 0.841903 0.865552 1.253113 0.981177 1.148965 1.148273 0.977633 0.838897 
0.897710 1.107034 1.083390 0.948555 0.955477 0.926332 1.151814 0.942313 0.892817 0.858254 1.186027 0.855076 0.828691 1.232570 1.046289 1.034578 1.042745 1.183261 1.031637 0.862840 0.852707 
0.937849 1.223077 1.087765 0.827418 0.952680 1.023232 0.849931 0.982591 0.935887 0.835118 0.896697 1.151775 0.924333 1.127090 0.816562 1.134444 0.983770 1.075650 0.906071 
1.091909 1.090843 0.874025 0.844213 1.254605 1.055814 1.044595 1.122381 0.968852 1.047869 1.015536 0.875550 1.245284 1.240237 0.827313 0.801538 1.111008 0.892118 0.969789 0.955961 0.858201 0.879990 0.814739 0.823882 1.132832 0.909567 0.797785 1.089539 
1.147131 0.841189 1.088444 1.018783 1.088827 0.903930 1.040645 0.992927 1.095740 1.248785 0.849067 0.864482 0.821498 1.223219 0.801414 1.168611 0.857821 0.895004 1.030350 0.795590 0.828474 0.824957 1.125635 1.089001 1.256610 1.078780 0.937461 0.974048 0.962838 
0.800620 1.221557 1.147245 0.972129 1.101426 0.980416 0.797084 0.825436 0.889883 0.909481 0.885928 0.861915 0.997469 0.943021 1.109511 0.977807 1.029597 
0.987248 1.237177 0.968202 1.083224 1.221368 1.053159 0.859059 1.238109 0.952054 0.988120 1.067541 0.873054 0.942093 1.122309 
1.236887 1.061241 0.834651 1.121657 1.104428 1.044561 1.070912 0.897522 0.995636 1.010542 1.196191 0.853864 0.863266 0.871434 1.178043 1.050091 1.027634 1.249507 1.190574 1.109296 0.933484 
0.936104 1.086560 1.248838 0.872493 0.987141 1.192254 1.182536 0.961851 1.183258 1.220053 1.105613 1.086605 0.884510 0.831758 0.986223 0.908565 0.889398 0.819971 1.149725 0.972494 1.045423 0.915058 
0.973231 1.195698 0.904348 0.935726 1.033169 1.166932 1.113635 1.083721 1.086857 0.866340 0.822933 1.055629 0.958177 0.859695 0.811058 1.002712 1.098750 1.164081 0.942413 0.850776 0.852505 0.802758 0.901297 1.257554 0.910446 1.112578 1.257095 1.216315 0.863075 0.807993 0.844749 1.115116 1.073432 
1.222488 1.214881 1.032047 0.806605 0.866324 0.881683 1.049695 1.006165 0.897570 0.921615 0.823955 0.897479 0.928925 
1.111778 0.863100 0.821518 1.184811 1.164731 0.858780 1.003542 0.854561 0.818541 1.194018 1.137519 1.120617 1.237320 1.094632 1.000412 1.251709 0.866398 1.111994 0.866111 1.205860 
0.829124 0.820270 1.030610 1.089297 0.855265 0.845829 1.250168 0.967739 1.065169 0.905335 0.838479 0.801380 0.881429 0.886275 1.010949 
1.154653 1.044120 1.109490 0.815313 0.863627 1.005614 0.883302 0.913013 0.846665 1.139476 0.995246 1.068053 1.156258 0.822699 1.059356 0.863250 0.964694 0.986449 0.923433 1.093989 
1.098952 1.090743 1.146946 0.808824 0.919787 0.799303 0.974729 0.889055 1.228651 0.926016 0.801551 1.009932 1.030324 0.949159 1.034075 1.075854 0.956302 0.958937 0.880515 
1.210659 0.817170 1.024807 1.033834 0.963059 0.870407 0.945980 0.988854 0.867242 0.973966 0.989963 0.850247 1.229972 0.965497 0.997067 0.990452 1.053971 1.044102 0.989031 
1.192075 0.803385 1.024785 1.125462 0.809735 1.085636 0.950461 1.247410 1.062182 0.837056 0.854544 0.977358 1.163301 1.063526 1.199500 1.165309 0.841334 0.933170 1.168170 0.968449 1.029641 0.908741 0.937865 0.861654 1.076946 0.834619 0.974363 1.112167 
1.142404 1.087482 0.900754 1.013597 0.941401 0.953728 1.185305 0.989552 0.901641 1.160923 1.155412 1.069386 0.849489 1.000123 0.842425 1.152978 0.900353 1.004352 
1.107327 0.924254 0.835521 0.872745 1.249297 0.932061 0.923853 0.864851 1.077443 0.797582 1.155309 1.019932 1.192284 0.979766 1.054374 0.800311 
1.131003 0.976862 0.923245 1.155143 1.051026 0.806325 0.915766 0.947985 0.901832 0.924373 0.816133 0.999645 0.801019 0.997355 1.064155 1.215489 
1.222009 0.908312 0.905864 1.107726 0.961218 1.050386 0.875208 1.104132 1.073965 1.189457 
1.174918 1.075418 0.903526 0.917896 0.879224 0.945920 0.963076 1.127285 0.795186 1.078158 0.932213 1.232091 0.917179 0.839479 
0.847709 1.063903 0.844121 0.905623 0.959511 1.041943 0.815788 0.863793 0.895049 0.818107 0.900279 1.084824 0.907716 1.071567 0.883600 1.038885 1.052929 0.813113 1.034611 1.160241 1.190828 1.040841 0.862868 
