 65.034929 777.459930
 35.915103 762.852830
 68.875563 777.789197
 54.203252 781.059517
 63.917377 766.824609
 48.020390 770.646974
 72.585500 772.266359
 59.149625 784.130920
 74.828217 778.545643
 69.037933 769.717241
 73.016689 763.008276
 53.910308 775.488736
 52.316597 766.882141
 85.351496 774.347987
 75.030972 770.384417
 47.937847 775.573532
 69.394622 769.114990
 54.949888 765.671539
 90.373861 772.239486
 54.131429 772.852820
 91.396783 778.785339
 65.447520 769.354434
 83.649839 769.398861
 64.311408 778.845046
 35.013269 770.977705
 69.515708 761.384452
 66.547542 763.462773
 84.110344 774.160195
 78.829147 773.324785
 69.831007 775.343237
 73.617383 772.615555
 48.107030 762.659996
 71.852642 781.241112
100.799666 769.140368
 71.510956 765.857045
 75.554608 772.870858
 73.065510 773.314881
 99.693005 780.922581
 57.094840 761.975455
 62.600235 769.704347
 34.167794 770.021805
 36.875615 776.826876
 46.019176 774.009124
 54.617522 778.248288
 70.613437 769.447599
 64.317603 783.429810
 75.322158 774.094957
 82.813568 774.122661
 89.941432 770.348568
105.745006 771.262910
 79.996787 782.476829
 82.746187 774.143251
 70.875448 771.482833
 80.980370 778.162548
 63.704467 764.816960
 66.947611 775.205982
 68.232801 769.358215
 77.071034 770.050728
 64.152519 766.874066
 77.859740 771.991499
 64.888018 782.192342
 82.784134 770.552416
 56.489618 771.849369
 87.093862 760.060296
122.445802 772.572986
101.182555 768.455479
 90.835626 758.186080
 54.590758 770.379779
 51.709018 766.855399
 47.658160 769.962236
 66.496833 765.420632
 67.621854 765.346163
 86.876433 766.412466
 85.789484 773.822549
 87.598996 764.330502
 63.771282 766.279136
 87.598758 772.241714
 79.126315 778.029815
 71.459342 768.509427
 66.917084 772.006052
 96.769420 767.354137
 90.460791 770.133812
 67.748240 765.927304
 54.741422 773.791342
 70.371863 768.093499
 76.451736 772.165520
 94.750296 774.256857
 52.528802 775.287750
 71.431861 771.001220
 53.965517 768.872672
 70.038726 771.872710
 65.572718 768.918435
 69.049070 768.753938
 82.437439 763.532747
 45.952171 758.428872
 41.488536 771.924768
 66.985953 766.866028
 42.735717 785.104780
 59.676983 771.720162
 78.003546 772.471050
