83.893399 85.280833 77.991469 80.283921 89.245174 84.786116 80.927832 76.724086 76.400030 89.357970 78.792757 
82.532448 85.490994 82.205239 85.412780 87.617138 85.258693 78.232816 76.773479 80.682003 82.468845 88.611503 80.475868 79.071612 78.700933 83.896331 84.172503 83.273973 
77.816237 89.829469 79.994089 84.607583 84.591848 80.063585 82.999515 80.562837 80.875583 87.407714 81.357560 80.272428 88.002872 78.778432 89.305430 81.731525 80.072547 86.448186 82.699988 78.007839 88.136854 80.835787 83.137551 82.953584 80.666680 80.946800 80.170321 85.291598 88.808944 87.021191 84.121136 83.572425 
77.020880 87.062468 77.855864 77.965652 86.464875 85.365002 78.985172 80.020189 78.916970 78.671811 87.520465 83.752663 87.730813 82.838818 76.207800 86.351047 84.301332 79.395131 76.915346 77.002439 88.243489 89.733871 82.473084 85.079395 80.836653 
82.872753 86.201595 85.449036 85.497229 79.113421 85.922257 80.133332 81.104671 87.923833 86.028273 81.128178 89.922688 79.988158 87.346487 87.918726 78.647212 83.761492 82.067918 78.346751 78.012862 85.186587 79.739094 82.573394 80.107456 88.071281 77.480532 82.235172 79.866391 79.004694 88.750187 88.431872 85.481011 79.762544 81.303252 84.745821 80.813658 82.957497 89.160556 
85.083327 78.320080 83.899248 78.284956 82.927819 81.682435 84.312561 84.965848 81.802497 81.930720 80.744207 88.698822 79.757650 87.806853 83.990037 80.607779 79.125545 80.449061 88.839188 85.426425 87.570215 82.976772 81.314220 88.910453 86.513905 
80.286354 89.435000 81.035097 82.675742 83.709325 82.781088 77.607398 85.736513 86.925915 79.277546 81.218482 77.176434 85.412470 82.497595 88.104308 89.103727 85.162687 87.781804 77.113129 88.977040 87.418079 79.593937 77.055355 84.775384 81.355314 84.447651 
82.432922 80.629296 82.648438 79.171058 79.590867 78.260708 80.201779 88.468491 86.105757 78.172444 87.026278 89.528072 85.792091 88.057058 77.433602 82.650362 88.170645 84.416291 77.767217 78.291676 86.874393 76.936541 78.265272 81.002407 86.169665 84.987914 87.398825 80.093366 81.511851 82.504670 76.909253 78.102539 77.287466 78.732113 77.980579 89.014099 79.131522 78.207329 
84.803208 79.872231 89.919616 85.985373 77.606048 89.545602 88.393581 77.464014 78.351810 76.641020 89.870214 79.061267 
81.114135 88.238346 84.950260 84.968960 88.261658 83.014263 85.921566 79.803660 83.502508 83.397015 78.400352 79.848487 82.972852 81.951417 83.202137 
88.023848 83.455481 86.593204 87.610389 77.169168 80.835235 86.191495 87.295877 86.025506 88.820922 77.161273 77.983174 81.725072 81.552679 78.271953 76.368992 88.989921 
83.812529 79.240501 78.857097 82.703534 89.323181 87.469518 79.995365 87.674387 76.784119 84.386184 84.654436 82.437490 82.307845 79.275226 81.709590 89.703870 84.581959 78.110847 78.742091 83.810755 84.148006 81.987333 80.196616 85.058174 86.196168 88.206770 79.808500 82.897113 77.094744 
80.523248 81.042081 81.103763 81.806833 88.846877 87.868585 79.954369 80.329061 78.947280 80.195164 86.703591 80.177313 85.920430 77.575259 85.034556 79.698101 78.904811 79.014277 86.320650 85.759874 83.584770 80.092101 82.814015 86.689620 84.721170 89.769167 76.928603 77.569857 79.740542 83.186480 78.552060 85.846855 80.246028 80.889405 79.340208 
87.663309 79.064017 87.533934 80.309374 87.377228 82.171196 84.502651 88.453748 83.055060 77.619774 78.483632 76.361335 77.692466 85.365688 87.157642 76.937092 89.880212 85.327776 77.453831 
88.045313 86.703188 76.683224 85.926990 83.939152 76.573133 77.606065 76.695050 84.329823 87.657562 80.735816 76.879024 76.720159 86.102350 81.987448 77.741186 85.710224 84.504768 79.801522 
83.473787 86.414735 76.977042 79.748231 87.763338 78.878466 76.247193 84.231732 77.377366 87.448856 78.795605 86.234389 85.486225 83.691982 81.374010 89.052472 82.210005 76.564175 89.953320 89.463594 83.552533 80.307419 81.997594 83.645178 83.951976 
88.024807 85.549722 83.571848 83.514347 87.738358 84.099429 81.260715 84.356057 76.348181 87.995590 78.273574 80.518076 81.328531 79.213252 89.091190 76.330543 77.623848 79.622875 80.092837 78.192549 78.716247 89.524910 82.054418 84.728184 78.347534 77.345940 81.042757 
81.624017 80.561519 79.808722 86.304611 77.479641 84.228227 88.550598 79.975924 87.294293 79.217637 85.951206 84.458586 78.436955 86.622727 76.937742 81.243719 83.645061 77.982041 83.537371 84.945907 87.347726 84.303295 81.700568 81.483949 80.790144 88.733056 83.385315 
78.840551 80.493480 85.122290 86.404340 87.339041 89.429478 77.024408 87.399581 80.954923 88.940987 89.839797 86.363359 78.665156 79.091300 79.478963 88.499892 81.997596 80.569923 83.502500 79.001836 
83.697275 79.643439 83.996683 81.524323 82.517340 81.035470 89.867977 79.569703 87.543476 80.781318 80.692625 86.648962 78.314735 78.765069 78.823442 86.629121 87.826106 78.736254 89.301445 77.198918 82.820394 82.152743 83.643950 86.035735 79.200806 83.040391 80.510941 84.925860 78.168633 84.307693 79.459999 80.572338 
88.788477 83.783911 82.172555 80.153793 87.842993 88.332071 86.471146 76.555597 85.528218 80.163097 81.573194 79.720140 79.471030 77.553185 88.835484 82.823891 88.210999 79.817869 83.489812 88.981823 81.711913 79.050891 86.718485 80.756573 78.203534 82.350076 80.195460 
77.381963 78.633370 78.253362 79.585523 80.804371 78.684507 86.893295 78.319424 86.408230 80.315576 89.464180 81.450523 79.475629 85.098192 80.242215 85.360841 87.884113 81.714816 80.303064 88.894822 79.362226 79.133694 86.720971 
79.712664 86.871758 82.699440 86.161941 84.776506 80.786076 86.925923 81.929127 85.873120 82.419209 86.340551 83.491512 79.784216 
85.925459 89.859168 85.247996 78.071129 79.545068 82.612849 76.868687 89.303269 79.350121 84.001870 80.938438 87.403399 87.460142 87.206300 80.575443 84.121307 79.256342 80.954745 79.634161 82.918995 81.171870 
81.353488 78.196023 78.649632 77.927564 88.923374 82.746581 88.499269 80.664356 78.377861 80.875395 80.505577 89.768225 79.401631 81.596187 81.029583 88.645968 81.790151 84.135702 84.089621 77.553668 79.221650 82.387915 
89.085958 79.092357 80.222440 83.111975 77.965410 77.479401 88.330236 77.704773 77.176768 86.842214 79.684846 79.898817 78.139613 82.140880 78.352423 83.127261 78.497925 83.721634 83.717729 77.651477 80.607902 
81.179455 80.077363 88.200777 79.874936 78.615690 82.654929 88.652616 76.784049 76.618743 84.132983 78.005969 85.239202 83.828675 
82.828585 79.278423 76.702834 85.294192 78.081916 89.820113 81.741418 76.539468 86.163726 83.055071 79.164694 81.943862 79.721980 89.979661 80.969773 76.858777 88.950955 81.283532 79.240750 86.538877 79.433037 81.525935 82.160703 89.683644 79.041157 85.856801 79.554768 79.858006 77.262247 88.600980 85.885905 78.568762 85.184685 79.455828 82.289221 77.163054 80.264190 83.853110 80.578233 89.139686 82.146937 82.741082 85.002256 88.636549 
85.129012 81.264991 89.583330 87.989211 76.682100 76.916696 81.487612 86.425776 78.928519 85.351523 79.624088 84.043439 78.569454 82.923802 81.355249 79.996555 84.364655 85.838852 88.569801 78.894879 77.969302 78.341106 88.691094 79.829803 83.651282 78.125532 78.512886 80.072136 
83.042904 81.769462 78.509067 85.620682 86.486759 86.208485 89.006045 80.539077 82.568326 88.898254 89.194325 86.330908 89.094663 82.720337 89.733840 77.588557 80.208075 84.512488 88.146379 80.794798 77.990208 83.613398 80.668588 86.238987 77.519974 85.442301 76.937490 88.108954 80.395280 77.446553 82.722940 81.729237 80.010077 80.245356 77.314073 81.422660 
79.627729 79.318964 77.401129 76.396969 78.100852 84.553090 87.582885 82.394512 77.648242 87.802678 78.606662 77.484698 89.635496 77.342276 79.990000 87.413197 80.898243 82.150071 87.019418 83.271221 79.603213 85.217282 87.987951 79.743193 79.151980 81.798537 87.571146 
77.399858 85.714670 88.201062 81.812142 80.507651 78.269349 84.353573 81.556083 84.420052 88.988102 89.365605 89.553208 81.281707 
77.969209 88.221424 77.507536 86.716530 81.456732 83.111459 78.766553 78.032646 83.984957 83.500488 79.634493 79.126050 81.399215 89.178180 83.670077 88.111589 83.561105 82.080763 79.905708 79.456093 79.331857 78.387383 80.375351 80.125662 77.936269 79.642119 80.312941 76.365741 82.126140 79.385610 80.824233 80.893022 80.798244 77.261835 89.966459 81.326925 89.819343 79.536156 
81.137203 80.362452 82.469583 88.898704 87.297689 82.227974 87.586505 84.056445 83.144196 81.555292 86.654564 79.072020 78.845810 79.573673 85.003295 85.359796 87.648826 81.518989 77.063267 79.896787 78.773580 77.563833 82.182756 84.121980 86.888489 80.045007 
81.510362 83.057875 77.599177 87.934227 77.525675 86.223912 78.947079 82.157162 89.626120 78.590217 86.301101 85.178451 80.616696 82.092581 87.317084 80.478304 77.617838 85.359175 84.984072 83.222644 83.731745 
77.646569 80.517859 89.292961 79.687185 83.041494 76.560866 80.842643 79.806578 85.221567 85.535044 88.700193 80.954731 80.279714 78.145831 83.186056 88.282584 79.312632 82.566928 80.026742 82.120304 89.181942 79.618025 77.011945 81.999735 80.299389 82.133681 89.650926 81.542833 84.456305 
81.634527 84.271396 84.556483 77.447293 83.299834 79.991697 87.571096 80.775805 84.949212 86.867227 87.740496 80.487786 78.419722 81.838124 79.112440 78.616646 80.985937 80.058460 81.266994 80.321477 89.153896 78.561136 
79.673140 78.465777 85.228396 81.034526 77.177240 86.777913 87.714263 87.128319 88.182310 77.958545 81.805164 81.637842 83.129565 77.820376 86.329633 86.767815 82.400917 79.368540 82.559895 81.520863 
81.025097 80.336109 82.973895 85.420512 84.004969 77.965438 87.777238 88.874324 86.384395 82.930727 87.944404 80.509466 85.915818 78.693959 78.717924 
82.514916 82.576084 84.236474 89.767132 84.007622 85.680712 77.487876 88.863824 79.669450 84.579989 89.960923 82.202461 81.812277 82.713863 79.515454 89.546716 
84.654788 83.534678 88.944361 84.019258 86.122876 88.136895 89.232466 81.261280 78.826729 77.188894 84.336025 80.716737 81.054408 83.120259 78.635903 80.402886 84.783297 81.491522 82.751404 88.475911 84.838108 78.585337 86.771454 77.878035 80.351277 77.362525 79.571541 78.585282 
85.158349 79.137356 77.069945 81.688795 85.278534 87.321256 85.645758 87.133022 77.341249 77.032425 79.757187 77.328577 79.438332 78.889952 81.169771 81.212581 77.033197 83.301941 82.187147 79.861746 80.785981 79.693394 78.340936 82.433247 82.964881 
79.468117 80.689704 83.341676 79.612384 85.944673 87.376683 77.216668 83.686949 79.124731 76.186221 81.642561 82.066011 79.763060 83.841149 81.916528 81.099137 79.747552 87.202294 89.881452 80.538005 78.871807 86.829797 83.711313 80.311594 78.160598 80.093666 83.507384 79.150902 76.486076 79.381745 82.817753 77.229369 87.141059 83.041330 87.480699 81.202424 
78.316047 77.099888 82.595439 78.184844 86.197647 77.874872 82.113554 79.835960 84.395247 76.401611 79.609642 84.628761 81.003652 81.413790 77.296514 89.986798 81.754316 81.406654 87.822652 82.323009 80.408422 87.655937 84.229215 81.433231 85.272156 76.672733 77.580872 
77.353527 81.325194 78.440158 86.718029 78.213123 87.895361 85.241138 87.654328 76.696743 86.462355 86.253131 77.556584 81.861110 79.060452 81.571036 80.760686 81.534053 78.875751 81.689606 83.147467 
76.671763 87.977735 77.224696 81.104615 89.157872 81.255285 85.506532 86.532848 77.853627 88.625344 86.358544 86.671389 77.710547 86.224367 86.392501 79.243219 81.230960 87.193384 89.160367 82.473458 80.405505 
76.296546 86.662741 79.107794 77.581813 86.494806 80.183216 88.392477 85.545086 80.834106 87.534595 87.705440 83.829142 77.909198 84.717809 81.880657 89.472480 85.943396 83.575893 89.437157 78.293705 82.265852 78.989116 82.011702 79.599813 80.643961 76.330402 79.158505 82.237599 
87.036977 82.021242 79.995508 84.025861 79.353102 87.156065 81.610063 85.438591 86.639228 81.738596 85.084785 85.930488 77.055905 80.167775 78.716103 77.977386 78.104171 82.825715 81.264662 77.204198 80.818732 88.262575 80.289264 79.994338 89.040198 82.698076 84.333325 83.456747 88.592953 
79.114206 77.739720 76.540861 88.632576 78.353405 88.169168 79.509281 81.491582 87.072385 78.232593 89.166644 83.122152 83.408346 86.738852 85.734475 84.564310 87.936465 86.641033 77.422124 77.163607 79.409813 
86.501642 87.981852 77.057445 83.480552 79.870078 77.015497 80.599758 85.282011 88.214755 82.703319 82.919745 82.513614 88.274154 86.158892 80.770538 87.958326 76.927781 84.732903 80.435860 83.326873 77.646662 82.192767 
80.621034 89.311987 81.480249 86.088364 86.466299 77.739593 76.921174 85.406159 77.474442 88.336118 76.882291 80.491175 78.429850 86.516218 87.576959 88.186043 81.285425 87.669089 77.952916 84.793395 
83.129841 81.499675 76.959030 78.491489 84.010689 82.671700 87.088570 80.399336 78.530757 82.553648 84.677720 84.180931 86.641098 82.411507 81.572098 87.516410 80.478153 77.062294 87.093980 81.944539 87.979999 77.451755 89.577563 85.364850 88.792810 82.654009 77.017097 76.969246 85.721073 79.008582 84.483133 78.044440 82.045503 88.674867 
86.227085 82.362534 84.683383 81.180411 77.595150 78.003818 81.413068 78.900434 80.621691 83.681091 89.487646 83.141331 80.228097 76.761536 88.124149 88.204312 80.591701 78.590535 85.496167 77.434207 83.074549 81.182199 81.019899 89.108756 79.023975 85.030077 84.578941 79.707545 89.543628 85.600235 78.794967 79.240857 81.414120 79.200169 85.098130 81.793142 88.978407 83.126502 76.572814 85.694246 89.603151 78.293023 76.611079 86.997622 77.079051 78.483895 89.662343 79.668681 84.918217 
85.856206 81.717982 88.109763 79.343750 86.028660 76.420125 85.441761 88.535279 83.337686 85.467253 78.757770 79.474132 78.574006 89.222042 87.599653 87.092838 82.232686 80.654162 78.396260 78.509128 
84.146988 80.190468 87.650925 85.966777 78.600612 79.308936 85.970356 80.747195 89.582899 80.009651 83.512991 78.746853 84.358330 89.619086 82.844196 78.681387 80.131923 80.418675 80.572409 76.854184 78.493735 81.772805 
77.837189 83.911167 81.895266 88.277824 80.607945 83.861303 78.691337 78.874573 86.522023 77.064609 76.528327 79.706665 85.118610 89.633358 82.671627 83.837500 81.018989 77.968693 77.149629 77.344039 79.584081 76.894270 78.122594 81.106629 
80.818424 83.503801 87.526014 85.139945 85.304790 84.288241 86.968811 79.222819 86.397213 88.494584 82.564514 77.466952 76.820011 81.554621 80.652221 81.319037 76.721561 81.678740 85.802742 
77.774669 82.293042 79.107759 83.351924 76.995473 84.136747 79.314898 78.847666 80.718085 89.146722 82.420303 86.944652 80.186983 88.206381 79.763662 
78.198341 80.570612 89.344626 81.549540 82.817735 84.995021 79.002660 85.865215 88.820812 84.710453 82.809052 77.263075 89.723870 79.209770 78.175242 88.582404 78.820809 
77.363754 78.961981 89.494578 76.947415 81.067988 84.677052 84.077933 84.887982 79.727439 82.514479 82.113672 89.802538 82.313159 83.457772 81.518309 
88.455625 77.133593 78.605202 79.709026 77.886158 81.138436 87.727939 83.278912 79.837246 83.854592 78.847938 89.518707 81.748170 84.802217 83.011330 77.892954 79.063235 85.721629 79.915895 80.136783 84.967195 85.158300 78.337610 85.393403 80.355117 89.606668 
89.206115 77.092177 83.197617 85.315722 86.081572 84.560357 82.641484 78.251097 83.841828 80.085006 84.544980 79.154828 89.171010 81.199555 81.927117 78.939966 
88.360560 88.712176 83.359260 89.259876 81.155826 82.634591 79.902795 77.659145 79.399042 82.851459 78.085807 88.391126 86.278940 83.987987 80.356065 82.494974 81.425600 78.425691 80.744322 79.385840 83.742294 
89.813288 87.929976 88.840948 86.233076 79.712417 81.952128 78.961199 77.515910 83.625324 77.867677 79.509665 79.155231 80.673026 84.021019 86.966092 83.135294 77.798659 81.507207 78.300421 
87.081726 84.535758 81.367890 88.454629 87.975370 77.976908 80.478927 84.467888 82.777500 79.505697 81.197796 78.004521 86.929615 
80.931475 88.446660 86.830398 81.731225 76.556056 77.914601 85.344870 77.203329 78.559011 85.258223 83.561692 85.035988 88.007476 80.893838 80.276259 85.112979 83.664151 
77.488640 80.951087 76.708245 86.863901 83.831465 84.255260 83.788467 82.397123 82.075154 81.797132 80.192456 78.108636 79.403555 79.187356 82.363175 79.628146 81.143451 78.706422 88.066403 79.797766 79.163817 78.263499 
78.757599 77.120742 89.026938 88.455420 79.073710 84.073886 89.730912 77.902050 79.078851 78.211432 81.464013 82.734350 80.268725 80.497369 78.346509 83.031999 85.505668 81.247522 82.568868 84.164916 
79.956677 87.434367 77.359885 80.517454 79.963706 87.847983 84.664544 84.844730 79.289661 78.039057 78.580849 77.739770 84.907173 79.486077 79.553716 80.293888 86.738598 89.084651 83.159405 81.851705 88.795483 80.252659 77.901057 89.430915 79.223880 79.045409 83.774875 83.979669 
88.393871 77.110380 80.160326 79.353165 79.193768 81.016867 88.412260 78.602703 78.641950 80.355155 77.376084 81.730869 80.064223 79.460001 79.340286 83.797724 82.126325 85.302747 81.540564 78.439060 84.718352 85.810639 80.887407 83.180959 77.054179 89.532556 81.078571 89.481395 
88.551011 82.872647 78.894619 83.924786 80.547997 77.084985 84.764430 88.443362 84.646847 81.840189 81.546129 80.313484 84.786079 80.280569 80.122505 76.958384 
89.019834 85.046039 88.933604 81.468211 83.027292 87.611967 86.487326 82.614654 78.407630 77.174373 78.989801 88.923312 85.608901 78.722198 78.347337 83.885132 89.336690 76.933214 89.362351 
79.661757 86.673615 77.575314 86.477110 85.273590 87.554483 84.986822 82.146830 87.542130 84.684999 83.136067 81.409768 82.807911 
86.820994 81.014362 82.323996 80.453436 84.420882 87.946192 87.417469 88.991358 86.623769 76.598649 78.331287 88.406405 
82.447395 87.672727 84.485438 81.703816 81.904111 83.912128 83.296534 89.224529 87.042605 86.169490 82.135735 83.616915 89.799818 84.575571 78.291031 89.297957 85.096893 84.587791 83.575336 81.542161 78.297952 84.633554 79.544566 79.094502 80.571231 
88.742464 87.150663 77.731177 76.957023 80.282227 77.693419 85.622728 89.777149 87.181133 81.717087 76.969152 83.260254 78.190576 79.521455 86.983862 80.715441 82.623600 86.078783 80.764903 82.884716 78.852215 78.167369 84.540559 78.213263 76.357575 84.072478 85.642119 85.177978 
85.429107 87.261311 79.716197 79.632009 85.934684 81.236016 80.179033 83.920396 85.316637 84.991764 77.211164 77.481552 87.420575 82.774544 86.576717 78.153580 77.753568 83.019097 
78.511187 82.585554 77.519567 80.393770 84.721961 86.353458 80.548425 88.672258 87.178904 84.747574 88.839342 88.264366 80.358478 85.207574 78.134757 87.195439 83.864495 81.079179 79.103682 79.192431 81.861768 79.312296 80.468682 80.925775 88.059066 80.692700 82.666454 85.828925 84.517378 89.754587 
81.471891 84.720486 88.213477 86.445120 79.240508 82.537776 82.426504 78.639739 88.825410 81.039155 83.879031 88.480580 85.473186 80.196857 78.854297 79.780598 82.546904 83.710979 80.580309 
79.870170 80.354125 82.789305 78.902135 77.910729 77.623917 83.909279 79.504598 85.786284 82.565865 87.457227 84.489535 85.039911 85.193977 80.457799 86.044531 87.112204 84.432699 77.818738 89.607474 86.972661 87.597815 88.949372 77.332252 87.928421 77.488943 
87.774005 82.055866 87.975699 78.884727 81.177985 85.893486 81.012231 77.048616 78.586109 80.051586 89.744905 87.685686 78.474296 81.555548 84.758258 79.057297 81.242447 77.625730 89.397690 78.778147 79.560296 84.843808 87.506373 78.067818 87.432405 89.015393 80.879758 80.050357 87.636232 83.538207 
80.417614 80.986774 76.992939 82.321829 78.280528 85.105364 79.301249 83.864879 86.240972 89.074975 88.873144 86.398493 82.493081 80.348772 84.420569 79.861627 
79.904048 86.305027 85.290764 83.662309 84.790956 88.843588 83.869360 88.335265 81.447761 84.729825 83.123977 78.245970 77.884979 79.655039 77.780382 80.753571 83.331248 80.789534 80.176436 79.296867 79.596195 89.255743 83.995832 83.648134 82.271697 
82.448292 82.610912 80.773973 84.875104 77.706015 85.266638 88.177056 88.420518 76.771035 84.586593 79.488676 84.028793 86.265853 80.426435 85.162336 77.214179 79.658861 87.716275 77.779329 84.478899 82.471296 79.655577 83.250060 81.085134 88.041139 89.636431 82.636087 
78.911206 87.300625 82.978939 86.738792 85.252344 87.669087 83.872197 78.852463 80.020075 88.523880 79.935115 83.176843 77.077137 78.515779 81.138826 83.323506 86.402706 78.654286 77.889256 79.294376 89.459670 78.273283 80.015916 86.298048 78.348091 84.103817 81.242308 78.691787 78.476181 78.361545 
82.209295 86.823388 87.836102 79.245135 85.062176 79.407920 88.520727 83.164804 77.276859 87.276144 80.108360 78.211825 77.357398 
84.014477 87.639933 76.187885 87.083461 84.683741 86.892359 78.337867 84.676575 76.829668 81.703340 81.011388 83.373695 85.674663 89.280008 
88.064386 78.108530 80.698577 79.571797 84.733610 88.138376 83.079852 83.598951 78.595834 84.716971 79.056391 83.612959 83.963396 77.400419 87.850319 86.680068 84.319839 79.254216 79.230786 88.962205 78.956360 84.793262 82.461712 81.562512 
80.595048 84.179286 85.549334 78.809654 77.621576 82.810853 83.509362 78.671461 80.170405 85.316715 87.712586 81.899573 78.231711 84.070499 
81.892002 81.944525 80.021550 79.937836 77.982998 78.289660 87.337969 79.328624 79.439908 85.236326 86.289107 79.505615 79.547282 86.490897 78.632780 78.511479 79.401891 77.054404 89.891017 80.913329 87.891089 88.833485 84.616886 81.245822 81.513361 78.146381 80.381416 89.227417 88.359134 78.896971 79.021843 76.544460 86.485092 
81.938360 87.541567 76.841371 80.836167 80.037394 79.389355 80.985856 86.848798 89.706232 85.640405 79.347769 79.855669 79.290793 78.688449 82.602137 88.560138 78.530237 83.081490 85.552928 86.056239 82.078885 83.978014 86.482736 82.092536 
83.299700 82.444175 86.480372 83.307042 78.836671 80.232145 85.475691 77.625537 87.383415 82.455879 77.716726 87.229295 83.902743 80.881266 76.704218 80.697009 80.416112 79.086224 
87.062930 77.316143 77.987523 78.136505 80.513438 77.979881 85.939420 87.082238 85.035529 80.084867 78.271745 77.785184 
81.150611 86.436110 79.000939 87.041793 81.388429 80.403088 84.225642 78.565329 82.783257 87.912922 77.086106 80.097924 76.747698 81.945900 89.450126 77.154248 87.954683 81.037646 77.221624 77.324260 79.322471 82.602407 78.990209 76.586303 78.900835 84.775536 78.220867 86.895410 81.199444 86.660870 84.480572 81.316955 77.051423 81.495938 76.724172 84.209447 87.265590 
80.633329 87.892344 79.058947 81.453055 82.954058 86.146910 78.113667 79.625742 77.800028 78.398106 78.069774 86.131994 78.132625 86.331978 89.050077 79.526417 76.984362 85.034483 81.205327 81.697467 77.102150 83.678371 84.428160 81.973264 80.302378 79.446688 77.156975 79.683213 87.502246 77.726758 82.689832 89.030647 82.649592 81.312542 78.328868 80.919899 82.144619 76.867977 76.277691 78.335865 79.729742 80.927333 
84.332483 82.435213 82.249502 82.142168 82.119881 86.218117 77.015526 78.676169 79.721356 80.300379 87.783175 80.175692 84.228541 82.050898 86.392712 78.970175 78.697880 80.087131 84.940162 81.986475 80.691803 86.422031 79.823028 79.288594 76.970196 81.504232 78.053105 80.630139 83.161404 79.217042 77.523099 84.194069 78.136227 79.368811 88.964768 86.635545 87.422648 79.044328 84.213448 78.820433 84.830454 79.915901 
81.463240 84.247653 87.346222 84.828119 81.182242 83.441033 86.362709 79.324847 82.122192 79.619848 76.400049 82.115068 77.523688 79.709580 80.385549 81.259872 84.387594 87.904003 82.998727 
86.000833 81.820977 80.467422 82.386543 77.005221 87.218059 80.859072 83.563519 80.258568 87.018397 77.291037 87.496711 79.709479 86.984947 88.862477 85.871691 78.838867 82.225461 81.976331 76.770687 78.803232 86.469253 80.582265 
85.172297 80.026343 78.390392 78.609999 78.053441 78.450597 77.523093 87.936929 81.255747 87.162444 79.087897 85.960212 78.963548 79.436255 77.697118 81.686150 83.879035 78.733714 82.726204 
87.636171 84.175149 81.913337 85.661504 77.625722 85.405539 78.971805 81.639351 80.437165 80.846664 78.975003 82.754742 89.681625 89.139088 83.033271 87.999873 84.901624 83.395390 77.844905 82.530499 77.211993 
