  0.084959 427.610943
  0.081661 379.182035
  0.079026 454.003630
  0.086450 472.153254
  0.089253 456.007035
  0.095028 404.849851
  0.086691 540.545053
  0.081242 412.475442
  0.087855 433.235923
  0.083612 464.116451
  0.089723 503.811975
  0.084306 417.792617
  0.088721 401.827462
  0.083306 462.082731
  0.082125 421.099260
  0.087182 399.943466
  0.092843 451.670917
  0.086057 406.105368
  0.081056 468.425211
  0.079729 466.624638
  0.086462 524.148201
  0.084800 481.475882
  0.084557 423.918073
  0.085479 425.882227
  0.094813 396.149184
  0.088461 335.679660
  0.095395 350.009289
  0.080281 474.990669
  0.082684 494.321117
  0.092630 456.936114
  0.081224 415.185316
  0.094252 356.534148
  0.083303 484.698197
  0.082104 421.673649
  0.083108 390.637128
  0.084210 477.074292
  0.082592 427.164854
  0.081594 485.377697
  0.087515 497.919824
  0.087050 384.721504
  0.075533 434.786141
  0.089683 452.074790
  0.089388 431.791900
  0.077899 503.964704
  0.085308 435.623487
  0.082050 533.957873
  0.084985 469.080116
  0.090933 471.276909
  0.086465 468.483851
  0.089061 403.492722
  0.083646 477.534606
  0.083474 495.626503
  0.076908 376.602593
  0.087787 445.478468
  0.091454 383.021976
  0.084332 534.739581
  0.087060 462.510513
  0.094342 401.696450
  0.082348 380.040019
  0.086806 483.671149
  0.082545 518.568344
  0.077251 491.452585
  0.080629 420.521362
  0.079221 411.249588
  0.076550 441.271348
  0.085808 437.807664
  0.082344 457.936931
  0.087764 447.252916
  0.084647 447.311335
  0.082089 367.208878
  0.085718 412.989591
  0.087762 417.517373
  0.088584 409.843412
  0.085638 418.461102
  0.079533 351.461202
  0.083065 434.894802
  0.089737 450.399161
  0.082451 498.648183
  0.083881 464.635640
  0.087564 455.360581
  0.080502 582.760976
  0.087241 436.202118
  0.088372 412.566545
  0.080535 454.747821
  0.080893 441.856928
  0.087758 477.380252
  0.080845 464.236942
  0.082997 472.908701
  0.082722 445.944900
  0.092640 403.992554
  0.090179 460.443874
  0.088691 395.030617
  0.084607 381.776601
  0.088300 400.854879
  0.085764 374.948477
  0.091669 461.060578
  0.087663 540.890632
  0.080729 509.312942
  0.090631 467.200036
  0.090082 503.288814
