0.000000 0.059533
0.000000 0.088631
0.000000 0.035264
0.000000 0.099271
0.000000 0.047747
0.000000 0.039669
0.000000 0.016740
0.000000 0.026102
0.000000 0.029244
0.000000 0.024685
0.000000 0.056575
0.000000 0.070094
0.000000 0.026907
0.000000 0.018940
0.000000 0.030393
0.000000 0.075415
0.000000 0.085493
0.000000 0.041381
0.000000 0.041364
0.000000 0.047543
0.000000 0.033659
0.000000 0.015622
0.000000 0.021602
0.000000 0.014888
0.000000 0.168874
0.000000 0.021394
0.000000 0.066993
0.000000 0.033138
0.000000 0.019937
0.000000 0.049391
0.000000 0.021624
0.000000 0.031757
0.000000 0.019417
0.000000 0.017074
0.000000 0.043215
0.000000 0.022005
0.000000 0.013266
0.000000 0.038107
0.000000 0.082880
0.000000 0.028488
0.000000 0.026524
0.000000 0.180083
0.000000 0.063615
0.000000 0.030721
0.000000 0.022070
0.000000 0.067273
0.000000 0.017230
0.000000 0.022130
0.000000 0.021287
0.000000 0.020981
0.000000 0.021802
0.000000 0.014900
0.000000 0.028871
0.000000 0.040985
0.000000 0.020348
0.000000 0.032762
0.000000 0.015540
0.000000 0.027891
0.000000 0.022198
0.000000 0.027800
0.000000 0.024596
0.000000 0.024187
0.000000 0.033380
0.000000 0.022941
0.000000 0.018130
0.000000 0.015319
0.000000 0.019532
0.000000 0.038311
0.000000 0.036837
0.000000 0.042324
0.000000 0.027247
0.000000 0.039637
0.000000 0.021849
0.000000 0.016258
0.000000 0.020387
0.000000 0.011845
0.000000 0.019100
0.000000 0.022932
0.000000 0.019622
0.000000 0.021451
0.000000 0.035438
0.000000 0.021148
0.000000 0.023029
0.000000 0.053521
0.000000 0.021256
0.000000 0.023952
0.000000 0.017864
0.000000 0.042667
0.000000 0.024686
0.000000 0.028030
0.000000 0.015973
0.000000 0.024699
0.000000 0.037411
0.000000 0.022674
0.000000 0.016119
0.000000 0.019340
0.000000 0.068520
0.000000 0.046590
0.000000 0.041026
0.000000 0.030297
