4.378940 7.290442 5.377151 0.353551 1.402508 0.073844 9.762122 2.489653 0.304435 10.073284 0.771838 
1.132702 3.602391 6.713172 41.325539 3.403137 0.383696 2.573536 0.278989 0.111930 2.302775 1.317762 6.867782 33.445403 2.739874 0.760413 1.832202 3.666400 
10.623636 1.669053 0.985770 6.124780 2.494231 0.750957 15.318011 72.169783 0.769868 7.625705 0.688571 0.393372 0.427188 0.346748 6.134759 0.521909 9.228732 3.418006 0.732738 18.803220 238.546477 1.921088 0.101095 15.581484 20.271330 27.125341 1.239950 0.458605 1.938954 1.363519 0.985065 21.446486 
0.220509 245.864270 0.163416 0.339193 2.218119 0.346780 0.346684 0.733769 0.271235 48.830076 1.950278 0.281049 0.609228 0.913996 0.213928 4.817935 3.751886 52.664061 26.833262 78.346813 7.203315 2.708090 4.635229 130.568015 1.361811 
24.089126 4.187859 7.589718 9.217724 27.967273 0.822075 84.626285 29.091778 0.675233 43.843633 1.121905 1.508140 0.931503 1.474110 1.452971 0.389673 1.628791 1.424184 2.768231 12.718851 2.766598 6.418322 3.900912 1.163535 22.938344 6.573861 0.806666 6.286365 7.061627 3.374668 25.457096 7.906138 2.411426 2.563637 4.404135 1.587288 2.594239 15.671643 
1.468561 0.517286 24.872910 14.888135 11.950081 3.690162 10.848354 1.447241 1.621985 7.171194 6.918000 2.065827 0.078018 1.937285 2.009505 0.510532 3.120827 0.218425 0.171743 32.162233 136.467931 1.359021 34.624671 0.448188 97.999154 
0.177992 7.182406 103.218753 2.861245 36.711755 50.167609 15.177437 41.026800 3.607771 0.211281 29.279899 79.446734 0.757288 0.188417 13.757832 120.363937 16.049413 1.028673 0.711690 4.412066 0.727754 5.872577 0.073161 0.820447 0.665325 1.213540 
12.085198 0.483847 11.924083 0.570598 0.812996 12.529168 16.491448 8.559205 1.678864 3.104529 0.109839 0.739145 0.923339 6.024375 0.090098 0.031091 0.525756 0.147381 0.403447 10.868072 90.580059 18.756226 0.265833 203.253439 13.559538 243.126623 14.402393 0.181228 85.534142 3.569585 0.601620 0.663883 0.749795 102.799260 0.287671 0.260804 0.438685 0.062699 
0.889723 66.793010 8.037003 62.883178 6.227146 73.378717 1.774778 6.287664 0.126339 1.322517 1.493711 2.325368 
32.615068 41.758440 1.429678 0.069176 0.919261 0.022612 9.765475 2.924605 5.800268 24.323563 0.487107 3.996340 3.317598 3.961337 0.070057 
1.472022 0.074340 18.438137 13.335953 0.413228 0.042571 34.874978 1.721593 1.707251 7.414323 1.794778 12.044370 56.999227 92.172236 48.622925 0.357742 19.896687 
2.481793 6.366013 0.879496 1.493236 0.540689 42.136287 14.829980 1.180658 0.639618 0.065601 2.679327 10.290166 0.138105 1.604880 2.054187 13.516869 8.467111 2.500265 0.395727 1.784202 6.123013 5.010938 0.153725 1.256876 214.730487 2.050131 9.329734 0.475633 3.452537 
65.854927 48.273688 30.586531 109.624060 8.405610 1.206581 12.408479 5.131047 6.805975 0.676791 11.121007 14.408763 0.244676 13.434478 4.466008 0.332040 2.222401 2.079601 42.302386 2.742983 23.048139 5.296278 9.448123 5.418447 0.596217 2.611949 27.013349 1.512323 0.938348 9.751016 0.173548 21.356962 0.627700 6.605228 2.922049 
25.740658 2.978753 0.934383 0.026684 116.458457 15.375565 110.927076 1.580677 8.451545 0.294389 0.357953 4.203148 15.147571 1.072618 3.190871 20.906558 4.424747 3.598350 9.064388 
7.609888 7.263268 4.252253 39.166677 8.683799 0.734741 0.048721 3.344387 0.601770 0.714696 13.148196 2.888443 10.264350 1.199012 2.206942 0.051887 23.817296 3.289373 2.984742 
4.515769 5.958214 0.861513 0.086665 236.276249 0.049467 8.710204 0.468114 1.582617 0.615844 8.020409 7.954702 1.228258 10.035247 8.471979 62.637649 0.185337 4.834207 77.528383 0.957854 10.299216 21.843867 2.747268 0.268505 0.303689 
8.116186 96.598829 1.904171 0.711433 24.864621 159.534816 6.630878 2.227052 22.836270 0.825351 8.605029 12.354166 2.473203 20.917308 2.326627 0.156679 4.192524 0.227610 0.648038 128.469684 0.253896 90.341280 17.474273 1.574510 13.555989 50.234097 0.706269 
14.378178 2.410625 27.640254 33.634654 24.887920 0.598641 4.839762 11.040207 10.177974 5.368088 7.367189 3.924680 4.764656 2.224579 0.226288 18.552586 0.201367 1.014849 2.392290 12.752725 1.707733 4.183124 2.693959 0.891220 0.074467 2.914487 3.177543 
0.352628 5.701818 0.508102 8.341506 8.158743 13.632408 42.002143 1.408733 0.750527 2.193096 0.201534 3.392466 1.355584 1.854560 2.243853 2.695612 12.113555 5.235460 3.348238 1.844162 
10.701652 11.189081 11.308661 2.427464 31.307717 8.873744 13.544050 0.955350 5.852473 4.559686 4.719213 7.493526 0.306015 0.027128 0.735047 26.254471 0.798136 0.160874 1.729509 16.016379 24.153177 0.145767 0.358031 0.803784 3.877774 0.800790 3.535512 2.538803 6.135983 2.950215 1.349647 19.156771 
34.272774 5.668236 6.132883 14.725286 0.668897 77.212578 27.562234 4.073286 1.026320 3.141698 4.154612 0.087633 0.049365 0.264769 1.831622 1.579735 0.362632 12.193627 0.077528 6.226882 111.610371 1.425786 125.612380 16.873339 0.594785 1.882576 0.295455 
0.453264 2.823194 5.965908 9.255681 6.822255 55.474074 43.404701 11.620299 1.027642 4.359261 0.910241 0.508043 0.070077 3.037263 2.279534 5.420244 1.207301 176.356800 0.294881 6.039784 4.047351 0.567589 16.037976 
0.401224 21.891963 3.847523 17.154824 95.071335 4.984903 1.850342 46.498000 1.188969 0.840202 6.772169 1.188493 0.946669 
16.161855 43.731978 1.087485 0.510108 23.404942 0.593777 174.714740 24.706224 0.145791 78.844922 7.976662 0.947424 18.032148 64.556505 8.021267 9.469570 0.559571 1.388389 0.085393 1.946170 8.462314 
278.610635 247.800273 0.273743 1.507230 648.459342 0.937366 1.601116 2.114782 0.302912 25.825747 47.991974 0.257403 221.279065 3.867492 3.293034 18.887594 2.328545 1.514632 17.845675 2.848374 2.679812 0.283711 
320.596546 29.635982 1.708540 12.702268 0.659897 0.246621 1.010802 4.545933 16.196976 13.053974 48.333713 6.403361 5.379690 0.442492 58.608735 10.157212 4.534062 1.441473 1.018269 4.129609 25.920520 
1.493094 33.528533 7.039109 24.348150 0.492854 5.106475 1.210260 47.844022 1.017970 0.953660 0.556893 13.922587 0.597599 
33.178546 0.099714 2.000381 0.412312 0.899608 3.119712 5.485378 1.371592 6.851272 0.486801 1.101198 13.203758 1.700927 2.338698 6.112173 0.269939 11.916429 0.109255 0.422167 6.840634 9.429287 1.214389 4.718062 0.838116 2.474377 6.339157 20.077795 2.945700 2.639685 0.871701 0.342675 1.561309 1.665948 14.249198 0.236035 8.174141 21.585610 4.166585 0.298146 12.562089 3.174451 0.701424 3.829746 0.948405 
65.244098 2.148548 5.279398 0.219938 0.225762 0.524325 5.348621 19.977457 0.751620 0.970758 5.291138 3.460851 0.054178 1.425011 7.196662 3.471007 0.931946 14.640899 12.524020 5.571998 0.779658 21.102420 6.102120 24.891680 4.012390 5.098017 2.550903 90.196706 
2.393347 2.266137 5.562499 21.690903 13.320031 48.249813 10.081659 1.646771 1.166287 1.086969 7.332619 4.281990 4.516820 6.226802 11.020583 7.338137 0.363255 1.009005 20.330252 6.184715 1.305464 4.874883 18.444636 1.992124 1.044213 1.111267 0.212840 0.227308 4.389399 4.542784 7.861869 1.418001 10.269922 24.887060 15.577078 9.638142 
5.702081 0.118279 1.382065 0.180315 0.560836 0.662204 1.159942 6.124425 0.686457 5.531071 0.022929 18.494072 4.548737 1.221907 0.564548 4.559808 1.579552 2.334751 3.921829 21.851839 10.593378 5.913269 0.684411 0.266364 0.186575 8.373952 0.368386 
0.573155 8.067798 0.922613 1.433014 61.148993 0.535905 4.843206 15.787947 1.336687 16.122796 3.072102 8.577024 1.215454 
7.806015 51.086455 16.749508 17.098416 133.410663 0.083695 5.622216 0.590954 0.873840 1.808880 5.982383 0.850933 0.743594 3.812387 14.928914 0.980982 6.657213 0.628315 0.448983 2.652143 75.185186 101.347291 0.598910 34.369776 0.643635 0.055273 4.053038 0.239539 2.392134 0.146556 0.494465 0.618989 0.646989 0.712264 0.354517 4.133242 5.470843 2.066289 
0.336539 1.941516 36.509929 3.958193 11.155153 7.708656 1.050074 1.995146 2.755873 1.892114 6.835898 0.344673 7.709163 78.155550 1.589053 25.910905 2.488533 2.887215 7.000621 20.117022 8.970286 0.385060 10.635469 0.402735 4.348495 26.961454 
3.918917 4.303402 14.185255 1.162009 1.919865 6.140507 51.035743 0.713817 13.309233 20.233132 0.764873 78.430397 7.099727 4.522121 14.050171 6.905491 0.295039 0.951342 6.364230 2.853932 0.406155 
0.205006 11.010420 6.950279 2.037594 2.067224 0.925388 1.017049 3.105007 1.828974 35.117703 10.497202 0.912170 21.620255 0.497552 1.483565 1.041079 1.825201 29.602053 6.530504 3.382063 2.840372 3.110673 3.648771 10.044302 6.250240 5.868899 9.955374 31.523974 0.939116 
0.218147 44.885508 0.949351 0.290548 1.492566 75.651318 0.879069 4.941006 2.904441 30.106172 124.289933 11.457271 9.348663 3.657446 109.806617 97.041241 2.428934 8.805711 1.848752 0.769189 290.313451 69.493578 
4.417022 0.419700 1.152253 13.998524 2.630039 6.942145 0.284569 11.468229 6.711234 7.035835 11.240550 6.854749 10.665981 0.196525 3.963288 6.714545 0.369391 2.872974 1.009191 5.634587 
4.527974 9.398969 0.314459 40.618015 1.118453 0.704486 0.389427 19.972527 6.274420 74.317193 1.353010 2.693550 5.509148 0.230757 0.811172 
1.288558 43.200882 66.329454 243.405480 0.937371 10.522141 0.424627 1.586661 7.207101 5.250348 0.135731 17.386280 0.732979 0.069218 0.714599 7.695144 
0.764495 8.521732 1.349358 0.424535 12.337595 0.622514 0.372331 0.256525 0.059555 0.175978 5.011205 20.969449 0.936571 0.082555 0.154534 0.056807 18.234589 0.179248 0.085461 22.344692 1.116283 1.112716 3.780201 0.645764 2.566618 0.466547 5.352963 1.168325 
1.497236 0.519673 3.007948 0.508429 1.025454 1.377781 89.666314 24.592510 30.380978 0.484086 12.785915 0.091197 7.824362 0.029356 0.165651 0.164696 0.725579 4.557948 4.921578 0.730592 0.195030 13.714617 0.894190 3.530373 0.307442 
6.420185 0.255886 6.530140 1.276728 0.938956 1.218272 2.783841 3.313094 11.015718 1.921856 1.447848 6.449664 9.922179 8.162301 31.298472 1.075196 0.060215 268.135838 126.898026 115.524031 0.030336 8.270242 4.751509 4.019311 3.169515 10.954360 0.218905 13.269292 0.071148 1.205220 0.540357 2.755593 1.890273 0.103176 1.348349 0.645006 
2.944444 0.041748 70.379421 0.147061 15.095648 0.058001 0.662986 0.116572 10.144464 0.363537 2.719113 0.309307 11.274558 26.527193 11.963181 2.696773 0.739500 7.341231 23.059191 2.168692 6.194455 0.925437 0.017396 5.573343 0.799464 1.130412 3.575137 
0.110564 0.107414 43.817587 0.955922 0.082450 5.015605 1.053691 0.142862 0.965412 13.836449 8.325542 82.998192 0.080607 173.875443 14.676535 0.064268 5.496365 0.393533 0.200715 8.893479 
19.702528 0.751811 1.932417 27.734028 20.423156 2.489604 1.008119 11.767686 4.791194 9.983037 1.304069 8.060109 0.238903 23.624973 0.911072 0.465751 0.805757 15.404957 3.602079 1.469865 2.403805 
0.681798 4.763180 8.356041 12.867097 4.449723 1.757187 3.822543 6.741350 1.383648 7.719819 0.046849 6.611265 6.782074 0.864381 4.355419 0.427243 64.398935 0.538949 10.480561 1.184072 8.049005 8.407609 0.584678 4.447907 14.879848 0.082348 0.344095 0.976181 
0.475329 33.111265 1.355853 1.907290 352.468054 28.901495 14.402744 1.083530 12.210536 0.716815 3.093814 181.516733 23.928044 0.290135 0.153429 2.598928 0.201364 1.525967 0.509917 0.398224 268.543546 3.328978 24.565669 1.081334 29.198372 1.429167 2.170487 6.888487 15.036778 
16.591895 0.252757 0.286021 84.142650 0.160274 2.816950 0.214415 7.297347 3.637747 5.610556 3.630989 4.083404 1.712654 0.027615 7.922347 1.011366 0.954101 8.788658 2.820397 2.340340 0.648845 
7.652602 2.617729 0.371525 2.494558 1.648371 1.004204 14.755640 1.123739 1.170478 6.860357 6.023989 1.898256 2.823498 28.108131 19.701295 9.905408 417.122229 89.103656 0.266125 0.310795 0.160662 23.141055 
0.757386 0.111924 0.581885 3.651841 26.535127 0.981716 1.017763 0.419816 28.991334 13.672673 2.358202 203.973613 1.465570 11.194742 0.595445 67.523229 7.469171 1.721950 0.207664 9.336161 
0.078882 10.246563 0.205742 0.432331 1.308945 0.330539 1.250871 1.740552 0.078711 9.524803 0.377047 15.739714 38.602474 8.257319 6.651288 4.882218 25.082558 62.839038 41.086499 16.589405 0.464834 4.453354 1.412629 0.756245 2.123375 0.200362 0.420219 1.385397 21.690333 0.498153 0.553296 15.410471 0.510963 3.360554 
86.344283 8.500454 30.486667 42.907536 4.558965 0.550594 14.389401 0.113047 1.145774 1.786697 82.653325 1.264125 1.270481 0.204931 8.779996 0.089973 17.471284 1.108989 1.598990 0.123853 21.785188 2.232631 2.804313 0.244601 0.198516 5.227763 0.116458 23.612010 3.668549 0.947595 0.715419 4.256286 0.088615 2.848221 14.053598 1.059415 2.107062 18.754940 3.201659 29.151539 0.051262 0.527769 46.456417 2.045218 35.031052 0.704104 3.980330 2.584946 2.109610 
27.921442 0.820596 0.884869 2.780238 4.429589 1.048526 0.246747 4.047139 15.931426 0.545503 3.625128 7.502809 0.154998 6.292419 6.276080 6.500526 8.127603 29.589648 0.060981 0.166127 
207.085745 0.351462 2.712525 7.875218 89.653384 0.307999 1.893591 1.180979 4.911997 0.077408 0.993664 2.764296 0.755756 143.437069 6.837555 104.113593 32.886889 0.348275 1.261759 0.643461 0.782747 8.990610 
0.135672 9.327273 0.338703 1.172628 28.017987 0.888505 0.128932 1.121236 8.533979 43.197446 60.868639 12.277332 33.206222 21.591142 0.556921 0.093234 3.874422 4.688507 3.167777 0.190003 11.694178 16.890700 3.299387 6.387553 
1.807875 2.279137 1.208812 3.927466 61.337984 0.717988 75.856556 3.259224 30.308426 19.475687 2.776609 22.527728 3.679863 7.038852 198.948622 4.472317 0.216050 6.306983 4.144354 
14.505674 42.568736 0.344454 8.952114 1.004642 1.379605 2.326088 1.192113 5.873041 10.340125 0.351123 45.137709 21.327964 1.737869 46.723556 
0.284615 2.714082 28.596891 30.255899 1.054025 0.945783 17.635557 6.592337 1.012531 11.776761 3.031314 5.294376 23.814608 0.140569 1.039754 0.636551 1.773561 
2.134243 0.779245 1.264392 0.345731 0.555848 1.607175 0.479548 175.628422 30.641666 35.444657 0.744797 144.859791 33.527054 4.542995 25.567488 
0.901047 0.340610 0.149276 17.627606 2.076636 52.048488 2.347242 5.786183 11.347287 5.882159 4.535682 7.294068 1.061141 23.489534 0.067681 44.835912 0.049190 191.244501 0.065914 161.630475 0.717059 4.114820 0.039837 0.343159 7.085049 0.903081 
0.602640 0.288923 0.648813 341.459202 4.049603 0.278911 2.006779 2.388295 33.560753 123.742635 0.866738 2.174813 5.548649 38.716267 3.072019 12.436846 
1.487341 12.049359 3.994056 7.434009 73.405248 2.636913 0.084866 0.262663 0.367906 0.982329 4.675623 1.359397 10.315179 1.695623 24.883053 1.788993 6.105455 1.594118 12.322866 39.071978 2.480466 
1.248546 0.816617 7.005828 20.747174 0.486154 2.515923 18.028626 9.733914 1.208649 0.257213 6.218715 5.544777 1.324128 0.591754 5.135615 25.642891 2.554449 3.720851 10.516573 
3.663075 1.047981 0.619578 4.587210 0.914885 0.269162 1.778435 2.843184 2.345585 14.799491 6.383099 7.389107 18.147950 
10.124004 8.440649 5.383547 2.386973 26.436022 0.404363 2.191642 0.077886 2.668237 0.906931 5.867967 5.118911 1.053202 12.019588 1.566956 4.065492 11.268150 
0.103316 1.432589 17.167331 2.634100 29.324872 0.770998 41.226733 1.414931 237.917310 3.200611 0.196675 1.148612 1.040151 1.058881 5.096432 3.661162 0.117943 12.981431 2.079240 7.069097 1.686142 4.881902 
0.282727 19.465508 0.922517 17.766699 0.215132 0.862181 45.891061 0.363240 5.797248 1.170618 27.837154 1.654544 17.963478 7.299691 3.461325 2.059176 11.113285 20.934992 8.367186 2.512276 
2.553959 0.786770 0.300478 3.072925 13.378111 38.228833 1.014872 49.789151 8.382899 92.529477 0.442701 182.559366 8.609842 0.253743 0.062526 3.920364 31.647409 1.733100 1.655633 8.019627 2.897028 15.366469 3.594032 58.273543 0.826276 16.391904 6.412004 1.266505 
1.294143 0.589723 0.392019 0.289883 4.758638 108.602408 9.417324 0.458842 0.133579 22.609681 0.603559 1.681088 4.137535 0.124737 0.399366 1.060636 2.639059 2.149345 277.660351 7.779517 36.382287 75.118143 13.377263 0.797676 159.492848 6.091577 9.454212 19.133722 
1.581210 3.982444 9.626702 0.541764 2.024531 0.450325 14.974422 16.718799 2.414690 10.151289 0.997463 1.438210 0.344989 3.221431 0.251681 1.304382 
3.897632 7.059333 0.152672 33.277187 5.874591 1.859425 6.280742 0.213531 0.055385 8.704006 1.238876 10.150535 0.938161 5.713453 0.110485 0.433295 0.814258 1.758166 1.172967 
0.320305 4.051900 6.235332 26.325686 0.598632 1.060970 1.213193 1.266696 1.115417 2.271518 9.540289 1.092057 6.848653 
1.627019 11.295098 3.352111 17.832054 0.983180 1.037526 7.312293 2.908940 8.016054 0.337424 2.723825 75.443182 
2.726396 0.800852 0.174232 2.427500 0.046393 5.835683 0.664982 52.812464 14.054582 0.969980 23.976017 0.023277 2.860997 1.788414 0.385224 4.729108 72.734383 0.170104 2.398703 4.714016 5.730004 1.679264 3.490092 6.547714 1.207220 
1.589810 1.992907 23.429797 0.500647 3.711482 0.217888 1.106352 5.890707 203.340240 0.208868 0.121758 18.201739 31.581471 111.889989 0.506497 0.802671 5.111716 13.425404 11.708546 0.275138 0.263962 55.445674 5.572068 51.045333 0.106797 1.906883 6.503492 1.384738 
0.150708 132.122519 16.148571 0.147885 5.848260 2.193044 9.177746 24.661628 15.897957 24.127903 0.428300 51.042081 0.915661 1.156406 7.896034 0.325796 264.466220 2.412546 
0.159792 19.524900 16.593973 5.344899 0.584003 31.854141 0.442784 0.128428 4.585738 3.611964 30.471507 1.495802 228.878644 1.713369 28.071619 0.206163 3.985778 2.508132 0.164446 5.378117 1.009558 0.473061 0.736580 3.644910 2.370261 0.928642 0.787821 27.534191 3.069236 0.191368 
0.359280 0.739509 0.785861 11.426229 0.292179 6.687111 0.361389 5.845076 2.187333 4.090995 16.737128 8.105763 7.320218 0.025521 0.481457 0.163933 9.676078 6.633912 3.401397 
4.147934 3.776501 0.737814 0.874143 0.659509 0.222647 22.327249 0.600352 33.323513 4.988505 115.847346 2.261168 0.824358 1.910895 17.063480 13.407041 0.742922 2.953827 1.373093 6.015260 2.641065 38.306441 5.136766 2.962029 75.700907 0.615965 
45.763237 36.268208 0.724961 5.573047 7.794645 8.935828 0.497007 12.466593 3.059615 6.065964 0.878918 5.811486 11.063179 2.656708 1.234806 16.648499 1.660835 1.000978 2.060838 1.551103 9.780020 4.809643 29.985888 0.381823 4.336600 1.553851 0.819419 1.511192 8.062822 1.477183 
0.885115 7.004885 85.490028 32.679577 0.337817 0.889991 1.361059 3.391154 1.877660 42.390978 0.790266 169.940846 2.116474 5.567607 1.645960 16.965948 
1.444030 23.221904 1.429729 12.025047 1.644888 11.177959 64.847353 1.319333 3.628616 9.947517 4.644386 0.244660 2.508969 3.001679 4.646106 119.215735 3.731743 4.562784 1.172754 7.130783 1.733214 2.012876 3.170605 1.965434 16.429078 
32.566896 1.466600 37.137424 0.183864 28.319523 11.013409 0.902978 2.360797 0.590820 27.273921 0.053788 0.112474 9.077184 206.683805 1.176996 7.003722 0.611974 16.306777 0.418120 2.057307 5.631215 1.607490 2.728131 3.798360 0.394583 5.645863 6.644218 
1.131014 2.640045 0.595096 33.036400 1.353031 0.993123 18.164836 0.643869 11.133890 4.325430 1.556688 4.787214 6.127021 29.412822 3.208754 2.130907 0.395026 4.823155 0.240258 11.198728 0.998032 4.866590 276.335257 7.305430 0.831055 12.983726 0.386123 37.799648 4.475380 0.475371 
1.767889 11.369184 0.342010 2.338845 1.090247 37.332745 22.564240 11.225882 0.569350 11.601839 2.250197 0.299460 3.419522 
6.318234 3.671966 1.691789 0.206171 0.688124 619.742819 9.713908 446.834056 0.246637 0.377446 26.284009 0.652380 279.475652 2.277341 
34.753159 0.235018 4.496942 40.407890 1.256983 1.067449 0.427582 1.248439 0.085239 0.825359 0.471379 6.637267 32.393843 12.381021 12.482749 12.320787 168.679370 7.982628 7.662669 2.989013 0.717731 5.671369 1.844859 12.332137 
17.362765 1.817328 213.050818 0.494518 5.161641 5.872643 0.397122 0.420247 3.132164 0.716817 2.097312 6.670483 4.062117 3.209471 
1.464166 0.260543 253.098098 20.984170 4.288079 41.412387 0.443031 2.403432 6.873390 0.997799 45.612132 26.642256 120.190615 8.564351 0.358173 0.675959 0.344984 0.361972 1.353655 2.102360 22.915171 4.933367 3.531763 33.975789 28.423226 6.860697 13.996386 7.007957 4.279037 1.026092 9.025783 0.342842 21.405576 
2.919734 18.962728 0.572501 16.070321 1.874547 1.186299 0.788586 0.419444 12.294299 74.655645 0.655260 16.217212 2.029847 6.597674 1.615538 1.060589 0.253784 0.970362 1.258751 9.224499 6.618453 3.114824 10.053931 2.421602 
0.024581 0.099451 9.376874 0.407624 1.974771 2.292272 1.407252 0.341153 1.494835 7.790794 7.252719 14.199280 16.193019 1.127278 0.863799 39.747173 105.994974 13.147599 
1.114601 50.492024 0.090599 0.047099 0.159009 0.195211 165.287687 169.428017 1.081501 17.851099 36.581787 0.259005 
4.317690 22.500837 0.146837 7.375053 47.700810 113.647951 18.668645 1.429621 0.519845 0.130029 0.493501 23.481156 1.208164 1.286934 227.659990 0.278977 6.338390 35.187584 7.917818 1.521113 8.585895 1.748747 3.860977 3.341054 10.784199 4.386639 2.447655 0.814221 19.127885 0.944224 1.987565 1.225538 106.466973 11.817479 5.552814 0.423010 12.092517 
32.157532 0.372739 0.281821 3.177543 127.109802 72.927917 11.485619 26.524324 0.065199 0.166523 0.955217 5.525121 12.335041 1.908412 7.410118 0.429621 3.006395 3.004165 2.064904 237.581682 1.536599 10.144953 0.030568 0.454020 17.072113 0.026343 0.554748 1.799709 11.969742 0.912934 24.436523 10.310830 0.242194 0.132588 0.375948 0.639663 60.752496 0.280024 0.322752 1.414939 1.118751 11.270929 
46.344789 4.297012 2.094624 0.119221 9.308417 14.542130 0.412877 0.606736 0.537604 163.006952 0.942932 4.954243 3.755983 0.050147 10.216406 0.495292 0.317966 29.193248 2.236547 141.070986 2.550678 1.456441 0.327300 0.805669 0.319998 13.647212 0.195102 0.057753 0.104498 21.876476 3.355822 2.053677 90.718957 20.686290 15.271831 9.212442 0.105450 0.098295 47.092107 0.259063 1.161463 75.629666 
0.385637 3.150274 10.914405 1.100995 24.629444 0.045378 96.148670 11.831574 2.458885 2.633139 1.692302 7.261632 0.158120 1.449776 5.556170 1.468298 3.244528 1.316465 8.570735 
0.941089 17.772962 3.599787 14.603052 0.866257 1.971666 0.107775 0.523453 0.958081 26.338387 17.551867 0.043458 8.068627 33.719511 2.931088 77.964641 0.037034 1.711509 5.016327 0.116884 0.039942 5.423426 61.869343 
1.045459 467.568045 10.131219 1.362267 0.221824 1.057823 3.941845 1.827221 0.568455 8.247332 1.540647 71.872497 19.650110 12.618143 13.207443 4.626883 1.804351 20.997083 2.888530 
3.147828 4.755967 1.111852 352.029711 0.368491 1.141786 6.815787 1.813647 63.563241 3.611465 0.396225 1.619276 0.282216 7.620353 62.570547 0.784210 1.762263 0.189788 1.392818 2.916533 0.517842 
