81.134980 80.767369 76.781487 82.756255 77.362906 77.125921 86.049601 85.132959 85.959622 87.990016 80.970809 89.029919 80.875167 77.083453 86.144681 
85.797799 79.583968 86.560207 80.753729 86.786230 
84.869655 76.353142 87.567314 78.115994 86.970307 84.569429 88.317189 81.511766 89.997864 81.611644 89.697525 76.121924 81.324496 80.733130 82.577398 85.431500 81.554504 85.446534 81.172481 89.881713 
79.476583 77.175132 82.589512 88.135968 84.261937 77.478726 76.762076 85.312250 83.729548 88.165963 89.386568 83.986618 83.353875 77.368128 
87.484599 86.394809 80.146569 84.687361 84.122339 79.546376 78.446063 80.615201 86.398952 89.677354 84.176601 80.717958 88.363299 80.861333 
87.669480 79.422342 84.804729 78.307602 77.161844 82.526466 81.478133 81.237784 88.279778 80.468967 83.807867 
85.824904 80.191870 86.807463 81.015329 84.674152 85.112666 80.475872 78.596060 88.348855 85.944083 84.186469 81.880627 80.903770 85.168605 81.988933 87.200580 87.767463 80.804649 88.846930 89.787536 82.779668 88.970461 83.060856 85.028019 82.301705 
86.821740 78.225679 82.530132 77.328977 77.407734 88.503661 80.848064 84.755232 83.789961 85.500292 83.036636 79.588654 77.713791 84.932679 78.486240 80.169094 85.180420 80.866610 88.661341 84.601703 78.678386 86.486806 
89.307912 86.872683 87.506515 85.099097 85.961060 84.934767 88.728321 84.612493 89.772009 85.716833 81.401190 82.767145 78.344365 82.449490 81.397404 78.716475 81.444710 82.231926 79.964218 84.154698 84.110405 
77.135355 87.031359 78.229717 76.837051 85.199618 77.939484 87.602765 77.489005 79.777853 87.286299 78.982961 84.335732 88.169416 84.880751 89.160466 87.682627 80.352468 87.185259 86.915027 79.675457 
78.787458 89.022896 82.434934 81.816846 81.494637 77.015819 78.260092 84.301504 81.814297 89.921958 82.819645 82.158207 84.821455 82.710808 79.631720 81.370075 79.776487 81.367031 88.887611 79.405528 
89.221364 86.737221 84.834953 88.193351 78.933044 82.273020 81.397899 79.806280 76.860852 81.011464 76.450895 76.704684 
88.896425 81.768432 85.299297 79.740983 76.632061 78.091414 80.070502 84.073954 77.903241 76.329435 79.879881 89.148002 81.306417 84.379849 
85.863009 84.895411 77.596731 87.827616 82.327829 83.646860 86.386805 82.698195 86.057687 78.321133 83.484572 80.276851 81.299923 87.428011 86.648277 78.727090 77.071446 76.727447 80.002470 86.861802 86.877113 83.778426 78.518765 84.287548 87.413735 83.119772 84.322352 88.914752 
78.066859 88.430180 87.895729 88.577477 86.498357 80.407322 78.680908 80.365757 84.811210 77.351746 77.193448 79.908963 86.718457 83.705122 77.880342 78.045106 78.242632 84.600577 89.853075 88.491165 83.632904 
77.745315 83.586766 88.013082 76.620179 82.040976 82.241385 88.906228 78.912374 79.613238 80.605872 81.786368 
89.707278 88.762960 80.491476 85.404527 86.382634 84.366563 87.801272 78.083407 89.741033 77.978979 88.845620 80.690148 80.598378 79.884688 77.725148 78.572798 86.797125 87.380992 80.953918 
84.071454 78.228634 84.681536 77.590288 86.807603 79.845248 88.001807 77.569484 82.361940 77.441476 85.019430 79.378414 
89.561543 87.848951 79.974582 81.586716 80.084979 88.719347 79.330399 83.126303 88.280405 82.890010 79.012906 86.400961 78.356361 77.787267 77.321526 89.944610 85.686851 84.505835 84.128675 86.498752 76.931270 85.301117 86.832355 77.861420 84.374643 
78.046837 81.029193 79.418319 87.128317 89.163461 85.908741 80.243871 76.888608 87.799123 78.555776 80.223530 79.940830 78.112392 
86.509675 88.108079 87.385748 77.353256 77.020426 81.945530 81.185693 85.585917 82.836713 83.313838 82.415543 77.913963 79.256812 84.672350 80.343117 78.085133 81.568237 84.617846 81.317809 88.070887 84.306165 78.257748 78.844087 81.858458 78.474323 87.074841 83.985357 78.042264 79.564844 89.590366 
89.680328 84.858937 88.981285 85.829218 77.349841 82.480599 80.956737 76.634879 79.092146 84.952016 89.150003 79.263308 83.644938 88.592920 77.221504 80.197280 84.809774 78.243816 78.435019 85.130538 84.868702 
77.604139 77.664464 80.821570 78.775817 85.366363 85.714395 84.906683 78.069367 81.801470 88.398016 78.334032 76.464369 80.850776 88.642391 81.325115 83.254241 83.697598 83.447791 84.209158 80.879546 85.057462 80.459244 82.790134 82.576422 77.508749 
85.290435 84.990647 82.345883 78.338201 87.758071 79.261126 87.900979 78.654350 83.299852 81.519692 77.675962 82.568460 80.135768 83.879547 82.013028 86.624370 79.948798 83.870521 82.505366 79.447087 87.758373 
82.195628 88.825024 88.884615 79.372782 83.241050 89.311824 
77.525786 84.552209 87.117873 83.451333 78.468978 85.733259 78.419940 81.968437 77.730541 88.789063 80.646739 76.588253 85.649651 82.138487 83.454050 81.649404 84.092505 77.442879 81.745339 79.669436 
80.242995 84.840819 88.393734 87.963884 86.241306 83.828101 84.226444 79.593427 77.206186 78.665502 77.140763 80.428776 83.102045 83.795319 82.062272 
85.220315 78.109952 78.239506 88.348180 84.154255 79.798926 78.323103 79.454420 85.841273 80.543227 82.519990 81.726631 81.637779 76.848143 84.089585 79.235577 79.917170 77.326616 77.551677 82.664231 77.011215 77.365273 88.380826 87.672899 77.309227 
81.249580 84.098613 80.884243 89.038239 82.090916 81.607762 79.092941 84.742949 84.997361 84.108865 79.906049 83.501044 77.575516 77.951343 76.436775 82.784549 87.087550 80.914861 84.012502 84.996437 82.396720 81.805906 82.573346 77.501438 85.848369 
89.057339 88.602442 76.354254 78.034522 84.124265 80.947261 86.861132 78.936557 84.226049 76.221084 85.729061 83.720626 84.721557 78.608550 81.921807 82.401675 78.173235 
83.438135 85.535301 82.067108 88.868414 78.458199 85.730379 83.173126 82.040229 85.659370 79.767990 87.594582 77.444327 82.751931 76.637543 85.968772 76.380889 82.485747 80.510859 83.732937 76.595678 79.602507 83.491462 
83.229658 78.944175 78.206871 85.894312 87.533361 89.285777 84.737777 81.187456 83.461983 
80.118371 84.609181 79.777458 83.912889 86.143927 88.089903 81.762840 77.771202 89.190471 82.267480 77.956053 86.873174 80.487066 79.880414 77.569868 81.257160 78.940801 86.265812 79.586466 78.219194 77.828885 80.816742 80.506233 84.090038 77.295105 88.225457 
77.231025 83.274538 79.514459 83.526104 83.020055 88.605177 77.169552 83.495740 85.047382 76.691255 76.397226 76.321285 88.474154 83.000920 80.201092 79.941026 82.294504 79.428316 81.336059 77.663012 79.565598 82.832379 81.599915 84.944812 82.245122 89.530538 78.383871 83.037725 80.823553 83.763459 84.057628 81.593784 83.342689 79.354804 
76.552903 80.578213 83.179156 79.903437 89.541467 88.925642 84.450733 77.628460 82.373166 85.938603 82.225178 87.834695 77.824486 77.992814 82.594448 76.769619 79.890916 80.155119 
82.918997 81.123467 85.654820 85.097383 84.507220 88.096108 80.413476 79.126170 84.443325 79.966444 85.868338 86.274916 76.865278 79.734019 87.550398 86.273637 77.165222 81.959307 76.131147 82.392477 
78.935535 77.957992 77.127420 82.000455 85.983627 82.243067 84.669536 88.598267 78.470090 87.107609 87.380738 87.994152 83.860773 83.327985 79.279385 87.522298 85.316805 76.947725 87.861079 80.548798 80.324955 80.647027 88.507976 82.981524 88.554372 83.628387 
82.548984 76.318135 85.783881 78.117840 83.699158 77.803956 83.248155 77.132290 79.797704 85.162507 78.234560 78.141888 78.480778 88.317033 87.394991 81.867181 87.904522 76.554055 78.534666 89.567372 79.605767 77.103086 77.933208 77.055248 89.911744 81.498680 83.425711 82.236476 80.986972 
83.795643 86.016151 88.386572 77.180410 81.243953 84.494921 85.846839 78.786387 78.805399 88.297741 78.698774 77.745702 
79.285566 84.084211 89.131409 86.543011 80.247272 82.022951 77.125858 78.830883 79.549015 83.924152 77.613504 77.500503 77.625419 85.960492 81.911826 81.246962 85.289451 
80.573913 87.153292 82.789223 89.837700 79.786245 77.348691 84.577119 80.539465 
86.307812 83.411951 77.288589 89.837700 83.855988 76.331917 
85.002881 80.183518 77.036637 89.051174 82.252570 82.197253 88.392216 80.823409 76.583234 77.936730 84.074661 76.623540 
87.178777 89.739437 81.673355 77.935975 79.297327 77.316833 77.686617 83.954122 79.162512 88.366993 81.785440 83.873737 80.860600 89.763190 88.972850 79.329222 
76.918098 83.761733 78.092774 89.050987 76.419310 76.885412 85.067266 88.457890 89.173759 86.543691 76.518415 80.393223 77.113126 76.174898 77.505383 82.755681 76.605125 80.322850 88.344237 88.633747 78.010524 78.470202 79.568434 
81.401188 87.030815 87.884975 87.044792 81.790254 78.731064 83.984680 82.700162 79.899964 81.382821 77.712427 77.590763 77.976992 84.020276 
79.246949 79.306314 85.629690 78.001459 88.157797 83.742246 84.108950 82.211900 88.558504 84.431162 89.671571 87.613245 81.823561 77.138574 78.872775 79.887703 79.570507 82.073411 83.497694 77.831097 78.245633 81.026062 78.053933 80.298508 
83.209444 76.545255 89.546284 81.331144 76.858445 77.699845 84.497532 79.938209 84.239643 87.040689 88.926937 87.790449 89.188620 82.694532 88.153374 85.993597 80.734234 86.070319 80.589069 85.360186 82.747380 81.807741 80.278656 86.402971 80.843053 77.617614 82.112529 79.063760 
85.242925 85.546594 78.965352 80.543141 87.981108 87.632360 86.855462 78.863116 85.609920 84.858992 89.085256 81.231536 77.278864 79.923319 79.696899 78.768436 83.097355 78.061478 86.018845 82.160492 84.061530 82.947669 86.453284 79.008609 85.020431 78.682406 78.095338 76.821297 86.485501 
79.754612 80.889684 84.929198 78.338064 81.574286 78.104681 88.437593 80.517951 77.887243 79.912198 89.796441 85.559026 79.447899 85.233027 87.206330 86.508915 77.265526 77.111189 78.598081 78.624839 81.430642 77.306219 86.105559 84.247444 85.187885 80.326809 84.154305 76.885144 77.154919 77.448143 78.728842 80.511382 84.955110 89.495892 87.815875 80.378252 
80.645660 86.229104 81.908417 87.774290 80.333013 76.952685 86.590850 77.333930 78.920455 82.247725 80.540931 79.877580 81.972168 79.602189 78.530638 86.980484 79.167863 84.663502 89.477350 78.583933 82.768409 83.411995 86.105559 78.105094 84.659233 
82.199617 86.169075 78.267163 87.780826 80.732740 77.606775 87.978244 81.594079 85.849576 79.523819 81.218857 84.391901 85.478246 83.577635 80.463330 77.966770 82.640163 80.438651 80.740621 76.050971 79.147213 80.001282 79.327563 78.517290 81.268422 79.286732 79.189999 81.359234 80.093705 82.033658 
83.260355 79.725385 76.924277 89.761519 87.459508 76.514520 80.386831 82.589506 83.488807 86.121534 85.928847 79.658874 82.655101 89.647316 85.654183 80.830354 88.330321 88.752520 88.424881 81.589155 87.101190 80.858646 81.016668 80.446898 82.503937 82.226683 
78.287334 79.865323 77.140244 76.758720 78.294322 82.060468 88.656759 88.012161 89.265469 76.927902 82.256035 83.683472 85.327932 87.417906 85.552390 82.336727 82.325787 85.974052 86.173471 81.318075 80.065106 82.430958 78.311362 
83.555682 81.587484 81.366188 84.515738 84.048680 87.087152 82.942694 86.312482 86.000160 86.816492 85.128276 76.793614 81.072906 83.597230 82.767674 78.922146 81.224659 86.946384 78.569546 83.849891 
82.825681 79.397878 85.979131 87.836048 79.582943 80.433271 86.282289 76.672997 89.048527 80.040975 84.501215 77.714265 83.915548 77.016673 89.439054 78.195996 84.105749 88.571521 80.746249 
85.359113 80.653489 76.285092 79.128292 85.549133 80.058772 85.821656 88.808809 80.932532 82.093263 84.842185 88.906797 78.202375 78.321910 85.252207 89.102875 78.658462 80.790186 82.758213 78.134803 79.593385 
82.521207 88.752151 79.359042 77.655431 83.768274 79.576184 78.612209 78.345947 85.132766 82.301941 88.326997 78.221476 85.532688 79.450265 89.660109 82.596875 77.700602 79.121347 81.820770 78.034252 82.635798 
77.240100 79.549923 76.947096 78.145905 85.717711 79.946548 82.351520 86.734169 83.162963 79.832698 87.266606 77.271358 79.217550 83.807184 85.859645 89.477317 80.876386 
79.757818 76.739641 89.184249 81.878463 87.553428 86.595398 82.161700 86.058978 80.222700 82.592103 78.565606 89.237072 82.256216 76.526210 80.217337 81.500543 79.593599 77.900756 76.821954 80.663402 86.082261 85.402795 80.164289 
77.617351 86.661277 82.437695 78.140142 87.372894 86.763376 88.997075 76.882460 78.034556 88.646223 82.409131 81.432425 80.070688 89.087273 86.440989 82.493888 76.517542 89.903485 81.675758 78.151806 82.534155 
79.527592 77.200626 82.862159 78.125123 78.063298 84.777716 87.655425 83.750862 79.521180 88.256990 81.839868 83.833841 88.016951 76.882509 78.825645 83.989361 83.113867 78.087521 77.858858 81.513051 76.418423 86.409678 78.196886 81.180921 78.200449 84.230120 
84.439436 87.580133 79.632161 84.902148 87.949248 87.667091 85.122458 85.621362 82.927270 78.044491 79.660605 76.755064 76.706843 
88.624578 87.580133 83.346902 79.876583 87.831976 87.943925 88.411206 86.921853 78.792373 77.032604 76.609538 84.216752 80.187733 79.580818 88.922382 77.094538 85.207426 79.813743 77.367039 78.859370 79.459269 78.233631 79.208653 85.072569 77.996331 78.241987 
88.738824 87.580133 83.526163 76.340737 78.397997 80.364674 87.690889 82.041100 84.024126 86.532567 78.354668 85.826179 77.102730 76.926764 79.037288 89.511754 86.156283 76.512425 82.628206 80.822843 88.421012 76.772814 83.325103 82.962396 79.832066 85.714235 79.117033 77.127364 81.411392 78.612371 82.050463 79.208272 84.171707 78.991317 76.774894 83.633065 81.928786 78.529296 77.743986 88.705216 82.487561 88.048784 
77.391153 89.762777 86.359347 82.246217 89.024237 79.371305 87.892190 88.794862 86.469714 80.910703 87.588294 85.826179 78.557995 89.525007 82.918268 76.624797 86.127357 89.784593 79.176376 88.354492 81.899883 78.330409 76.093069 85.788029 85.388483 82.695667 82.593585 77.458523 78.653375 78.305188 76.431341 77.682805 82.386162 83.211227 84.944424 
82.790275 76.593783 81.941957 77.734344 79.217785 87.958835 84.220206 86.457051 79.499445 87.753971 88.824773 81.786408 87.856679 88.898737 77.969329 81.062533 83.752972 78.482978 76.778341 79.069656 79.040144 81.684685 79.689675 80.162392 76.403095 78.189249 76.876328 77.503251 78.422825 78.299621 
89.453153 77.001404 86.318229 77.358177 84.042227 76.916261 77.701877 80.113347 86.891275 85.510661 78.094257 76.340634 
85.067148 84.859467 80.975862 84.215474 81.755559 83.759736 77.814538 86.627752 87.149070 84.024165 83.986638 81.070260 80.470858 
86.157977 88.989301 82.637888 78.689508 82.800577 77.337920 84.884485 81.931765 82.241187 83.112232 83.071018 83.914354 
77.363467 88.993761 84.126957 77.930851 84.556327 86.983282 77.304858 76.883964 76.799961 89.239017 78.255429 77.274863 76.439773 80.768795 79.301533 77.743675 
86.697294 78.626792 79.973915 81.809878 83.693400 85.609324 87.300176 85.915137 78.164832 81.629311 78.083391 82.213393 80.593594 77.642253 79.664671 78.233094 84.747243 
81.341146 85.481728 81.804388 78.513110 85.346843 76.392976 82.936244 78.460172 76.706251 87.751261 80.203055 86.147941 78.957811 77.976329 77.713676 80.159666 77.819331 81.767633 81.958072 89.633034 82.448204 86.686180 79.459024 84.327284 78.028800 
77.560444 83.191474 89.633996 88.161943 76.763150 79.961304 80.335015 87.848032 76.351304 80.230050 76.674647 76.557755 79.669491 79.519809 78.475341 83.850126 88.110251 76.949579 88.231539 79.583239 79.425158 84.891547 80.194910 86.688975 77.190877 80.782460 81.947035 
85.255699 79.481856 81.649558 76.390153 89.584662 77.559646 88.081600 86.304786 88.014628 79.206264 76.988540 86.070129 86.140764 88.429107 80.095360 79.314169 81.508368 79.830468 83.182088 87.777411 77.950240 80.386550 79.061235 76.375877 82.587154 79.823062 85.969199 79.842642 82.011426 
79.393706 86.824599 77.227649 79.747600 80.826450 77.545761 87.908976 84.621858 86.358181 87.357332 80.648063 79.983445 86.405178 85.325851 86.478179 81.345780 77.658400 82.945158 85.697605 86.721609 86.285026 78.019703 85.400180 77.762994 
81.796153 81.177135 79.384743 77.240246 77.573393 81.945731 77.485733 81.609256 83.169331 76.551730 77.388267 79.888068 83.103286 85.367917 84.095492 80.197901 83.157265 88.824171 85.150300 76.953806 83.250531 87.370543 78.527528 81.768056 79.806721 77.319709 79.856714 83.050342 83.791955 
81.616639 84.955821 81.049543 76.924612 88.120054 78.644402 79.193081 78.006583 88.367195 82.454784 87.859286 77.893654 84.809801 87.514603 79.678727 76.601998 77.346530 81.202830 77.992892 80.933021 81.210063 78.559693 81.164769 79.793077 76.895223 77.951644 
79.807373 80.601967 83.117329 81.914144 84.885594 83.125544 87.317169 85.472887 76.992356 77.053725 88.224638 78.878618 84.458903 76.653241 83.605680 84.419092 85.224830 86.166905 86.857765 77.562011 80.236671 
80.574382 88.543898 77.431501 84.631638 89.991409 83.250838 84.107341 86.763580 79.178415 78.959888 76.728866 76.698874 80.631713 78.770008 77.970794 78.038952 77.627599 77.785420 76.597714 
76.871424 82.574108 77.284245 79.574610 88.349702 80.608553 84.305618 85.821032 86.755666 87.309657 82.546268 89.646509 87.407226 81.981392 89.809657 86.324915 88.882033 78.642976 88.150753 82.472883 76.382911 79.647698 80.222823 77.161229 76.470682 81.220447 76.702250 80.730740 
77.089576 85.102510 76.660738 85.721877 89.544541 77.842699 77.409627 84.474161 88.247335 76.953484 76.073656 83.382492 84.020753 84.066708 88.431952 78.972462 79.729546 81.132069 80.017360 80.244525 78.521117 77.783729 78.386967 82.257022 80.126712 81.556166 87.861136 77.444243 81.692976 
77.475939 80.497738 81.255127 84.150587 87.375620 79.854665 77.099966 88.929430 80.114708 88.109115 80.803070 80.199617 76.499218 86.980312 82.448860 81.567802 85.436793 
87.273281 89.776027 88.085500 80.466399 86.975724 87.050995 78.983664 78.996184 76.265945 86.902279 83.560895 87.702806 79.257200 83.555942 
81.269641 84.549618 79.840200 80.173599 86.944399 87.664648 78.056399 88.330199 89.885329 81.742542 77.718186 81.183451 89.669246 81.916072 84.899445 80.884421 82.728294 89.923252 78.327769 81.257373 82.580360 
81.779703 82.288738 77.145143 83.732140 78.809120 81.335562 77.468224 88.194453 81.680294 81.227044 78.792909 86.989530 83.559716 84.010795 78.125234 80.040364 78.212891 80.012040 87.594283 86.910356 78.066663 80.785959 
85.438506 84.860384 78.375238 78.586378 77.840189 77.801070 79.293147 89.381263 82.693215 81.124082 81.954216 78.753557 83.953704 79.618225 85.896421 88.089942 76.735239 77.742512 84.337992 84.185315 81.093404 78.394105 82.428384 87.689062 78.894544 89.281472 78.604182 82.006335 82.503648 78.173721 79.286366 85.291177 87.380312 
87.893192 77.514729 82.689026 78.890261 79.435912 81.651785 87.803948 86.099223 77.672195 88.561120 79.412762 79.099940 80.268184 
85.016288 84.290673 78.794417 88.150032 81.408072 77.631249 88.755110 80.136729 89.793738 83.291716 83.572710 76.310437 80.571140 78.263728 82.259738 84.974190 81.368044 80.492406 76.893465 79.370915 
89.084719 84.133448 83.440460 88.629050 76.242743 78.305460 79.465124 87.440409 76.753223 84.759484 79.807575 84.700994 88.708776 78.102524 81.353786 
87.788925 77.323007 79.891288 88.387629 79.946029 80.537628 88.649312 87.715064 78.985003 77.376565 77.344895 82.615300 80.908430 89.053631 80.758682 79.461815 76.736572 77.585882 86.370807 89.291573 
89.237333 78.257334 89.775751 78.769542 85.030813 80.336330 89.669599 81.932982 89.303426 83.096408 78.374370 80.887524 84.256221 87.042807 77.341776 89.490538 78.762064 77.857446 83.636677 
87.680313 80.368417 78.056938 84.419172 89.309250 77.861338 87.642609 83.718722 78.807552 76.525272 76.752591 77.104959 77.331631 81.744169 78.655578 85.852343 83.264386 84.845567 83.175556 
88.199763 81.645175 80.335651 88.837214 81.251155 81.832337 84.964079 79.751414 82.199495 79.974410 88.772436 76.734778 84.170996 85.460284 86.029039 78.116532 78.315514 78.580969 76.574935 87.232917 82.170249 81.009673 83.568044 77.936698 87.210074 76.425379 81.911287 83.906722 
88.565921 84.452536 76.980836 88.497943 83.910826 81.335724 76.766677 85.322880 83.259942 82.218786 80.586762 81.996357 79.363076 81.421523 84.518495 87.299772 78.562931 83.010327 
88.616751 86.981947 79.291601 78.566215 83.110263 77.039974 84.490144 80.079439 82.261112 81.400151 78.108501 81.612849 89.787727 77.231191 84.103245 79.536376 
89.528645 88.589778 81.173958 82.494096 87.236432 82.470495 84.503439 77.718608 77.209843 77.226757 77.556680 76.880852 78.771261 76.897069 77.174449 81.519683 
88.556157 84.102085 80.301559 83.618724 77.199367 87.372120 77.065328 76.994904 85.948360 82.861475 
82.191504 89.170419 76.467619 79.448479 77.983708 88.726337 81.385762 88.304267 83.728761 84.155953 76.295467 79.916498 77.919459 79.862894 
84.559653 87.725208 81.124543 88.415269 79.166893 86.798292 84.217476 79.827489 80.569617 77.949085 78.991184 82.989965 87.899726 77.239775 82.670092 78.779265 81.223709 78.615440 79.029159 84.654408 88.333222 77.806022 81.875762 
