48.524052 50.065838 46.355063 47.911197 50.427024 50.613958 46.463122 46.507643 48.155903 51.891537 46.483347 
49.457443 50.394850 49.962000 48.129303 51.878421 51.209713 44.693516 48.598943 50.120698 46.417957 50.172596 46.160459 44.267475 44.918009 49.369289 50.647410 48.797086 
43.892916 52.043046 48.839836 47.628075 49.112944 49.080774 48.844774 45.472167 48.068543 51.352743 46.644387 44.500320 49.522808 46.202724 51.041034 50.206010 43.699993 50.944305 46.735608 45.096039 49.300087 49.334050 47.550997 49.743299 44.639793 47.828006 43.767762 51.237753 51.005311 50.139508 50.292526 48.841780 
49.085660 49.069181 43.081187 45.268231 49.736250 51.221642 45.010422 45.235178 47.393077 44.244000 49.815225 50.141995 49.742856 47.458724 48.986098 51.349508 49.499900 46.519565 44.317511 45.252106 49.184229 52.247577 47.909144 48.541751 49.866439 
48.614510 50.632265 49.711341 48.855812 46.837894 50.974440 46.647766 45.749390 50.035754 50.886838 47.323472 52.267228 46.689584 50.185619 50.699554 47.927808 49.794996 49.552670 45.464005 42.855218 49.649526 45.146944 50.639923 44.674811 50.934303 44.388621 47.066380 49.941565 46.538453 51.998070 50.840577 47.902820 48.325536 49.566720 48.821330 48.549658 49.895351 50.766217 
51.003688 47.561167 47.931218 43.091853 50.338806 45.957380 47.538637 48.135031 45.631021 45.875978 44.589418 50.458605 49.508462 50.977175 47.504121 49.890900 43.471954 49.027394 49.659372 48.766309 51.867090 47.426051 46.515769 50.139835 48.720836 
48.517243 51.674072 46.958875 46.997139 50.012963 46.312888 45.424167 50.273852 50.044753 45.267981 47.693367 42.822482 50.464437 49.037469 51.626033 50.246764 48.857248 50.822370 48.581099 50.662720 49.613096 45.251099 45.739052 48.981810 49.500398 49.550555 
49.331895 44.556570 46.836218 45.587428 44.359750 44.407948 44.855348 49.640850 48.168807 44.121562 49.361113 50.039098 50.787663 51.942894 47.722683 49.812729 50.116572 49.056710 44.441152 44.613430 48.483386 44.232070 45.756341 44.600121 50.336864 47.723589 48.906356 49.657835 48.776160 47.966301 47.417947 48.742037 48.910614 44.220427 47.570949 49.865110 44.711900 45.672008 
50.234009 44.271491 50.969762 49.460230 44.044510 52.013263 49.937010 43.658446 44.982238 45.065592 49.995673 43.297323 
47.321761 52.005291 50.176046 49.784136 50.351421 48.857986 49.363199 46.435531 48.681730 48.258770 46.984006 45.084759 46.488468 46.778837 49.826933 
50.396688 50.025835 48.500579 51.712310 48.322110 46.128649 49.256853 50.896028 50.533114 51.281342 43.183891 46.311560 49.696664 46.173988 45.191418 47.600550 51.291683 
50.661553 47.782724 45.042635 49.020146 51.268072 51.682486 44.884411 50.695829 45.609227 47.563178 48.982443 49.501941 50.042379 46.497796 50.239880 52.069779 48.469219 44.148220 48.244040 47.504226 48.595844 46.808474 49.343676 51.110809 48.945306 51.096890 46.400450 49.741367 43.677809 
46.139684 49.590611 45.312557 48.591980 51.601678 50.375487 49.633722 49.409147 43.320345 49.302431 51.225906 49.073988 50.460442 44.699419 49.710942 47.726230 44.204976 48.678422 48.747014 48.552833 46.922717 44.687821 49.264395 50.052822 49.539963 50.505094 43.944302 43.130754 45.633975 48.880079 49.033946 49.192771 49.896234 48.648749 43.385879 
51.648583 43.568022 49.773964 49.786241 48.880319 47.254901 47.865735 49.843890 48.483636 46.109689 43.671314 48.869021 43.714143 49.798575 49.254667 45.043014 52.062700 49.270328 43.664738 
49.320142 51.197855 47.177195 49.694322 50.087969 45.667767 44.982945 48.836451 51.030942 49.953914 44.708610 43.674409 46.934967 50.625342 46.268293 47.444735 49.438254 49.963934 44.546335 
48.053698 50.456423 48.255051 47.774757 49.050117 45.538842 47.603881 50.133589 42.695077 49.674973 43.194936 48.531197 50.602691 48.943581 47.280617 51.312423 49.398353 47.571148 50.945897 50.145423 47.375025 45.637234 47.522053 50.517403 49.750365 
51.612433 48.227210 48.145096 49.186100 49.148526 51.001176 49.575934 47.895590 46.889737 49.766273 45.663618 44.616355 47.899684 43.840820 49.842710 47.278530 46.091096 44.157377 48.488523 44.433717 48.862796 50.632702 45.749229 51.110754 47.881464 43.760280 47.509869 
49.528285 44.145941 44.806156 49.944690 45.706231 50.869566 51.790136 44.984905 51.179658 44.896774 48.996573 47.922971 48.820508 50.283157 47.484509 47.384143 47.243770 47.275289 49.284108 49.724073 50.945796 47.890768 48.624778 48.838691 48.083204 51.516697 49.842800 
48.415590 45.604063 50.878831 50.018254 51.604943 52.131296 43.315162 50.376624 47.145890 49.645948 51.194552 50.831615 44.775161 46.667858 49.155049 51.925865 49.779947 47.600826 50.161334 45.931358 
49.522054 43.648021 48.419256 45.606297 50.544945 44.611636 51.495227 48.780272 51.533936 48.878171 45.452696 50.298450 46.892572 44.560068 48.598878 49.985227 50.549415 49.094820 51.021924 45.058785 50.184172 47.977452 48.441499 51.134570 47.830612 49.618175 49.206648 50.506377 44.190140 48.502087 49.116195 47.574997 
49.517553 48.677981 47.316481 45.989784 50.095655 50.731607 50.111379 46.076240 51.085719 44.861939 47.680144 47.077348 47.231117 48.205416 50.939621 49.028275 50.664089 48.452901 49.047495 50.716586 48.156565 47.832165 48.935443 47.542393 46.431545 47.421471 47.424213 
48.043159 46.376662 44.962739 44.180219 48.213628 49.653131 51.492081 42.974845 50.569935 45.906998 51.581557 47.696582 48.979345 48.580657 46.125390 48.983833 50.345386 47.187851 48.248416 50.414978 47.370616 47.729010 49.507961 
46.510745 51.453756 48.012163 50.202324 49.471110 44.889476 50.368457 46.396875 50.679558 46.969401 48.687510 48.603829 49.231808 
49.294391 52.304840 50.576486 44.655409 44.347742 50.125239 44.510577 52.056066 47.208438 50.785684 46.993462 50.867795 51.040530 51.518004 46.446550 48.210296 49.333382 46.379490 48.264163 46.855589 47.213561 
46.440971 43.393434 44.878832 42.824363 49.541889 48.340796 50.224682 44.225099 47.420090 46.910011 45.993005 50.816928 47.388481 49.566675 48.222395 51.126541 50.281482 50.092837 49.074656 45.111596 49.405999 48.710586 
51.633993 47.723941 44.864738 49.768070 47.151354 48.417005 49.694515 44.702532 43.317929 48.704310 48.358875 49.886284 47.183451 48.331548 43.654385 47.978068 45.712958 50.416516 47.347368 44.661944 44.880751 
47.289878 44.389844 51.433995 47.598879 43.837476 47.795234 49.972716 44.997165 45.037491 49.369647 47.471018 48.523937 49.214954 
50.531987 44.784144 45.565637 51.113292 48.604458 50.700679 50.073612 48.938042 51.337152 49.766110 43.492583 46.266052 47.513017 50.392418 45.580196 48.471143 51.986906 48.107543 45.494397 51.446479 45.770805 45.770909 46.651692 52.125575 46.528440 49.942610 48.087263 45.979320 44.091119 50.324922 51.002374 46.429670 50.008241 44.505730 48.513112 43.498823 49.081220 47.484261 45.825776 51.884759 47.128707 49.078706 50.142324 50.770034 
47.699321 46.856077 50.564167 50.551466 46.653228 43.729764 48.383468 50.310858 45.979947 50.588643 45.740543 49.713643 49.431234 47.379159 47.506420 46.917513 49.015903 49.811402 51.548696 48.249686 44.820684 43.800127 50.065653 44.960600 50.754986 43.350618 46.818354 48.773367 
47.242978 48.939837 47.680850 48.888525 51.120685 49.523242 49.504106 46.901578 49.351733 50.787239 50.788913 48.217068 51.574837 49.200125 52.127777 43.595235 48.199590 48.463446 51.898640 45.259376 48.432277 48.500676 48.538041 51.480804 45.159044 51.290070 48.159998 50.817042 46.276128 45.059416 50.261452 47.091828 46.146537 47.230070 46.301761 49.034625 
45.818516 47.926010 46.708408 47.283250 45.662426 50.884483 50.579054 46.020536 49.109230 49.266863 43.966693 44.408144 49.924433 47.173497 48.729089 51.099552 46.932797 49.242109 50.725415 46.851190 45.229251 48.656266 50.304798 49.873278 46.977760 49.012712 50.172706 
47.619853 49.270771 49.389179 45.362024 45.097721 48.005975 50.721099 45.479373 50.680412 50.820900 50.700353 51.808699 49.834648 
45.727261 49.270920 44.838637 49.058274 45.543663 50.028803 44.038816 48.886337 50.543650 48.531569 43.936700 44.608310 45.018257 50.845012 46.945550 49.330049 50.885739 49.347875 49.456044 44.232928 43.617621 43.131483 46.076534 45.841826 45.345200 45.933620 46.026680 48.499339 47.732353 45.115341 49.715128 44.743647 48.404784 44.709701 50.134380 46.412797 51.604865 44.337261 
47.103813 44.990311 48.591767 51.147212 51.287729 50.035052 50.208212 48.828268 50.188803 45.249970 49.924374 44.960558 45.975317 46.536017 50.777291 49.757967 51.007890 45.427875 44.903185 44.423327 44.032459 47.907835 49.119265 47.122161 51.371163 43.944303 
48.505958 46.552649 44.128457 49.730027 42.729203 51.223146 47.238084 45.947527 51.557481 49.183727 49.620444 48.301710 45.604766 46.457104 49.236748 47.052791 48.179920 50.822831 49.374122 49.924893 47.275888 
49.150853 46.493305 51.404814 44.034701 50.607250 45.986949 48.659792 47.009447 50.059220 49.546058 51.424062 44.547936 47.050216 45.743914 48.374433 49.551670 45.990811 47.143299 43.831513 48.272410 49.986023 47.312100 43.098687 47.058525 44.021728 47.743425 50.396348 47.077426 50.999002 
49.240536 48.279708 50.800030 48.386384 46.986593 48.701712 49.921981 48.540560 49.851260 49.091424 51.818865 44.899191 48.481395 45.902387 44.755176 48.383481 46.547686 45.300197 45.889302 44.159360 51.025966 43.122557 
49.785478 45.231123 51.093153 45.798722 45.318004 49.016528 50.936598 51.126292 51.674244 44.314110 45.775814 48.467858 47.137828 48.853102 50.739242 51.412105 49.797719 43.344695 48.930371 46.469598 
49.044713 45.256025 48.271593 48.825636 50.319625 47.586054 49.202289 51.780752 49.668130 49.294976 49.393803 47.230015 48.472749 48.232823 48.811723 
47.132138 48.812589 47.893114 52.235275 49.570586 48.402231 47.761533 49.675643 46.297838 47.877111 51.797448 46.439574 45.760501 50.617772 49.318294 50.003774 
51.128764 48.398423 49.701537 49.824906 49.539172 50.999067 50.812692 50.149271 45.458219 49.043987 50.256280 44.514018 48.327757 48.528346 47.456034 49.466948 49.708267 49.197353 49.166379 51.386615 50.551485 43.954854 51.310631 49.059726 47.884431 46.607622 45.905245 45.779004 
50.318446 45.295577 44.521206 48.178985 51.208216 51.040453 49.139987 51.615362 43.064026 46.410247 45.377161 44.750378 45.979012 47.079385 49.727674 48.487174 48.336948 49.136528 46.893820 46.299804 48.616456 46.778836 45.435502 46.096901 50.215918 
48.613267 46.514142 49.076999 48.878223 50.176752 50.046325 44.577842 50.611867 47.197354 48.770919 45.385330 45.729642 43.547596 48.530837 48.588814 45.911299 47.191860 48.986610 51.944078 45.586235 45.735631 51.518457 48.933557 50.036681 45.917580 46.410337 50.725919 43.920973 47.727684 44.127089 48.615491 47.165698 50.468733 49.876689 50.554673 45.982622 
42.995262 48.547176 48.661558 45.388915 49.664994 47.243410 48.623541 48.232913 49.026527 47.863387 44.577209 51.146211 45.060576 47.141942 44.541216 51.465542 47.217890 48.222336 51.553890 47.250347 48.105902 50.523573 48.378665 50.334659 51.035043 46.683873 47.436986 
45.460844 47.929493 44.598576 48.942101 47.132528 51.008524 51.077933 49.508971 46.160967 49.679227 48.965121 44.900260 48.634221 48.889470 46.008149 47.209144 46.542478 48.099259 50.205770 47.288242 
45.855954 50.476652 44.774842 46.685089 49.927930 46.500938 51.019171 50.812961 42.873499 51.720406 48.907094 51.495164 46.504341 49.000661 49.630922 49.026962 49.548200 48.614544 50.233606 50.592144 44.306788 
47.671292 49.206412 43.649637 44.098033 48.894087 47.191916 50.239534 49.633273 47.751282 50.996733 50.477570 49.028333 45.648589 51.010044 49.008124 49.863885 49.535653 50.100661 51.812015 45.668250 49.228378 45.562405 48.615795 47.753908 45.778068 48.141466 44.590481 48.645570 
49.561516 48.491197 46.665117 49.382426 45.459179 49.037411 49.236175 50.248826 50.205951 50.091123 48.620958 49.735883 43.446293 46.436073 48.712347 49.358265 48.631536 49.991160 47.810437 48.757876 49.389359 50.948430 47.590251 49.028029 52.095108 50.328918 47.691563 48.533102 51.625944 
44.140504 46.324306 47.779650 51.805204 48.594099 49.360323 48.929531 46.422172 49.373152 49.135775 51.109068 50.575051 50.438868 49.044917 47.965219 49.809139 50.143327 49.302468 44.589396 46.280525 48.357833 
49.122917 49.202154 48.793573 49.546199 45.287486 45.799492 45.403850 50.488232 50.164212 47.523596 48.054970 48.268712 50.725623 49.371587 44.537796 51.865326 43.480526 49.525205 48.067932 48.365810 44.883967 49.637806 
49.748142 50.064965 49.353295 51.004485 48.681865 46.487779 44.209295 50.717805 44.568053 51.797034 44.497884 47.980359 45.629140 50.289612 49.749433 49.127284 46.465843 50.730968 47.054591 50.243021 
50.624228 45.558258 47.267211 45.291692 49.560406 46.517816 49.612863 47.152286 47.283281 48.303115 49.526724 48.750104 50.364904 48.556190 45.179150 48.958170 46.318706 47.125163 51.641568 47.628295 50.843373 45.119799 49.950338 51.308165 50.700285 46.218643 46.513386 49.217332 48.442367 48.814384 47.970364 43.187238 48.226560 51.691201 
48.833038 49.459923 47.455757 49.744348 45.312026 49.290177 49.357430 45.134609 45.591408 48.075134 51.465977 49.995935 44.384500 47.426365 51.607791 51.173867 48.122701 48.546473 49.049933 47.368101 47.935362 49.495147 50.118889 49.998093 43.981972 47.869913 47.612081 45.145739 51.584477 50.958832 46.979456 48.770254 47.372733 43.562497 47.928012 47.175452 50.340242 48.045381 46.644024 49.593402 52.315125 46.623548 45.813572 50.627660 43.642287 48.147845 51.629268 47.264841 49.448264 
49.727826 48.585775 50.084606 49.396139 50.929438 46.870701 48.399986 49.268745 50.481094 50.772258 44.269044 45.479207 48.705785 51.177711 51.756480 51.657857 46.541842 45.924083 48.811702 46.673092 
48.183894 44.269127 51.035372 48.945211 44.842301 48.237171 48.105268 48.447476 51.503338 46.125635 47.868412 44.803246 49.585108 52.100851 47.974666 44.658628 46.085152 49.375019 46.858497 47.362554 45.330862 48.571888 
47.968278 46.992331 49.069025 49.460223 45.445784 50.903997 49.201041 45.427871 48.954468 43.023138 48.588573 45.949692 48.487705 51.543096 48.803240 48.114435 46.763874 44.824110 45.171687 46.212672 47.403107 45.373603 45.465282 46.925365 
46.036766 48.054024 49.651150 49.365019 47.993185 50.459724 48.571319 45.856649 48.458876 51.529967 48.849957 47.833040 44.842424 47.679391 45.824610 48.973619 47.954002 48.814401 49.194378 
43.991287 49.359550 48.631528 49.910993 42.603638 49.793025 46.183712 44.653471 46.071379 51.642461 50.243177 49.080200 44.954360 49.924306 45.580406 
48.569272 45.116578 51.503897 47.315739 47.552010 50.627406 45.945463 49.843758 49.864355 49.436871 49.924326 43.859411 51.887882 47.182376 43.204509 49.381108 47.885069 
42.931725 48.360417 50.280752 46.848772 49.764777 50.305107 49.264020 49.603517 48.686615 48.596500 48.156849 51.800027 47.077255 49.609023 48.929093 
49.404368 48.254459 48.329737 48.440864 45.519263 48.491897 48.971472 49.590801 44.233919 49.500226 44.185354 51.885113 47.819026 47.860278 49.187750 45.748869 44.282635 49.293710 43.521087 46.829934 50.824041 49.830085 46.016402 48.213194 47.903025 51.994309 
50.104557 48.373609 47.688227 48.650743 49.407952 49.084377 49.439210 44.130046 48.801782 48.904188 50.746392 44.380347 52.176605 44.795579 46.812647 44.228293 
50.084805 51.961907 50.557968 50.387710 48.024852 49.787881 47.915829 48.125873 44.400240 46.669375 44.615391 49.666524 48.916064 50.895988 44.064674 48.816635 48.113189 45.829520 45.436042 49.433016 50.602888 
51.944608 49.917560 51.210596 49.173624 47.425915 45.577110 44.066402 44.878204 48.589858 48.327719 48.318082 49.559716 46.392136 50.955055 49.769218 50.383386 46.213564 46.103216 43.907287 
50.895798 50.265289 47.065500 51.462194 50.372391 48.327755 49.548858 50.285469 46.409412 46.550504 47.366758 43.867492 48.744599 
45.595897 51.725719 50.641671 50.375877 45.562744 48.517095 48.570365 45.795251 43.362152 51.229646 49.182981 48.068651 49.800135 48.954969 48.770674 50.234308 48.184725 
49.029106 50.032086 45.310878 50.429441 46.992148 50.439238 48.819483 49.760764 49.115594 48.916253 49.877503 46.603175 48.174046 47.181755 46.435862 47.388659 49.140068 43.191910 49.298372 47.784071 44.273261 48.533328 
49.106772 44.120114 50.619421 51.874137 48.048348 50.231448 50.071369 49.439250 45.229713 44.652413 48.578972 47.235321 44.794666 48.214530 49.354936 49.972952 48.691426 48.687922 50.373832 47.740809 
47.937841 49.116646 46.954793 44.474367 46.706051 51.720759 49.888915 49.009030 46.077948 44.773358 47.310625 46.453468 49.414171 47.688993 47.134355 45.736687 48.764009 49.812622 47.855034 46.497841 51.845791 44.169011 44.681658 49.869655 45.923224 46.349137 49.255571 47.808277 
49.899467 44.977046 48.951995 48.010402 43.810759 48.730253 51.920891 43.168349 46.499021 47.780761 46.004524 49.680864 44.763719 44.212538 48.961037 50.843054 47.021541 48.018134 45.481707 43.529979 49.013783 48.215544 50.036656 49.408134 43.659972 49.930928 49.671459 50.114974 
49.298077 47.536747 43.458947 49.666401 44.096014 45.737166 48.752017 51.918991 49.085129 47.003318 49.739253 48.831854 47.534195 45.693661 48.612945 45.502170 
50.303667 49.499544 50.467156 46.169225 47.338639 49.695881 50.209374 49.696001 47.939674 48.649495 46.273422 52.191170 51.246789 45.241302 46.946748 50.293727 50.896434 44.331707 51.268697 
48.776506 51.232881 43.373985 49.246185 50.724656 49.351522 49.945118 49.506051 49.516572 49.195194 47.753093 48.878254 49.186518 
51.666383 47.896712 48.170836 44.112036 50.991368 49.830693 51.397024 49.816781 49.380076 48.454188 44.023631 49.428490 
46.858409 50.438400 47.433895 48.923021 50.281365 47.721485 49.693962 51.171812 50.444080 51.130326 48.846372 49.018659 50.001937 50.476856 47.884657 50.348153 49.444163 49.573500 49.462486 45.482601 44.073127 47.920857 45.628775 46.646674 45.761915 
50.366489 51.414792 48.923353 47.160324 47.937672 48.558660 50.684946 50.891492 51.535945 45.784169 48.204250 48.630858 47.423838 47.501949 51.296674 48.017531 48.162569 50.512885 46.808540 49.895324 47.836136 47.135071 48.714440 43.250769 48.905039 48.257771 49.598535 48.308188 
51.176470 49.344040 46.851082 48.222758 50.908201 49.096964 49.812425 49.743168 49.813919 48.317192 48.108999 44.399314 49.777418 47.470377 51.462387 44.437612 43.675487 48.687103 
45.251102 47.037519 44.714676 47.050736 47.922007 49.673921 46.952973 50.719463 49.094138 48.506790 52.112082 50.453473 45.389540 50.653057 45.158020 49.437278 48.979048 48.810698 48.500558 44.165361 49.641797 44.274656 49.411564 49.083585 49.279277 44.338689 49.712703 49.255790 50.638193 50.588464 
48.462593 50.626722 50.378106 49.757887 49.210999 48.125205 49.943419 44.079430 50.653152 47.661180 49.160433 51.437523 48.954591 49.584765 43.294556 49.746671 48.445427 47.506138 44.914455 
45.192156 47.875317 49.623535 47.612857 47.027362 48.744392 49.879360 46.519439 49.182661 50.365857 51.475061 50.104116 50.663896 48.088576 46.235931 50.007927 50.654612 48.915366 48.720485 49.938097 50.572268 51.483372 50.426715 45.068456 51.612430 47.046200 
48.959866 48.245503 49.920811 45.774863 49.404236 49.190491 50.083515 44.881701 43.569871 45.028778 49.930536 51.809754 43.404927 47.717474 50.921947 47.030828 48.493415 42.875301 50.709831 45.558798 46.328675 48.840615 48.933697 48.183710 48.781542 51.127428 49.994916 44.412603 51.599964 48.508401 
48.959473 46.829315 42.941563 50.181639 47.233990 51.147438 49.732679 49.093665 50.333026 51.551711 50.470861 48.483372 49.824358 46.002213 50.942943 47.081821 
44.030594 49.166125 48.174174 49.901444 51.123846 52.201320 50.528094 50.258983 45.891989 47.479218 48.270469 48.966189 44.532686 46.568879 44.945774 47.732358 50.462335 47.217179 45.769857 43.307411 47.538863 51.632269 47.679767 47.826900 47.465612 
47.611194 47.712805 46.529498 49.268058 44.071648 48.684008 50.110102 50.537766 46.484231 49.732738 47.144728 49.261660 49.308116 45.318558 50.260782 43.840539 44.812191 51.574687 43.261239 49.295770 49.582468 44.482682 48.447969 45.590431 50.362890 50.688637 46.276385 
46.787995 50.886566 48.471513 48.966595 50.732718 50.358578 50.159391 45.735356 45.044948 51.189294 48.777389 47.132935 43.673870 48.277384 46.131828 47.926017 49.490457 43.630981 48.756844 48.133260 51.653884 49.502857 46.109077 50.197055 45.171870 48.165625 48.523411 47.183437 45.656681 46.413005 
48.327547 49.455909 50.280273 45.175160 50.280136 45.206840 49.287735 47.471160 47.217684 51.484897 46.616535 47.245517 45.649044 
47.090524 50.707211 49.041620 50.089382 50.297162 49.896341 46.209954 48.048650 47.802226 49.933751 49.519622 47.375174 49.514523 50.459533 
51.712819 48.288548 45.928819 49.275723 50.798498 50.339726 48.864387 47.087564 46.594775 48.321479 46.336274 50.846963 49.597782 45.892996 51.157208 48.445717 48.749432 46.864684 47.720868 50.495216 46.509372 49.909936 47.769021 48.349761 
46.970534 47.511429 50.183189 46.145270 44.912602 49.177422 47.618654 49.382359 45.441389 50.511013 50.055155 49.793597 44.009298 49.968159 
49.096469 49.010623 47.989093 49.181150 49.474684 44.305487 50.382771 49.778973 44.112278 51.128373 48.970027 47.324088 45.587725 50.190737 48.681922 44.309919 48.311470 46.925211 51.050528 46.008500 51.302910 49.459906 47.774875 46.367347 48.122410 44.952940 44.812566 49.702737 50.687588 44.460544 45.700330 48.771576 48.376917 
47.187434 51.871681 46.009480 47.285533 46.647077 47.402789 47.483640 51.702700 52.342637 48.075962 47.112478 46.265292 48.662624 44.913400 50.171118 50.513158 47.383369 49.760844 51.104024 48.773085 50.256334 47.209639 50.985197 45.678337 
48.654740 46.205099 49.041084 46.793249 45.230521 45.995593 50.495919 48.874135 51.048424 47.766614 44.737193 51.549888 47.433297 44.763611 45.428369 45.571694 47.827987 44.112345 
50.449175 47.312060 47.532909 46.341816 49.257171 45.161266 49.228366 51.514002 50.523414 43.921092 43.525967 45.732171 
49.138022 49.736571 48.305725 51.044961 48.059966 45.495081 48.255767 44.646211 50.220953 49.663470 47.995014 46.151835 45.454742 46.811331 50.343224 44.732975 49.558285 48.369144 43.739719 43.184978 48.908993 48.034321 44.341826 45.367478 44.882924 48.962317 46.713178 49.790156 49.431989 51.540877 51.003019 49.539092 44.389483 49.896432 44.975271 49.669278 48.724701 
44.431896 49.169231 48.423053 44.993451 47.791285 50.067321 45.822088 43.503996 48.978871 46.089729 45.241094 50.476456 43.664544 50.695846 51.232916 49.528909 45.922255 49.870869 49.957247 49.842482 44.851745 47.354647 50.471179 48.275493 48.428539 43.717183 46.584644 46.329482 51.717615 48.617244 50.439289 50.492332 49.750161 47.500017 44.623737 49.228271 50.192674 44.490537 48.694842 48.176123 49.778837 48.532544 
50.594426 46.878772 46.534257 45.741403 50.000339 49.333191 47.471247 44.684762 49.761031 45.407439 49.335863 44.639835 49.830776 48.200738 50.553721 46.842914 49.138059 46.732515 50.538075 46.631804 44.199812 50.864062 43.550277 44.300729 49.071587 47.854823 48.875284 45.945050 47.262124 46.865157 46.553784 47.983174 44.200392 43.504059 51.452622 51.096394 48.718357 43.730520 48.194205 46.416552 50.946674 47.191068 
49.273805 50.132033 51.307504 50.884518 44.956758 49.824426 49.169794 43.462354 46.184661 44.735441 46.817609 47.115346 47.487429 43.548238 45.716574 48.756713 47.917613 49.820796 49.656716 
50.384656 48.585675 44.717919 49.113975 46.946250 50.537700 49.312283 49.952211 49.661877 51.489910 45.577650 49.361146 46.598286 49.579258 50.563349 49.589761 45.905856 47.817911 49.923456 48.754233 47.659790 49.963194 48.403530 
51.093906 47.370025 43.387769 45.951952 47.927507 48.794520 46.007557 50.103412 45.072988 51.286353 48.599700 49.504717 43.698856 45.465946 42.855135 49.361340 48.973692 44.096724 50.322540 
49.423258 47.242614 48.200772 49.848273 46.731420 50.284011 44.594096 49.908637 45.685444 48.602169 45.175384 49.892153 51.179049 51.337780 50.356640 49.578377 47.907198 49.012083 45.487641 46.443996 48.034688 
