 0.479996  0.994323
 0.576369  2.013665
 0.483635  0.531088
 0.687909  0.827132
 0.558482  0.395468
 0.496777  0.626276
 0.701148  0.756247
 0.429382  0.896931
 0.404027  1.949678
 0.237664  1.137769
 0.295793  1.408025
 0.437009  0.698826
 0.590888  0.381595
 0.397346  1.217597
 0.540972  1.032077
 0.684321  1.562193
 0.637212  0.641651
 0.379415  0.386878
 0.538996  0.655614
 0.431554  0.534677
 0.538146  1.035057
 0.776457  0.601265
 0.881817  0.512702
 0.757476  0.958988
 1.015631  2.614187
 0.755917  1.012008
 0.553665  0.512214
 0.285652  0.497235
 0.586694  0.878566
 0.372340  0.485790
 0.024531  0.825120
 0.379446  0.734774
 0.155182  0.601275
 0.450254  0.305457
 0.358686  0.565584
 0.603523  0.337745
 0.994256  0.742090
 0.268315  0.385897
 0.614892  0.510122
 0.752273  1.946936
-0.345668  0.667974
 0.245650  0.995251
 0.452402  0.911238
-0.147535  1.221666
 0.308728  0.905681
 0.435948  0.401338
 0.412999  0.906753
 0.624795  1.027276
 0.234094  0.456091
 0.735012  0.772792
 0.508218  0.841565
 0.466908  0.761364
 0.390249  0.649029
 0.516990  0.479317
 0.855398  0.996669
 0.596695  0.903267
 0.685704  0.828929
 0.668071  0.719027
 0.623267  0.569909
 0.539380  1.189733
 0.377782  1.356551
 0.692575  0.540188
 0.539960  0.493815
 0.483260  1.093243
 0.196518  1.122873
 0.742454  1.466085
 0.663167  0.743712
 0.815741  0.583504
 0.562786  1.037177
 0.578305  1.293683
 0.435260  0.394643
 0.202817  0.875096
 0.512580  0.484951
 0.569016  1.319564
 0.221822  0.657367
 0.573227  1.403990
 0.546269  1.201260
 0.502032  0.753630
 0.363544  0.720456
 0.393390  0.567143
 0.631192  0.532989
 0.320667  1.024520
 0.706785  0.414772
 0.709770  0.692482
 0.573865  0.755688
 0.529684  1.776353
 1.194017  2.831163
 0.910963  0.609033
 0.795667  0.567468
 0.609710  0.580491
 0.476547  0.367534
 0.076568  0.768504
 0.519107  2.233851
 0.442237  0.777823
 0.417808  1.047184
 0.462410  0.991507
 0.457555  0.618866
 0.564853  1.570099
 0.738683  0.682609
 0.581882  0.558190
