47.234344 49.243738 45.052487 49.325940 45.362778 42.933351 50.183046 50.577536 50.338506 49.393544 45.404641 52.228413 46.977775 48.898536 48.129448 
50.799627 48.455120 51.622284 49.125546 50.916754 
48.331395 48.307521 51.556250 45.754290 49.728313 49.174713 51.081061 46.909037 51.480929 46.740791 50.386273 48.330796 45.564300 49.248404 50.388958 48.642336 49.365776 49.224800 46.203544 52.121936 
47.475607 46.532816 47.325469 50.889389 50.450228 45.375408 45.465165 48.967392 47.374924 50.001734 51.277469 47.721009 48.191985 44.467610 
49.468015 50.806040 48.992300 51.101145 50.234294 48.354408 44.432821 49.903281 48.433434 50.427798 48.890439 45.982179 51.588167 44.799944 
51.684299 46.886795 51.095086 44.780395 48.018396 49.342470 47.757385 48.930650 50.331573 49.878323 47.329661 
48.166216 45.378500 49.607020 45.198602 50.585239 49.890072 47.141466 48.808681 51.626229 50.503508 47.130452 48.936231 47.112424 50.616907 49.066616 49.899845 51.154097 50.070555 51.785804 51.321833 46.322353 50.328936 48.226222 49.070227 49.461431 
51.175206 47.273224 48.598809 47.801110 44.189190 50.612207 49.689286 48.304390 47.188322 50.325666 49.339053 45.528514 46.697236 50.467178 49.243505 46.943389 51.015115 49.351264 51.570043 48.274258 47.103990 50.191039 
51.567698 48.514256 49.456916 50.114027 50.607614 51.233463 49.791420 50.342459 51.114172 48.143418 47.305317 49.943044 43.988862 49.381728 47.880913 48.197838 49.268083 45.804203 49.752569 48.368508 48.074380 
46.576372 50.146869 43.127142 45.876792 50.748247 49.206560 50.144569 47.259350 46.432140 49.397232 49.638657 49.537764 50.866331 47.922438 50.949055 51.602364 47.730235 49.778779 50.118308 48.638787 
47.070362 50.546207 50.186084 46.953050 45.620148 45.521437 43.351296 48.081919 47.085452 51.352486 50.150709 49.748425 50.262844 47.961279 49.204257 46.572141 45.209249 45.222480 51.972705 43.819378 
50.808571 49.012996 49.443613 49.534540 44.843390 46.131166 47.819323 47.554837 45.596317 45.615615 48.856544 47.152396 
50.141638 45.630851 49.603172 49.072873 45.577404 44.723508 45.409864 49.670332 49.046979 47.138619 44.832921 50.968245 45.163018 49.610994 
50.364471 49.494183 48.319094 50.079881 48.346878 50.049880 51.311656 50.411706 50.096658 44.952015 47.873449 45.727457 49.725415 49.749142 48.884062 47.712452 45.272732 46.345404 49.516683 50.842691 48.982703 49.987881 49.297942 49.060675 51.346145 48.223804 48.541994 51.844108 
47.666587 49.834870 49.788045 51.530137 49.673595 49.472919 48.688455 47.460021 48.721164 46.177961 48.649168 44.195920 48.794221 47.109796 46.190707 47.911453 44.493771 48.184597 51.892359 49.661572 47.953350 
46.928637 49.351229 49.864117 48.893468 48.577931 48.223564 51.920306 48.262617 44.741433 44.264013 46.914286 
49.863068 49.414835 45.970830 48.316399 49.396294 50.948330 51.626317 44.678154 50.895673 45.707821 49.582718 46.640410 44.920038 45.154824 46.217424 46.105958 51.447894 49.400452 49.285820 
49.679946 46.645988 49.515521 48.117597 50.485586 44.740929 51.448845 47.525941 49.561786 47.799390 47.719199 45.178766 
51.571507 49.517400 44.291947 48.158976 47.677101 50.690332 48.117266 48.422810 51.369479 50.112838 43.622393 48.376822 43.561745 47.828776 47.070225 51.582457 49.447622 49.122310 50.977597 48.645967 45.021595 49.078006 49.790438 47.491363 47.585610 
49.505504 47.700383 45.426267 51.232388 50.182344 49.679241 46.422765 46.700998 51.532717 47.959654 45.418158 47.171893 49.147602 
50.231286 50.100854 51.842242 44.703450 42.570081 49.504443 44.963884 49.047929 47.790033 50.815739 49.910607 43.194047 48.097764 48.430077 45.742106 47.791821 45.084957 48.020627 47.358162 52.011841 50.710990 46.807474 47.621210 50.021842 48.620012 49.012615 48.095531 43.211557 44.808833 51.047640 
51.290800 51.197156 51.334591 48.713470 45.543716 48.970716 49.587130 46.806342 47.663557 51.001391 51.882580 45.634686 49.231230 49.974880 43.123610 49.096704 51.153686 48.148726 45.823570 50.477088 50.466269 
45.590071 46.071130 46.970345 47.070875 51.235441 50.461687 50.044149 48.738301 48.072845 52.017755 45.234108 48.150938 45.001012 49.977989 46.320408 50.535239 48.296073 50.267931 48.792655 46.603499 50.352218 47.321999 49.103801 48.367148 49.208631 
49.732599 48.122160 48.253176 43.233011 50.035843 47.202118 51.212016 47.798993 46.948248 46.365873 44.973446 47.264686 49.148169 50.450612 46.643799 50.761124 47.737927 48.134884 49.310869 48.103495 50.880068 
48.528354 51.978690 49.744781 44.299942 49.098267 51.831132 
46.592832 50.559318 48.885456 48.158767 43.759123 47.881350 47.501344 50.190672 43.623797 51.586468 48.781557 46.895862 48.821888 49.594381 50.284885 46.858775 48.186190 46.004975 45.940660 44.540938 
49.855974 50.390796 49.559666 51.871752 49.980431 50.712977 48.535958 47.879747 48.223635 45.233455 48.436303 45.428842 46.804785 49.156373 48.937450 
48.945871 45.059684 43.723674 51.601537 50.360019 44.476923 46.663023 44.574539 49.277962 47.746861 47.744306 47.792339 48.338941 44.360800 48.927389 46.254777 49.694686 42.685715 44.076752 48.718204 48.241514 45.267056 50.080169 49.326546 46.262931 
49.639317 48.039282 45.882246 51.090628 50.333066 46.125840 45.086442 49.774488 50.554176 47.595057 47.692236 47.045474 49.193900 46.971604 48.534844 49.983462 49.837198 45.035030 48.323039 51.243160 49.782997 46.861781 49.659803 46.012264 50.504523 
52.118769 49.473350 48.036778 48.505055 48.240425 50.163687 48.911259 43.601647 48.740650 49.044399 49.762135 48.414794 50.392902 43.343456 48.532548 46.826492 46.839950 
48.028827 49.702984 46.465489 51.433431 48.556244 49.056618 47.960798 49.319202 50.733216 44.159891 49.057034 48.850298 47.622807 47.823032 49.825899 47.640036 46.281504 50.127465 49.508351 47.705124 48.270249 46.973982 
47.480316 47.032045 47.115656 48.678622 48.858129 51.588543 50.492648 49.127807 48.276791 
47.417478 50.504415 48.650794 48.952306 50.217198 51.718443 48.684445 48.342629 50.286165 48.068612 45.387733 49.358318 44.763054 44.990003 47.698938 49.817107 45.078640 48.945224 46.266108 43.861246 49.134283 45.289228 45.462979 49.228002 44.004948 49.466195 
44.835088 50.121185 47.520439 48.323837 48.076541 51.198771 46.294096 49.071399 50.118179 45.762979 47.237864 47.803551 49.814340 48.012985 48.528146 44.201880 46.848566 46.846466 48.543199 45.203411 46.622381 49.503200 48.661163 49.353322 48.688417 51.000421 49.272089 47.901508 44.496430 49.489267 50.084228 47.372617 49.407764 48.802923 
46.315166 49.379227 50.355859 47.995423 50.693801 52.000023 47.529058 43.555943 48.573632 49.450803 46.559432 49.532859 45.078424 44.371294 48.509978 45.804918 49.421939 44.362781 
50.149952 46.914403 51.109863 48.022549 49.899360 51.170915 44.054357 49.645061 50.819022 47.765655 49.866514 51.045025 47.142735 43.530224 49.743493 51.563238 47.987772 49.050126 48.335589 49.226257 
43.738304 46.210244 43.111290 49.183263 50.222887 46.705646 50.678560 50.443240 43.388244 51.245595 49.068695 49.006287 49.836981 50.686884 44.420720 51.247720 49.387837 46.273064 50.643157 47.992136 44.320794 47.350955 49.444190 50.068811 51.707154 47.336117 
50.207520 48.321864 49.307317 46.051245 50.396755 46.135229 50.111704 45.082766 47.708844 48.761928 44.507659 46.887116 47.237540 51.387205 49.866659 46.516681 49.366953 48.997830 47.090371 49.865050 46.378799 47.037151 45.718933 48.369693 52.263298 45.149115 48.861197 50.235163 45.020548 
48.344251 49.835337 51.243090 45.267299 45.641164 50.953950 48.775917 45.045981 48.415738 50.202489 49.410654 44.598724 
44.159904 49.943678 51.417794 49.922522 43.818451 48.201512 45.607499 47.372422 49.017479 50.850218 45.193111 49.199388 46.522094 49.464947 49.247599 47.983334 48.507789 
47.124983 48.719142 48.069138 52.398228 49.439256 49.025455 47.387533 47.152843 
48.308264 49.533651 47.836846 52.398228 47.908313 48.533100 
48.861239 48.412378 42.827486 51.159827 47.982858 46.816887 49.991165 44.923831 45.213032 49.294965 48.588045 48.723505 
49.703107 52.177391 46.673208 44.277057 48.614291 42.930055 43.447177 48.402093 49.117187 51.941296 49.731297 49.736791 48.390945 50.202308 50.071554 44.914357 
48.034719 49.903095 45.739032 50.666692 48.625062 48.220993 48.014829 50.762226 49.757361 49.162820 48.802068 48.161364 48.449548 48.416978 45.259539 48.953387 45.389174 49.553583 51.270621 50.577403 46.797408 44.970205 47.790083 
48.003116 49.646139 51.690036 48.988801 47.815064 45.162025 50.478469 49.434526 45.042293 47.274894 44.826482 47.811415 47.521466 50.345688 
44.964949 47.607337 49.555713 48.852545 49.864105 46.985439 50.746024 48.515021 51.050100 49.603304 51.756523 51.862337 48.040705 44.007467 44.072998 45.017564 47.377732 50.449712 48.621477 44.783142 44.681381 45.293943 49.376762 48.566158 
49.362086 47.002111 51.949547 48.970655 49.213081 44.835846 47.968219 48.823906 49.778592 49.488248 51.536199 51.524944 51.675186 47.105579 50.147650 48.848029 46.231255 49.276922 48.671490 48.893974 46.938115 46.135564 48.489432 48.362998 47.486492 47.632238 46.277645 44.575343 
49.155609 48.971966 48.761292 49.989049 50.770860 50.529285 49.171952 49.380796 50.301720 50.875136 51.969805 45.335922 43.419721 46.988719 44.956393 48.986406 47.024391 47.115945 48.527218 46.905432 49.660090 48.274066 50.318714 47.812120 49.482674 45.420098 46.420470 46.202847 50.607913 
49.288666 47.248490 48.094580 49.259142 47.013855 43.771566 51.023886 47.580022 44.758228 49.528728 52.415023 48.094907 47.935924 49.995846 51.362123 49.709344 43.531516 43.716396 43.943197 43.563569 45.692390 45.704262 51.388652 47.396998 50.777116 49.709382 49.112693 45.325221 47.111952 48.665424 49.211142 48.387259 50.331889 50.637069 49.913552 47.104984 
48.775067 50.829150 47.808626 50.023832 44.501935 44.495460 51.636199 48.933436 44.052172 45.891719 48.741126 47.698722 49.014536 49.351585 49.464585 49.564675 46.823199 49.601802 51.022410 43.119717 46.686345 47.558714 51.388652 46.593921 49.974209 
47.344661 51.006734 43.159324 50.004604 46.612174 47.297392 50.817007 47.013111 48.734312 46.773503 47.416910 49.591028 51.294132 49.518775 46.365183 49.260688 48.151854 44.674766 44.408120 48.952480 46.404205 48.237972 43.779768 46.767662 47.502150 44.078224 45.634237 49.419532 43.893710 47.871847 
48.443243 47.908341 46.939935 51.597037 49.702897 47.305507 44.542838 47.684802 49.081983 49.975761 51.097588 45.094295 48.037105 51.488497 48.310046 47.479383 51.209244 49.653466 51.041761 47.855779 49.296629 48.486804 48.208359 44.663627 47.288042 48.760165 
49.192755 46.695359 47.713313 48.041051 48.452244 48.278454 50.712931 51.466368 51.372272 43.548598 48.342861 48.097202 48.722097 50.507511 49.238586 47.954228 48.888442 50.019235 51.128338 48.741603 46.530625 49.105060 43.545968 
49.745514 47.678622 49.749258 48.635826 49.792754 51.480980 47.447178 51.152555 50.975703 49.460235 51.219300 45.580642 45.230151 48.535522 50.489000 46.732972 46.247369 50.607223 47.705591 48.370553 
49.828776 49.115637 48.045952 49.756137 49.269660 47.507407 50.089281 49.120235 51.535394 45.461899 50.806403 43.805845 50.144130 42.987829 50.409542 49.380149 48.433685 49.857637 46.832698 
50.226844 46.118750 47.606836 44.312117 48.608265 44.036324 48.120311 50.631180 48.153778 49.007555 50.620666 50.901486 47.612153 49.555067 48.228405 49.812470 43.133326 49.899250 46.332683 46.830367 49.778334 
47.205669 50.750309 49.414951 42.719550 50.595909 43.383245 49.242999 48.096258 47.632230 47.868737 51.522352 48.659530 49.120415 48.224097 50.503815 50.475155 46.263353 44.755207 45.794943 44.275325 50.539424 
43.106364 48.842185 45.574714 44.030571 49.865561 48.954379 48.665549 51.022604 47.820129 48.631457 51.713485 49.001114 49.327220 48.931788 50.572393 51.700703 48.947017 
44.219945 47.015956 50.050711 45.413524 51.515655 50.526042 48.262003 48.323103 49.119817 50.172873 48.719859 52.280955 46.031858 46.276395 45.563030 45.409305 44.725830 43.147427 48.273675 48.861720 50.747162 49.906958 49.834998 
46.494448 51.380791 49.157716 44.736413 51.420009 50.541666 50.112291 45.080371 48.369573 52.161277 47.626371 48.166516 49.481001 50.303255 49.599629 46.775819 48.219792 50.524030 49.382156 48.856953 46.696498 
45.764357 47.685175 46.944629 45.805552 48.327322 48.240683 49.800422 49.691716 46.323706 51.478791 47.837685 49.040303 49.857443 46.346088 44.953528 50.682452 48.782924 44.485206 44.432579 47.699331 47.950438 49.172954 49.417648 48.444241 47.164225 50.493386 
50.418743 49.897510 43.961783 50.578890 49.829528 51.347847 48.227331 47.891331 47.423300 48.338102 48.900305 48.764292 46.608211 
49.370403 49.897510 50.626586 46.548590 50.293901 51.286591 50.348394 48.562085 46.209184 48.219167 46.036528 50.259931 44.031798 46.083928 52.094447 45.833374 47.730146 48.265733 45.161952 44.395046 45.362526 43.972830 48.024588 49.960364 48.079644 49.282173 
50.996297 49.897510 50.309912 48.381397 46.339141 48.146590 49.706604 48.252733 47.285901 50.750251 45.391515 50.918994 46.207995 49.078183 44.566487 50.696506 49.903128 48.764982 48.457319 48.218495 51.627844 45.244249 50.579039 46.850170 45.020036 48.882038 48.084101 45.138862 49.628900 45.347197 50.184712 44.247605 48.694822 48.990402 44.162481 49.764885 45.929573 48.321470 49.282450 50.031060 48.320281 49.274826 
43.535536 50.039459 48.895627 46.416668 52.181900 44.734637 49.809592 49.804928 49.297696 47.332741 50.128299 50.918994 47.818469 51.655118 46.658579 46.396238 50.564085 50.771786 46.666736 50.807295 49.313879 46.953149 48.818857 51.111745 49.829705 46.509450 49.665139 45.214094 46.603181 49.371797 47.002953 48.568883 47.839482 48.983347 50.014773 
46.775839 47.329010 48.487141 44.497682 47.061325 49.064944 48.143988 49.342609 44.617291 51.659319 51.850273 46.684539 50.425039 51.263441 47.992481 46.216671 50.113141 44.227898 45.873295 49.249351 47.831064 50.233235 47.051071 46.239899 47.214315 44.341423 44.887467 49.278075 46.995915 48.623420 
51.483720 45.409810 49.679697 43.496256 50.985963 48.587205 48.295975 49.307419 49.212950 48.836435 47.055123 47.813554 
47.533725 48.114195 45.207690 49.077984 45.335352 49.637655 46.710310 50.142996 51.554553 50.605651 47.302061 46.415342 45.251184 
49.664768 51.997403 47.996919 46.700460 49.087768 46.402124 50.369593 50.417695 48.686160 47.815795 48.510389 49.245549 
44.464988 51.214224 48.218897 49.031062 47.299807 49.175832 45.407443 47.682969 44.662702 50.830039 47.695244 44.443190 46.358342 49.741512 47.734225 44.234388 
49.426822 45.806935 48.137537 48.491971 50.285498 49.907954 50.262237 49.569746 46.066226 48.573698 46.681606 46.692402 49.487576 46.908439 48.798119 48.703937 50.586782 
47.305339 48.761930 45.592255 46.012397 50.052623 48.975140 48.170812 46.336923 49.069381 51.661677 47.263830 48.360739 48.536606 48.456428 43.741605 49.835647 45.002178 49.009524 48.015504 51.442679 46.307170 50.283702 48.387409 48.245214 45.925999 
44.352250 46.879712 52.320364 51.795636 45.834589 45.661961 45.146727 51.549020 48.762028 46.455986 45.031199 48.851906 48.449015 46.845708 43.957028 50.326996 49.628136 44.298807 52.019218 46.875748 44.076536 48.798999 44.697095 49.389542 48.133820 46.846206 49.526263 
49.315255 45.771028 50.081803 46.639651 49.830922 43.246418 51.503745 49.703094 50.344463 44.170672 47.107874 50.118789 48.897392 50.839147 47.930725 48.172256 46.494922 45.479757 48.263504 49.562769 46.591580 45.863879 46.728379 47.688423 48.588279 48.766710 49.299909 49.240669 49.241752 
48.241492 50.195914 44.943416 49.058302 47.144036 48.233074 51.205365 50.506832 51.425529 50.536853 46.830528 48.683746 50.839507 51.221809 51.049647 45.927854 45.947664 50.706290 48.676293 50.390922 48.296839 43.918332 49.047425 46.971509 
50.251224 45.511494 45.080801 44.429450 47.181761 48.899489 43.050377 45.853570 50.305841 48.364895 45.934048 47.940505 49.286221 51.178404 49.688691 46.495584 48.731030 51.997885 49.338587 46.579005 50.738297 49.326943 45.396487 47.889636 49.620236 47.485784 46.740458 47.740267 50.035084 
47.927005 48.710792 46.748354 46.012600 50.890984 47.959007 44.534993 49.038869 49.805307 48.433580 51.404210 45.425646 47.536919 50.272761 43.597666 45.757085 43.101033 46.650974 47.202498 49.692170 47.178223 48.593714 49.958105 49.938232 43.196767 43.605608 
49.733870 47.270359 46.746362 50.091956 50.191313 47.583898 51.230858 48.672629 45.413156 43.446421 51.934229 43.842874 50.783285 45.005691 50.508528 47.284186 49.738728 49.876425 49.954358 43.079726 44.117353 
44.320970 51.941561 44.972335 49.181897 51.026760 46.849269 50.957251 50.110218 46.516597 44.487538 45.294365 47.576217 48.366255 48.673858 42.953800 46.701691 44.248412 47.894604 45.347752 
48.298834 47.327115 44.794352 45.999341 51.355856 44.130336 49.919193 49.339980 49.544462 50.593817 48.385307 52.197049 51.850872 47.700944 50.156577 48.420039 50.348997 46.637524 50.123112 48.619021 46.671773 49.906104 43.892293 44.361072 47.292535 47.024846 46.498099 44.414749 
42.631508 50.542633 44.806358 49.081993 51.015661 43.767428 46.146047 48.188705 51.745304 45.172749 48.836585 48.955531 50.474939 47.132198 49.727495 46.774655 46.250944 49.041455 49.753665 46.869514 49.492272 48.387194 45.310286 49.304226 46.466811 47.423726 50.271600 48.941151 47.952128 
47.562391 47.556404 48.706312 49.672005 51.727304 47.168223 46.348504 49.512992 45.451894 51.116618 49.020242 47.581311 47.937619 51.272233 46.578697 46.116252 49.048926 
49.165049 50.379134 50.037825 48.786985 51.572574 50.250999 44.826665 49.148102 48.752849 51.510955 47.531465 49.607168 46.206937 50.500940 
47.770375 50.952965 45.153717 49.061186 51.332285 50.459925 48.080999 50.296645 51.208474 48.020831 46.518509 45.128745 51.393170 49.612390 49.534038 49.715334 48.028428 50.385937 49.394649 46.292452 49.806936 
48.853854 49.142521 48.457863 48.435420 48.508007 47.727558 48.771296 49.702804 46.808244 49.465770 47.976662 48.573582 48.896389 50.424082 49.133676 44.548092 47.640812 43.692630 51.750626 49.063742 48.391342 48.150658 
48.545070 49.591917 46.695704 45.820398 46.299852 44.977520 49.108840 51.155563 49.416522 47.481417 50.165793 44.358869 50.201768 46.219695 48.757723 50.447485 47.729254 48.875693 48.668944 50.906222 48.075588 49.117521 49.109125 51.753059 46.398583 52.155390 47.776921 50.296672 48.717055 46.941818 43.991916 49.498484 50.606153 
51.792954 48.004322 46.635091 47.475291 49.253769 47.788186 50.553587 48.986048 45.546660 49.905799 44.339847 43.903147 49.515877 
49.696425 50.748377 44.857597 51.774894 46.451982 47.202082 50.502582 44.598830 51.915797 48.454840 48.043695 47.987797 48.536464 45.875948 46.460241 48.339505 48.037571 45.039982 44.274604 48.975853 
51.945472 50.602658 46.899718 51.145764 47.865904 47.657433 48.288054 50.155432 47.640523 49.833018 48.868803 49.437059 49.516921 43.778120 48.597938 
51.363140 48.551576 44.965607 50.231106 45.514116 48.397071 50.955352 50.013917 44.055741 46.203501 45.508624 49.518098 46.906011 51.791869 46.018784 47.697613 46.072540 46.875560 51.472935 51.638582 
51.679739 46.766237 51.022509 47.468679 51.191202 44.953334 51.824070 46.618266 52.270959 48.898005 44.510350 48.750405 49.327160 49.557614 45.781904 51.977231 46.428250 46.759931 46.993413 
51.424012 44.994979 45.096005 47.287008 50.038915 47.992632 50.441150 48.637436 43.901006 46.987259 45.377786 46.096712 43.072414 48.480130 48.224052 49.772510 47.421464 49.802726 49.970283 
51.303170 45.835033 45.966131 50.629195 48.099003 50.180065 50.650582 49.179035 48.023805 45.338348 49.804806 47.986929 47.198425 50.335075 48.708051 45.831240 45.426054 43.996583 46.462891 49.386263 46.219701 45.188231 47.943659 45.336590 49.034231 47.674775 49.737885 49.245607 
51.333110 50.040784 48.757156 50.117862 50.966821 48.276595 48.699116 49.671956 50.804879 49.715807 47.718253 48.105703 46.073858 49.451990 47.406245 51.740646 43.090956 48.734143 
52.091456 49.910956 43.401757 43.264068 49.098440 46.029391 49.840164 44.706833 46.517586 50.324395 45.125490 48.163812 50.835016 46.664407 48.304354 43.789168 
50.701299 49.473620 47.200530 45.996697 48.641961 49.889369 47.590618 48.065303 44.036930 48.411766 42.982955 47.689233 44.280757 46.296239 48.897588 45.832314 
50.985866 50.495867 43.911127 47.694284 46.978163 49.320235 44.026084 44.875112 49.353975 48.295152 
48.407037 51.791873 46.424018 46.803307 46.126977 49.867628 46.300945 51.746568 50.901408 49.771736 48.306377 49.451230 48.515727 45.158200 
48.841835 51.442000 47.861997 50.194388 47.145103 49.681625 50.084892 46.426624 47.904924 44.638755 47.846049 47.055701 50.780425 47.723813 49.168047 48.430563 46.496710 48.634551 48.687700 49.487203 50.632211 47.193220 48.769269 
