100.089888  26.500000
100.853933  26.500000
101.617978  26.500000
 95.887640  27.305556
 96.651685  27.305556
 97.415730  27.305556
 98.179775  27.305556
 98.943820  27.305556
 99.707865  27.305556
100.471910  27.305556
101.235955  27.305556
102.000000  27.305556
 90.921348  28.111111
 91.685393  28.111111
 92.449438  28.111111
 93.213483  28.111111
 93.977528  28.111111
 94.741573  28.111111
 95.505618  28.111111
 96.269663  28.111111
 97.033708  28.111111
 97.797753  28.111111
 98.561798  28.111111
 99.325843  28.111111
100.089888  28.111111
100.853933  28.111111
101.617978  28.111111
 86.719101  28.916667
 87.483146  28.916667
 88.247191  28.916667
 89.011236  28.916667
 89.775281  28.916667
 90.539326  28.916667
 91.303371  28.916667
 92.067416  28.916667
 92.831461  28.916667
 93.595506  28.916667
 94.359551  28.916667
 95.123596  28.916667
 95.887640  28.916667
 96.651685  28.916667
 97.415730  28.916667
 98.179775  28.916667
 98.943820  28.916667
 99.707865  28.916667
100.471910  28.916667
101.235955  28.916667
102.000000  28.916667
 81.752809  29.722222
 82.516854  29.722222
 83.280899  29.722222
 84.044944  29.722222
 84.808989  29.722222
 85.573034  29.722222
 86.337079  29.722222
 87.101124  29.722222
 87.865169  29.722222
 88.629213  29.722222
 89.393258  29.722222
 90.157303  29.722222
 90.921348  29.722222
 91.685393  29.722222
 92.449438  29.722222
 93.213483  29.722222
 93.977528  29.722222
 94.741573  29.722222
 95.505618  29.722222
 96.269663  29.722222
 97.033708  29.722222
 97.797753  29.722222
 98.561798  29.722222
 99.325843  29.722222
100.089888  29.722222
100.853933  29.722222
101.617978  29.722222
 79.078652  30.527778
 79.842697  30.527778
 80.606742  30.527778
 81.370787  30.527778
 82.134831  30.527778
 82.898876  30.527778
 83.662921  30.527778
 84.426966  30.527778
 85.191011  30.527778
 85.955056  30.527778
 86.719101  30.527778
 87.483146  30.527778
 88.247191  30.527778
 89.011236  30.527778
 89.775281  30.527778
 90.539326  30.527778
 91.303371  30.527778
 92.067416  30.527778
 92.831461  30.527778
 93.595506  30.527778
 94.359551  30.527778
 95.123596  30.527778
 95.887640  30.527778
 96.651685  30.527778
 97.415730  30.527778
 98.179775  30.527778
 98.943820  30.527778
 99.707865  30.527778
100.471910  30.527778
101.235955  30.527778
102.000000  30.527778
 76.404494  31.333333
 77.168539  31.333333
 77.932584  31.333333
 78.696629  31.333333
 79.460674  31.333333
 80.224719  31.333333
 80.988764  31.333333
 81.752809  31.333333
 82.516854  31.333333
 83.280899  31.333333
 84.044944  31.333333
 84.808989  31.333333
 85.573034  31.333333
 86.337079  31.333333
 87.101124  31.333333
 87.865169  31.333333
 88.629213  31.333333
 89.393258  31.333333
 90.157303  31.333333
 90.921348  31.333333
 91.685393  31.333333
 92.449438  31.333333
 93.213483  31.333333
 93.977528  31.333333
 94.741573  31.333333
 95.505618  31.333333
 96.269663  31.333333
 97.033708  31.333333
 97.797753  31.333333
 98.561798  31.333333
 99.325843  31.333333
100.089888  31.333333
 73.730337  32.138889
 74.494382  32.138889
 75.258427  32.138889
 76.022472  32.138889
 76.786517  32.138889
 77.550562  32.138889
 78.314607  32.138889
 79.078652  32.138889
 79.842697  32.138889
 80.606742  32.138889
 81.370787  32.138889
 82.134831  32.138889
 82.898876  32.138889
 83.662921  32.138889
 84.426966  32.138889
 85.191011  32.138889
 85.955056  32.138889
 86.719101  32.138889
 87.483146  32.138889
 88.247191  32.138889
 89.011236  32.138889
 89.775281  32.138889
 90.539326  32.138889
 91.303371  32.138889
 92.067416  32.138889
 92.831461  32.138889
 93.595506  32.138889
 94.359551  32.138889
 95.123596  32.138889
 95.887640  32.138889
 96.651685  32.138889
 97.415730  32.138889
 71.820225  32.944444
 72.584270  32.944444
 73.348315  32.944444
 74.112360  32.944444
 74.876404  32.944444
 75.640449  32.944444
 76.404494  32.944444
 77.168539  32.944444
 77.932584  32.944444
 78.696629  32.944444
 79.460674  32.944444
 80.224719  32.944444
 80.988764  32.944444
 81.752809  32.944444
 82.516854  32.944444
 83.280899  32.944444
 84.044944  32.944444
 84.808989  32.944444
 85.573034  32.944444
 86.337079  32.944444
 87.101124  32.944444
 87.865169  32.944444
 88.629213  32.944444
 89.393258  32.944444
 90.157303  32.944444
 90.921348  32.944444
 91.685393  32.944444
 92.449438  32.944444
 93.213483  32.944444
 93.977528  32.944444
 94.741573  32.944444
 69.146067  33.750000
 69.910112  33.750000
 70.674157  33.750000
 71.438202  33.750000
 72.202247  33.750000
 72.966292  33.750000
 73.730337  33.750000
 74.494382  33.750000
 75.258427  33.750000
 76.022472  33.750000
 76.786517  33.750000
 77.550562  33.750000
 78.314607  33.750000
 79.078652  33.750000
 79.842697  33.750000
 80.606742  33.750000
 81.370787  33.750000
 82.134831  33.750000
 82.898876  33.750000
 83.662921  33.750000
 84.426966  33.750000
 85.191011  33.750000
 85.955056  33.750000
 86.719101  33.750000
 87.483146  33.750000
 88.247191  33.750000
 89.011236  33.750000
 89.775281  33.750000
 90.539326  33.750000
 91.303371  33.750000
 92.067416  33.750000
 68.000000  34.555556
 68.764045  34.555556
 69.528090  34.555556
 70.292135  34.555556
 71.056180  34.555556
 71.820225  34.555556
 72.584270  34.555556
 73.348315  34.555556
 74.112360  34.555556
 74.876404  34.555556
 75.640449  34.555556
 76.404494  34.555556
 77.168539  34.555556
 77.932584  34.555556
 78.696629  34.555556
 79.460674  34.555556
 80.224719  34.555556
 80.988764  34.555556
 81.752809  34.555556
 82.516854  34.555556
 83.280899  34.555556
 84.044944  34.555556
 84.808989  34.555556
 85.573034  34.555556
 86.337079  34.555556
 87.101124  34.555556
 87.865169  34.555556
 88.629213  34.555556
 89.393258  34.555556
 68.382022  35.361111
 69.146067  35.361111
 69.910112  35.361111
 70.674157  35.361111
 71.438202  35.361111
 72.202247  35.361111
 72.966292  35.361111
 73.730337  35.361111
 74.494382  35.361111
 75.258427  35.361111
 76.022472  35.361111
 76.786517  35.361111
 77.550562  35.361111
 78.314607  35.361111
 79.078652  35.361111
 79.842697  35.361111
 80.606742  35.361111
 81.370787  35.361111
 82.134831  35.361111
 82.898876  35.361111
 83.662921  35.361111
 84.426966  35.361111
 85.191011  35.361111
 85.955056  35.361111
 86.719101  35.361111
 68.000000  36.166667
 68.764045  36.166667
 69.528090  36.166667
 70.292135  36.166667
 71.056180  36.166667
 71.820225  36.166667
 72.584270  36.166667
 73.348315  36.166667
 74.112360  36.166667
 74.876404  36.166667
 75.640449  36.166667
 76.404494  36.166667
 77.168539  36.166667
 77.932584  36.166667
 78.696629  36.166667
 79.460674  36.166667
 80.224719  36.166667
 80.988764  36.166667
 81.752809  36.166667
 82.516854  36.166667
 83.280899  36.166667
 84.044944  36.166667
 84.808989  36.166667
 68.382022  36.972222
 69.146067  36.972222
 69.910112  36.972222
 70.674157  36.972222
 71.438202  36.972222
 72.202247  36.972222
 72.966292  36.972222
 73.730337  36.972222
 74.494382  36.972222
 75.258427  36.972222
 76.022472  36.972222
 76.786517  36.972222
 77.550562  36.972222
 78.314607  36.972222
 79.078652  36.972222
 79.842697  36.972222
 80.606742  36.972222
 81.370787  36.972222
 82.134831  36.972222
 68.000000  37.777778
 68.764045  37.777778
 69.528090  37.777778
 70.292135  37.777778
 71.056180  37.777778
 71.820225  37.777778
 72.584270  37.777778
 73.348315  37.777778
 74.112360  37.777778
 74.876404  37.777778
 75.640449  37.777778
 76.404494  37.777778
 77.168539  37.777778
 77.932584  37.777778
 78.696629  37.777778
 79.460674  37.777778
 68.382022  38.583333
 69.146067  38.583333
 69.910112  38.583333
 70.674157  38.583333
 71.438202  38.583333
 72.202247  38.583333
 72.966292  38.583333
 73.730337  38.583333
 74.494382  38.583333
 75.258427  38.583333
 76.022472  38.583333
 76.786517  38.583333
 68.000000  39.388889
 68.764045  39.388889
 69.528090  39.388889
 70.292135  39.388889
 71.056180  39.388889
 71.820225  39.388889
 72.584270  39.388889
 73.348315  39.388889
 74.112360  39.388889
 68.382022  40.194444
 69.146067  40.194444
 69.910112  40.194444
 70.674157  40.194444
 71.438202  40.194444
 72.202247  40.194444
 68.000000  41.000000
 68.764045  41.000000
 69.528090  41.000000
