  1   9
  1  10
  1   2
  2  10
  2  11
  2   3
  3  11
  3  12
  4  19
  4  20
  4   5
  5  20
  5  21
  5   6
  6  21
  6  22
  6   7
  7  22
  7  23
  7   8
  8  23
  8  24
  8   9
  9  24
  9  25
  9  10
 10  25
 10  26
 10  11
 11  26
 11  27
 11  12
 12  27
 13  33
 13  34
 13  14
 14  34
 14  35
 14  15
 15  35
 15  36
 15  16
 16  36
 16  37
 16  17
 17  37
 17  38
 17  18
 18  38
 18  39
 18  19
 19  39
 19  40
 19  20
 20  40
 20  41
 20  21
 21  41
 21  42
 21  22
 22  42
 22  43
 22  23
 23  43
 23  44
 23  24
 24  44
 24  45
 24  25
 25  45
 25  46
 25  26
 26  46
 26  47
 26  27
 27  47
 27  48
 28  55
 28  56
 28  29
 29  56
 29  57
 29  30
 30  57
 30  58
 30  31
 31  58
 31  59
 31  32
 32  59
 32  60
 32  33
 33  60
 33  61
 33  34
 34  61
 34  62
 34  35
 35  62
 35  63
 35  36
 36  63
 36  64
 36  37
 37  64
 37  65
 37  38
 38  65
 38  66
 38  39
 39  66
 39  67
 39  40
 40  67
 40  68
 40  41
 41  68
 41  69
 41  42
 42  69
 42  70
 42  43
 43  70
 43  71
 43  44
 44  71
 44  72
 44  45
 45  72
 45  73
 45  46
 46  73
 46  74
 46  47
 47  74
 47  75
 47  48
 48  75
 49  79
 49  80
 49  50
 50  80
 50  81
 50  51
 51  81
 51  82
 51  52
 52  82
 52  83
 52  53
 53  83
 53  84
 53  54
 54  84
 54  85
 54  55
 55  85
 55  86
 55  56
 56  86
 56  87
 56  57
 57  87
 57  88
 57  58
 58  88
 58  89
 58  59
 59  89
 59  90
 59  60
 60  90
 60  91
 60  61
 61  91
 61  92
 61  62
 62  92
 62  93
 62  63
 63  93
 63  94
 63  64
 64  94
 64  95
 64  65
 65  95
 65  96
 65  66
 66  96
 66  97
 66  67
 67  97
 67  98
 67  68
 68  98
 68  99
 68  69
 69  99
 69 100
 69  70
 70 100
 70 101
 70  71
 71 101
 71 102
 71  72
 72 102
 72 103
 72  73
 73 103
 73 104
 73  74
 74 104
 74 105
 74  75
 75 105
 75 106
 76 110
 76 111
 76  77
 77 111
 77 112
 77  78
 78 112
 78 113
 78  79
 79 113
 79 114
 79  80
 80 114
 80 115
 80  81
 81 115
 81 116
 81  82
 82 116
 82 117
 82  83
 83 117
 83 118
 83  84
 84 118
 84 119
 84  85
 85 119
 85 120
 85  86
 86 120
 86 121
 86  87
 87 121
 87 122
 87  88
 88 122
 88 123
 88  89
 89 123
 89 124
 89  90
 90 124
 90 125
 90  91
 91 125
 91 126
 91  92
 92 126
 92 127
 92  93
 93 127
 93 128
 93  94
 94 128
 94 129
 94  95
 95 129
 95 130
 95  96
 96 130
 96 131
 96  97
 97 131
 97 132
 97  98
 98 132
 98 133
 98  99
 99 133
 99 134
 99 100
100 134
100 135
100 101
101 135
101 136
101 102
102 136
102 137
102 103
103 137
103 138
103 104
104 138
104 105
105 106
107 142
107 143
107 108
108 143
108 144
108 109
109 144
109 145
109 110
110 145
110 146
110 111
111 146
111 147
111 112
112 147
112 148
112 113
113 148
113 149
113 114
114 149
114 150
114 115
115 150
115 151
115 116
116 151
116 152
116 117
117 152
117 153
117 118
118 153
118 154
118 119
119 154
119 155
119 120
120 155
120 156
120 121
121 156
121 157
121 122
122 157
122 158
122 123
123 158
123 159
123 124
124 159
124 160
124 125
125 160
125 161
125 126
126 161
126 162
126 127
127 162
127 163
127 128
128 163
128 164
128 129
129 164
129 165
129 130
130 165
130 166
130 131
131 166
131 167
131 132
132 167
132 168
132 133
133 168
133 169
133 134
134 169
134 170
134 135
135 170
135 136
136 137
137 138
139 173
139 174
139 140
140 174
140 175
140 141
141 175
141 176
141 142
142 176
142 177
142 143
143 177
143 178
143 144
144 178
144 179
144 145
145 179
145 180
145 146
146 180
146 181
146 147
147 181
147 182
147 148
148 182
148 183
148 149
149 183
149 184
149 150
150 184
150 185
150 151
151 185
151 186
151 152
152 186
152 187
152 153
153 187
153 188
153 154
154 188
154 189
154 155
155 189
155 190
155 156
156 190
156 191
156 157
157 191
157 192
157 158
158 192
158 193
158 159
159 193
159 194
159 160
160 194
160 195
160 161
161 195
161 196
161 162
162 196
162 197
162 163
163 197
163 198
163 164
164 198
164 199
164 165
165 199
165 200
165 166
166 200
166 201
166 167
167 201
167 168
168 169
169 170
171 205
171 206
171 172
172 206
172 207
172 173
173 207
173 208
173 174
174 208
174 209
174 175
175 209
175 210
175 176
176 210
176 211
176 177
177 211
177 212
177 178
178 212
178 213
178 179
179 213
179 214
179 180
180 214
180 215
180 181
181 215
181 216
181 182
182 216
182 217
182 183
183 217
183 218
183 184
184 218
184 219
184 185
185 219
185 220
185 186
186 220
186 221
186 187
187 221
187 222
187 188
188 222
188 223
188 189
189 223
189 224
189 190
190 224
190 225
190 191
191 225
191 226
191 192
192 226
192 227
192 193
193 227
193 228
193 194
194 228
194 229
194 195
195 229
195 230
195 196
196 230
196 231
196 197
197 231
197 232
197 198
198 232
198 199
199 200
200 201
202 234
202 235
202 203
203 235
203 236
203 204
204 236
204 237
204 205
205 237
205 238
205 206
206 238
206 239
206 207
207 239
207 240
207 208
208 240
208 241
208 209
209 241
209 242
209 210
210 242
210 243
210 211
211 243
211 244
211 212
212 244
212 245
212 213
213 245
213 246
213 214
214 246
214 247
214 215
215 247
215 248
215 216
216 248
216 249
216 217
217 249
217 250
217 218
218 250
218 251
218 219
219 251
219 252
219 220
220 252
220 253
220 221
221 253
221 254
221 222
222 254
222 255
222 223
223 255
223 256
223 224
224 256
224 257
224 225
225 257
225 258
225 226
226 258
226 259
226 227
227 259
227 260
227 228
228 260
228 261
228 229
229 261
229 230
230 231
231 232
233 262
233 234
234 262
234 263
234 235
235 263
235 264
235 236
236 264
236 265
236 237
237 265
237 266
237 238
238 266
238 267
238 239
239 267
239 268
239 240
240 268
240 269
240 241
241 269
241 270
241 242
242 270
242 271
242 243
243 271
243 272
243 244
244 272
244 273
244 245
245 273
245 274
245 246
246 274
246 275
246 247
247 275
247 276
247 248
248 276
248 277
248 249
249 277
249 278
249 250
250 278
250 279
250 251
251 279
251 280
251 252
252 280
252 281
252 253
253 281
253 282
253 254
254 282
254 283
254 255
255 283
255 284
255 256
256 284
256 285
256 257
257 285
257 286
257 258
258 286
258 259
259 260
260 261
262 287
262 288
262 263
263 288
263 289
263 264
264 289
264 290
264 265
265 290
265 291
265 266
266 291
266 292
266 267
267 292
267 293
267 268
268 293
268 294
268 269
269 294
269 295
269 270
270 295
270 296
270 271
271 296
271 297
271 272
272 297
272 298
272 273
273 298
273 299
273 274
274 299
274 300
274 275
275 300
275 301
275 276
276 301
276 302
276 277
277 302
277 303
277 278
278 303
278 304
278 279
279 304
279 305
279 280
280 305
280 306
280 281
281 306
281 307
281 282
282 307
282 308
282 283
283 308
283 309
283 284
284 309
284 285
285 286
287 310
287 288
288 310
288 311
288 289
289 311
289 312
289 290
290 312
290 313
290 291
291 313
291 314
291 292
292 314
292 315
292 293
293 315
293 316
293 294
294 316
294 317
294 295
295 317
295 318
295 296
296 318
296 319
296 297
297 319
297 320
297 298
298 320
298 321
298 299
299 321
299 322
299 300
300 322
300 323
300 301
301 323
301 324
301 302
302 324
302 325
302 303
303 325
303 326
303 304
304 326
304 327
304 305
305 327
305 328
305 306
306 328
306 307
307 308
308 309
310 329
310 330
310 311
311 330
311 331
311 312
312 331
312 332
312 313
313 332
313 333
313 314
314 333
314 334
314 315
315 334
315 335
315 316
316 335
316 336
316 317
317 336
317 337
317 318
318 337
318 338
318 319
319 338
319 339
319 320
320 339
320 340
320 321
321 340
321 341
321 322
322 341
322 342
322 323
323 342
323 343
323 324
324 343
324 344
324 325
325 344
325 326
326 327
327 328
329 345
329 330
330 345
330 346
330 331
331 346
331 347
331 332
332 347
332 348
332 333
333 348
333 349
333 334
334 349
334 350
334 335
335 350
335 351
335 336
336 351
336 352
336 337
337 352
337 353
337 338
338 353
338 354
338 339
339 354
339 355
339 340
340 355
340 356
340 341
341 356
341 342
342 343
343 344
345 357
345 358
345 346
346 358
346 359
346 347
347 359
347 360
347 348
348 360
348 361
348 349
349 361
349 362
349 350
350 362
350 363
350 351
351 363
351 364
351 352
352 364
352 365
352 353
353 365
353 354
354 355
355 356
357 366
357 358
358 366
358 367
358 359
359 367
359 368
359 360
360 368
360 369
360 361
361 369
361 370
361 362
362 370
362 371
362 363
363 371
363 364
364 365
366 372
366 373
366 367
367 373
367 374
367 368
368 374
368 369
369 370
370 371
372 373
373 374
