 70.440156  39.551353
 91.197274  29.938202
 76.256860  34.341541
 91.704060  28.886684
 71.442030  34.856362
 76.273294  34.986113
101.041449  26.930396
 99.586943  27.152208
 73.210692  37.564883
 87.417353  29.639181
 75.729117  34.000195
 75.121687  36.752788
 69.889092  34.436661
 93.652788  27.796515
 71.176132  37.172502
 85.361898  30.827282
101.167928  26.666609
101.242425  31.201063
 98.446290  30.157151
 78.106899  30.716599
 75.605674  32.497917
 80.728967  31.150259
 94.057095  31.868870
 87.602447  29.105381
 85.549385  32.438401
 77.643243  34.718215
 79.203099  33.165971
 74.694541  38.935105
 93.780125  29.359019
 99.521620  27.179745
 82.428834  36.434622
 68.647155  36.473361
 95.259558  31.002518
 90.899679  29.921198
 97.799553  30.534411
 83.895854  30.905455
