 0.098461 64.681594
 0.109089 72.724320
 0.105618 66.536220
 0.086999 68.937693
 0.095437 61.477337
 0.092873 65.770613
 0.106363 62.371463
 0.092713 70.280323
 0.111398 68.286583
 0.102955 66.344548
 0.099284 66.104369
 0.099078 75.249917
 0.100204 72.197686
 0.097406 72.038268
 0.095796 66.356105
 0.090152 64.876541
 0.092898 66.556722
 0.092556 63.443308
 0.102123 72.049189
 0.099761 71.600555
 0.105863 60.124046
 0.099079 66.274854
 0.100293 77.821139
 0.108461 66.714619
 0.097601 65.108237
 0.099473 67.927975
 0.100893 61.961223
 0.115127 66.886063
 0.102339 69.811171
 0.101094 64.897673
 0.096951 68.555796
 0.102135 70.655633
 0.103014 75.331362
 0.100971 68.159287
 0.096176 63.926832
 0.113809 69.474527
 0.105847 61.286285
 0.095009 64.476145
 0.093805 67.419251
 0.091496 65.505798
 0.098377 67.503066
 0.098050 63.511328
 0.095677 61.455085
 0.095265 65.631046
 0.119804 63.951022
 0.113230 68.314189
 0.104031 63.730771
 0.106643 66.234336
 0.096753 68.300541
 0.085564 65.514064
 0.090752 67.517605
 0.105782 63.346832
 0.101987 66.510117
 0.107286 56.608528
 0.103890 71.026388
 0.103070 68.303076
 0.101533 64.123251
 0.111522 68.133155
 0.105758 58.332008
 0.101203 66.060619
 0.094609 64.922894
 0.112491 62.176150
 0.112096 65.995691
 0.107277 70.347572
 0.094981 73.278484
 0.111124 66.688537
 0.107533 73.980722
 0.110433 71.828727
 0.102916 65.373889
 0.099004 70.142957
 0.096028 61.821273
 0.088281 67.434737
 0.100658 76.761795
 0.088734 64.939106
 0.091601 73.321592
 0.091617 67.349128
 0.103475 67.852530
 0.098126 71.807660
 0.084910 65.616446
 0.103386 65.571934
 0.100251 65.097830
 0.109429 70.645866
 0.097723 61.417772
 0.104022 66.854876
 0.096910 64.976077
 0.092940 61.549994
 0.092779 65.273064
 0.096190 68.349163
 0.094548 62.578015
 0.085447 71.869218
 0.099261 69.639584
 0.101415 66.404563
 0.094255 73.130173
 0.092550 65.086673
 0.110297 73.157702
 0.100291 64.225154
 0.090521 65.423405
 0.105469 62.992282
 0.086877 60.502356
 0.104553 63.997218
