-0.097132  1.465884
-0.182141  1.560471
 0.005684  2.127383
-0.110355  1.054462
-0.215161  1.898880
-0.209387  1.651922
-0.315745  2.503634
-0.173773  1.653165
-0.110221  1.593099
-0.278783  2.220222
-0.337864  1.147199
-0.372362  1.356562
-0.324391  1.913116
-0.320557  1.144250
-0.113139  1.407287
-0.549087  1.120288
-0.063008  1.720933
-0.023000  1.895726
-0.251020  1.926312
-0.444705  2.331746
-0.152666  1.124962
-0.093746  1.480822
-0.020512  1.275797
-0.233129  2.579332
-0.111840  1.258501
-0.057258  1.005785
-0.037736  1.134729
-0.326149  1.475209
-0.266529  1.689647
-0.023720  1.373747
-0.208893  0.933269
-0.088928  1.403555
 0.085740  1.136630
-0.038230  1.330627
-0.057773  1.945776
-0.194341  1.117133
 0.024489  1.495543
-0.262048  1.472798
-0.346418  1.588287
-0.340986  2.221935
-0.206783  1.719393
-0.180345  1.485370
-0.304668  1.259574
-0.288384  1.456822
-0.077956  0.854202
-0.085224  1.906195
-0.288408  1.970225
-0.209216  1.712505
-0.265223  1.637888
-0.390726  1.394671
-0.507143  1.534778
-0.180027  1.624236
-0.205139  1.142872
-0.196876  1.229480
-0.313646  1.352455
-0.319132  0.819704
-0.210684  1.364686
 0.009314  1.670831
 0.107069  0.885160
-0.205938  1.681904
-0.421737  2.823130
-0.258361  1.375415
 0.094866  2.470862
-0.312389  1.605577
-0.106580  1.698675
-0.132821  0.937018
-0.190923  1.498529
-0.134987  1.994199
 0.013925  1.135093
-0.119961  1.153497
 0.060574  0.980962
-0.203171  1.263714
-0.099366  1.357483
-0.492531  1.827683
-0.101435  1.069753
-0.260267  1.498017
-0.203843  1.065340
-0.127652  1.855100
-0.200855  1.372734
-0.133959  1.981757
-0.451045  1.437857
-0.140445  1.479172
-0.352623  1.344589
-0.132810  1.778931
-0.261855  1.320191
-0.242368  1.540555
-0.110849  1.183680
-0.113004  1.140043
-0.265853  1.442101
-0.549142  1.618500
-0.206529  1.801471
-0.106663  1.036530
-0.177865  1.436175
-0.219046  1.446945
-0.351510  1.597094
-0.050060  1.343565
-0.191236  1.443887
-0.270847  1.107954
-0.405470  1.279675
-0.105342  1.091849
