76.576298 90.837584 100.063636 87.167641 88.453344 95.545861 77.072311 69.787871 88.038457 76.398251 69.328284 83.297843 79.641292 75.330893 97.646507 76.276385 99.538275 85.017494 101.149716 83.568230 101.481357 78.287511 100.475976 90.218029 69.878978 84.580730 72.579418 84.396443 94.332402 85.260219 96.693715 86.761264 73.925615 88.167590 84.687018 93.672290 93.451394 92.173080 87.159926 100.587734 89.284700 71.868327 
76.695934 95.244838 79.840871 87.833608 94.792873 71.571400 77.052275 83.341929 83.339500 75.960252 68.923955 81.287066 69.865772 75.913821 99.743814 75.978398 99.248119 96.229183 101.095114 82.848733 101.295278 77.634104 90.090836 81.623130 83.509531 92.760299 92.635532 78.134980 87.496710 93.819524 71.009824 82.766730 74.460019 80.710477 98.329154 
76.155808 69.973492 69.334764 101.060856 72.858322 80.631285 77.015678 80.642392 81.344132 76.208674 68.239589 80.067643 88.870349 98.355298 100.839908 75.962890 90.867752 101.378095 101.366553 79.487216 69.095642 77.659508 82.987712 98.979878 100.849266 82.890412 98.470635 78.038289 97.216627 
76.196325 70.953970 70.518968 81.771680 93.232653 79.224381 76.950292 88.109132 79.204156 76.090038 87.859822 82.897526 99.667460 73.234018 96.899145 76.213350 94.936456 90.444880 101.945457 79.396676 74.268086 77.605277 90.819049 80.826276 100.710399 78.323533 93.599356 68.609311 76.887048 71.473925 98.801567 91.367772 88.676518 80.049940 95.931570 99.491429 100.709385 91.892341 70.444319 86.373907 82.964348 79.108304 95.584776 92.976687 83.456424 88.198473 91.776577 90.073413 84.667670 85.452157 93.769545 81.757509 96.870191 92.317973 70.404429 93.127270 
76.482620 70.398114 81.486868 79.673238 85.515418 91.210206 76.599815 95.584679 80.883533 75.205562 101.107795 100.881739 94.946169 73.149055 73.156610 75.485316 71.190915 89.179354 101.379684 83.788688 88.367645 76.660747 69.349888 81.346753 100.059991 84.421272 100.728247 69.678724 77.484099 95.192247 98.669475 69.582594 88.670802 68.342805 92.961628 85.480461 85.057991 97.074412 86.811661 80.012627 79.353125 87.315487 87.972187 99.316138 91.311263 83.475179 
76.912617 86.492455 68.741623 97.497201 88.894572 80.363362 76.780400 96.619178 79.861592 75.987592 100.156916 100.499165 68.607304 91.541289 92.739538 75.563196 72.356802 71.886097 101.917633 86.278423 97.304103 77.530839 99.612747 88.859268 97.578890 96.975482 92.290071 94.190327 76.813864 87.652212 74.442705 88.834694 68.095257 86.056313 86.085176 69.582752 90.210770 86.584228 
79.270164 82.912780 100.435173 71.174821 79.980462 78.017799 76.612180 72.287948 90.593254 76.404623 100.962474 85.646615 69.395291 91.427543 74.070550 75.950362 72.142826 70.987503 101.747071 68.800215 74.681382 80.913867 99.702280 70.011156 97.691635 86.104521 93.370401 71.232022 96.101341 77.401229 101.062199 80.411818 97.856716 89.761632 95.652172 95.190304 
79.000434 76.583587 99.588533 78.571000 80.929952 85.868551 76.184546 99.257056 76.993203 76.557440 100.296603 80.699060 73.843082 84.051298 73.249078 97.485469 98.657753 70.607270 101.557968 98.883140 75.669213 80.603674 86.313986 97.379975 99.762983 69.175463 101.238675 69.531099 98.164881 
98.047950 76.342839 99.290658 78.061096 81.004626 84.677418 76.168928 69.763104 77.432449 76.493203 69.432645 82.941663 100.663047 68.829353 73.284131 82.727549 97.600827 92.862996 100.933104 81.557641 75.655654 88.567087 69.794678 69.811055 95.344814 70.666516 81.134283 89.863302 96.699976 91.762439 88.226033 69.911604 101.103521 80.488727 98.102823 92.878110 77.364175 96.302648 84.399191 
98.768614 71.400958 100.035182 78.334675 88.910617 91.550960 76.168928 89.431274 77.709688 83.138296 91.400298 71.869494 92.604765 76.807487 101.579920 74.028912 96.888157 79.134297 101.436591 77.343508 75.773299 79.542877 77.462843 76.883774 95.695372 101.749305 94.821240 95.789014 100.979563 68.382181 81.813240 68.361782 
98.122440 79.636067 99.366337 83.509548 78.387910 84.059142 75.881334 101.205479 77.174014 95.587450 82.310654 68.599937 80.332493 76.543994 73.016815 73.962922 98.857836 70.347515 101.417383 77.596533 75.539068 70.676299 85.107456 76.546408 78.725650 83.074192 96.391311 82.438950 99.457483 77.941801 78.101023 97.479185 82.487969 71.309178 83.309102 79.180809 87.138641 79.203574 100.856257 
90.739643 101.194775 101.692973 80.073943 101.352830 82.809310 76.169216 75.447696 77.208114 98.352147 77.927164 77.413401 79.147286 96.370341 100.880719 73.555667 98.530160 69.244878 101.185823 78.606885 75.685403 70.417371 89.184647 69.806100 69.401176 72.339674 75.741329 82.384420 70.028801 78.821650 100.276523 84.324807 80.808191 76.788418 74.519303 91.262824 91.597401 78.790588 68.560560 68.304507 69.511918 69.385301 
84.361546 100.344201 82.914704 78.920106 96.273911 84.375801 76.178113 75.417763 77.392814 71.307591 87.543413 77.679381 87.764483 71.219018 70.349568 72.062261 87.524421 98.821831 100.834085 77.583118 75.902554 98.300258 93.838744 69.264188 100.772041 73.048252 75.620979 96.829545 69.158874 84.173184 100.456296 68.809254 81.513261 68.876890 76.697178 
78.154076 100.604616 97.864078 80.378662 85.329154 68.614757 76.246526 75.316181 95.292041 81.457437 79.665837 78.057314 69.059318 89.969486 70.519327 72.631382 99.115482 69.338740 101.131319 100.024824 75.638158 98.602213 79.438563 87.909631 101.072951 74.176831 73.564183 76.356152 92.709160 79.195385 99.889126 70.358003 89.890988 97.309401 98.378182 75.900692 
77.497290 101.136497 75.193359 98.377860 70.139675 91.657348 76.338381 75.547338 85.501702 84.347478 83.745331 76.785445 68.054043 82.950100 73.955958 72.899254 99.616345 69.411518 101.348304 101.471165 74.929033 95.193050 68.951276 92.522393 94.823579 71.376171 70.515267 68.997868 70.346559 86.681699 77.433713 69.699762 81.621223 99.141301 68.477604 71.236393 93.088350 81.384976 81.952899 87.290222 71.017743 81.306137 91.076404 92.941825 91.116188 95.648953 91.558677 
76.556525 99.442138 78.984890 98.188122 98.283536 78.575874 76.568860 75.863738 98.127273 79.290422 88.639576 76.289089 88.919024 77.224118 74.827650 100.891868 79.405893 100.621237 101.900138 94.217976 72.755799 89.492843 71.220630 85.809610 80.611494 80.368190 82.169675 84.143883 96.488955 69.077522 86.157999 92.296499 70.280944 91.445876 79.676779 70.673164 94.685139 79.057621 91.087102 80.165894 99.061197 
71.172135 80.879045 68.362299 97.900892 91.589766 76.580430 76.550007 75.881300 99.237484 68.974106 87.910968 94.324520 95.439818 84.796348 74.677641 98.479966 80.918412 90.736393 101.440541 76.415441 99.195358 95.684797 84.419849 96.622228 92.972133 88.888478 92.999319 91.562739 100.307298 68.936695 78.490933 69.027071 69.910065 95.817331 68.526910 83.384060 89.564702 96.004611 
88.104487 76.226702 101.204300 100.072972 69.451254 88.866671 76.299085 76.306777 100.753958 70.882116 72.071160 101.321180 71.507109 96.437157 74.937330 98.140198 80.452391 80.607073 101.552352 76.547532 88.570714 82.930117 95.273957 75.506857 85.122618 90.321901 74.286584 83.704873 86.116902 87.717187 93.924316 78.383794 91.511589 84.962239 84.869721 97.353146 91.216702 
76.144430 80.337978 70.119449 99.993666 86.462051 84.543544 76.415285 76.493346 68.998720 70.356880 96.412497 101.351396 73.045892 90.515021 75.790211 98.502952 69.808721 78.492678 101.252783 76.254656 96.272766 97.646021 68.396587 100.731746 95.207841 75.544032 96.257379 75.508071 69.448582 68.045698 70.963597 
76.061707 80.542652 70.701927 70.582324 89.663736 96.369286 76.242204 75.858007 100.930078 70.549946 74.852474 101.007923 73.088278 94.204973 101.469492 98.819011 72.456126 90.042813 101.286342 75.718063 99.018704 78.344857 68.852517 100.896208 
75.556705 96.482249 70.179964 71.296276 101.602252 68.120098 76.436420 75.991210 75.256612 75.191216 70.804561 99.852479 72.542082 69.559881 101.137847 98.106501 79.068351 78.500637 100.885328 76.308471 68.481266 79.470230 71.242636 74.830551 73.012396 98.697889 69.210925 90.620099 93.952710 88.745441 86.560259 92.766106 92.642889 
87.415087 78.252070 87.057405 70.793246 80.069941 101.520437 76.111114 97.886427 75.328622 75.238350 79.089801 80.501132 94.063244 95.143751 101.307063 87.193871 70.157436 90.448427 101.555115 78.690779 72.511996 70.374142 70.447735 80.998797 72.948106 97.621031 75.835581 84.848474 96.757665 73.224042 87.924545 84.861013 93.771755 90.588757 80.446593 94.645901 
69.888234 97.026333 70.399721 97.609721 74.642696 101.793090 76.227242 86.924544 75.364325 75.560006 78.625110 82.701468 94.479440 78.085654 101.263738 68.379589 86.273656 68.304972 101.609169 77.940047 81.344735 97.565857 70.295178 71.848078 70.470593 98.279025 75.958766 68.823177 72.643147 89.287354 83.105576 95.729467 79.840224 96.095215 85.221817 90.003275 88.894362 101.286251 92.763284 
87.151399 77.428995 75.861139 82.085353 76.163103 83.769999 76.336330 72.320047 75.930651 87.530416 84.714792 98.019618 82.918337 76.750989 101.482223 84.856865 98.159726 71.221486 101.533523 91.471799 69.296524 96.589258 93.278402 84.721664 70.614561 79.535944 87.607185 95.412162 87.170305 76.982951 80.620658 96.958157 83.352071 93.424898 92.191752 91.264062 101.532576 80.657968 
82.064820 77.554927 75.845409 79.291562 76.132716 72.785203 76.326396 95.541212 76.112856 72.085128 96.086102 96.353685 101.561400 70.821167 101.356294 86.736149 98.158660 72.299144 101.531639 71.535872 96.534376 88.783024 96.022545 86.503791 72.587165 77.488223 87.354203 80.256920 80.808273 79.027944 80.219596 73.004975 87.547956 84.104208 94.385493 
86.433257 77.173242 75.182364 96.632620 76.158448 85.406581 76.424336 89.023027 75.593798 77.210654 78.569383 96.594603 79.947921 83.565429 101.356294 83.848810 98.209044 69.336783 101.687332 97.530441 90.273195 78.833908 82.714430 85.765467 92.638254 84.352666 88.597580 100.215897 79.176840 80.790916 72.623025 101.642903 96.391218 99.521826 70.728274 94.972785 84.623721 74.016625 70.323726 77.060790 88.225877 88.944649 94.507280 
70.862165 76.479915 74.637196 94.637346 76.093317 73.960160 76.436938 71.958032 75.177499 76.568517 75.353536 101.362340 97.219940 68.784928 101.360466 96.354328 97.721138 78.441779 101.757866 97.905174 77.554867 77.668513 76.374398 90.858377 100.213121 89.092291 72.742977 84.327489 91.890467 79.686089 68.365506 70.187862 85.412450 87.846529 77.625181 68.743112 73.675285 84.688569 95.415773 83.684021 92.820432 97.089928 88.588045 85.980443 
71.111852 77.197588 82.866328 68.198330 88.942091 81.678188 76.097051 91.526997 75.805068 80.933276 75.225479 88.368996 79.447579 96.190277 100.432454 80.336197 82.746904 78.816562 101.777417 98.585399 88.921082 79.862717 72.382512 74.938514 100.122007 80.061412 73.730331 76.272766 98.326384 79.477340 72.730279 74.599011 68.761414 86.839917 91.087301 92.100211 100.719753 93.222156 
68.746166 76.353111 88.474605 70.132846 99.432176 84.069854 76.194085 83.683726 75.207932 70.033628 72.433504 101.691826 79.939809 70.636099 100.694194 71.928362 91.558135 80.643657 101.824388 74.816179 73.614994 80.804627 88.728121 85.879426 98.964443 84.292514 90.587298 76.026291 95.018661 73.713305 73.118391 75.125584 68.098924 80.458843 98.445727 68.268259 80.740930 76.521102 68.690443 
89.791277 76.552967 73.245999 92.784765 91.022356 69.061000 76.398190 76.771064 74.977748 80.065298 80.651972 69.623444 70.850404 96.526377 86.629686 68.537678 69.703156 95.447603 101.608746 92.390717 98.029538 96.038221 87.557663 83.228612 98.953393 101.278883 72.385668 76.247084 97.089228 97.958292 80.729509 74.885503 73.713991 98.225414 98.206731 72.322327 71.179144 78.668233 74.968124 86.570995 94.877848 84.817011 69.433030 
99.861168 76.549142 72.738755 98.280217 93.385443 83.034649 75.983803 97.068088 75.475157 69.931353 90.073943 84.641148 95.712096 80.661376 81.650771 92.733063 71.941050 80.676465 101.655221 71.827909 77.704878 94.550624 92.200907 90.181053 86.200200 100.934684 73.044762 76.225297 93.449654 89.892223 87.108128 74.994894 72.693650 98.284237 90.723651 71.830034 86.919557 78.141754 75.694032 85.898737 77.181331 95.336750 72.233353 87.402186 69.678651 88.960733 
99.701170 81.275976 73.465802 99.227025 77.563880 75.786021 76.616276 97.425132 76.193948 81.864858 78.969294 70.924450 81.601265 85.039141 72.137811 89.065059 81.373548 98.498254 101.604142 91.238158 78.464366 86.409402 71.061730 96.236690 73.127727 101.252397 72.452410 87.347621 81.146707 89.543422 94.839380 74.304663 88.302204 97.982357 88.950322 99.431033 85.358320 89.376208 84.527406 70.727594 84.643580 82.003858 96.788808 95.188534 69.595610 91.288401 79.060738 
78.124598 80.086669 91.838472 99.577096 76.787056 75.790011 76.342013 86.173911 76.086225 70.168839 68.206145 85.150020 73.201763 81.374854 90.924156 69.791389 95.839979 88.357284 101.552136 84.413435 77.055095 83.614984 72.139701 95.774618 91.624786 100.653019 84.459842 70.131479 94.935657 85.622738 89.950199 75.255617 73.487691 98.699051 81.705404 83.845147 84.784019 85.967684 91.816261 99.967529 95.020153 81.620335 97.016711 94.758266 77.896645 98.063418 89.951489 79.693549 95.003418 71.888893 86.713304 71.821125 70.786358 70.536358 71.827701 84.325446 93.377133 77.741940 86.381843 84.316896 88.026159 82.719458 89.351255 92.599458 
98.204921 99.613143 73.049486 98.411056 77.440188 75.364310 72.704006 71.440373 75.917105 69.543614 80.465268 76.133071 85.217216 81.504377 90.883236 70.047546 85.256917 78.683971 101.719548 80.825549 75.890840 71.157474 72.700118 96.422486 73.026789 100.381891 97.391319 73.835480 72.677715 84.273878 70.087586 75.216063 95.350615 70.727118 81.424655 91.097167 74.647102 85.948160 
98.667839 99.939784 77.482142 90.931775 77.537018 75.277533 96.088067 98.317044 76.163586 96.665315 80.600570 76.149558 68.982190 73.235830 70.638051 71.479157 86.577642 78.042393 101.780100 80.544003 81.438910 75.099484 94.558705 100.531424 73.029569 95.883676 86.262725 98.494353 80.497988 80.527947 86.961178 
77.975951 100.007611 72.418839 70.015119 76.419908 75.994109 96.269937 85.001495 75.873986 90.250302 81.416385 76.312337 68.965949 95.709436 93.233430 98.216144 98.370309 72.256008 101.243689 78.679330 84.959496 75.077518 95.467936 100.689154 68.670525 81.374271 88.404680 72.435532 70.078110 91.884189 97.906848 72.342337 
78.765606 99.061288 98.214589 69.665311 76.232184 75.466805 100.243106 71.864439 75.866249 73.797299 82.602586 76.330187 71.887854 78.857827 78.507778 87.282884 96.120132 80.423721 100.979507 77.877951 100.791747 72.503373 98.203955 80.686620 80.018209 
101.441138 100.447186 99.453870 81.664792 76.037820 76.159814 89.019780 69.635981 76.103482 68.777654 78.837337 76.299070 75.033752 80.315890 88.707909 97.920862 77.447973 68.376389 101.409130 77.078595 100.650636 96.833297 72.805190 71.382681 89.899394 92.433076 69.829961 88.714612 99.583953 80.377996 72.857607 73.125944 87.451948 88.983893 86.305661 70.120716 85.033783 80.255957 96.194617 85.633435 70.850454 81.046990 
69.659336 100.990059 98.736835 80.137489 75.919693 76.129944 80.080650 89.513634 88.687961 101.431998 82.039885 76.207660 75.500910 95.932972 94.810545 81.271860 78.017628 89.065390 101.278001 77.015720 100.751928 99.277572 79.792118 93.394573 90.770800 70.795273 101.923660 86.899469 73.289873 88.447202 86.574653 93.600393 76.692459 85.129497 84.281421 72.742943 70.926566 83.974220 81.653088 68.888788 90.227457 68.298019 71.323710 83.502387 80.768938 89.244000 72.782431 91.360919 88.633992 70.817685 
68.692315 100.416125 97.791204 75.487086 75.539098 82.171002 89.866639 87.392356 76.450775 92.427919 81.726405 76.354978 84.008308 80.569706 100.096397 77.644178 97.158418 87.127465 101.789859 77.326821 79.968100 98.887124 80.080411 81.527713 77.461366 70.392809 101.126130 92.486568 74.133423 72.136633 89.416844 69.526814 76.752403 70.437193 82.808802 87.081545 68.512717 95.055395 94.295064 70.903847 93.319958 
68.461785 76.744677 98.750665 75.522154 76.242949 77.110953 99.404197 70.582097 76.307394 69.374118 70.358786 76.493698 97.984453 100.026137 79.963820 91.972830 79.540300 72.834967 101.529487 77.776363 89.500262 94.751455 94.778502 71.276112 77.192895 72.537511 101.098708 96.545101 72.706271 79.699047 68.928786 94.902488 100.624904 72.905983 72.482544 98.319493 89.545032 94.671271 77.009855 96.943214 
90.694549 77.461540 92.621185 75.499324 75.726157 100.224702 94.335569 70.265372 76.028791 94.865802 97.902073 76.794172 98.075060 99.850073 81.651073 70.986098 80.118586 98.587885 101.908926 77.235935 91.593896 73.334346 69.808739 97.649247 91.150944 84.362414 101.867051 89.010153 76.278617 77.122492 72.774807 97.246967 88.565550 73.581383 92.583221 95.711347 73.066259 90.288693 98.652450 94.327411 92.840444 91.515042 72.702082 80.334281 72.054695 
90.246544 78.182181 78.447584 98.017728 75.556361 99.937483 90.447966 79.363408 76.224176 79.067661 88.801891 76.486937 98.226979 100.490128 96.651161 88.665258 70.930007 97.417337 101.408320 76.272943 90.334269 72.248090 80.221153 83.755976 74.348454 93.698303 101.367412 84.976272 76.203163 79.378763 77.862927 76.983462 74.373476 86.169906 72.985442 70.033606 80.683989 89.359568 96.157397 68.734267 85.134283 83.572769 68.746469 95.476241 94.663506 
75.560121 90.964783 77.705369 101.763650 75.663491 68.108494 92.621880 99.415051 87.137110 101.309888 85.131834 92.712449 88.477120 100.436699 81.842373 89.411111 71.708301 85.984678 76.023538 76.804006 77.309939 96.585447 101.950533 81.756296 87.703177 72.073033 101.644086 83.659178 91.797953 79.899323 77.437464 75.498634 99.457345 91.508648 92.164641 76.516714 71.639035 98.335625 79.267694 98.694461 71.164487 81.624033 68.986145 79.406728 82.030693 
76.367374 92.644338 69.829961 101.744315 75.815031 70.953461 75.746748 99.000765 87.816686 99.282059 85.827831 81.630523 96.436925 76.903925 71.553294 81.520220 89.520686 92.589242 76.019094 77.296476 79.143063 91.808590 93.188791 95.213573 98.834299 72.344969 100.603532 91.788349 93.683874 94.367838 93.429864 86.178947 70.911846 71.367018 80.452839 71.440264 91.917194 88.322179 93.005095 95.945757 
76.504518 93.860210 87.734195 101.014645 75.451513 70.421471 76.210980 98.377905 98.404433 72.448864 88.680542 79.556627 69.028353 78.565711 73.099661 100.680578 89.768819 72.253372 76.362462 77.268873 95.908123 96.182404 72.823154 96.268635 101.332200 86.627458 99.947853 93.736715 97.324550 78.800063 84.405890 70.309955 84.227550 86.306009 82.392194 
76.588454 79.123346 100.518921 101.526579 75.802022 71.789793 76.649210 98.836638 98.318804 83.075045 94.624096 81.375378 71.521577 77.561653 96.466486 90.217837 91.144396 72.256354 76.706467 77.611997 71.142661 91.684994 81.569012 95.218941 99.646030 72.084764 88.255505 77.401372 72.118423 79.083455 73.732553 92.137562 88.919656 83.989477 79.664186 84.529973 91.979297 73.655116 81.870831 79.680314 84.757292 73.985066 70.354445 86.948597 
76.605641 76.784486 100.658752 101.144538 76.151874 95.703876 86.616659 93.146351 79.753713 79.564809 76.489169 71.333464 84.869560 98.945190 71.958135 79.469095 100.428139 69.455096 76.644081 71.004957 86.355666 81.840475 86.196731 101.867853 99.748520 93.999440 71.484554 87.047550 71.419672 77.882799 98.603612 89.293437 68.419408 86.909235 71.383151 89.057420 92.852319 71.772260 88.330245 89.515036 
76.653001 77.286379 83.139395 100.632846 76.121437 83.550983 99.757508 100.214461 79.558916 69.248499 76.037975 71.184834 70.453551 98.771458 94.752344 81.582802 100.690616 89.404525 76.303762 87.878034 96.530315 85.522947 90.297371 92.226114 87.739341 75.057686 99.603039 85.470629 72.699609 78.117078 79.493327 70.826294 69.639033 99.764018 84.164618 83.635603 97.531933 69.634156 70.136856 87.162830 
76.346694 77.575555 89.748094 100.960855 76.083427 89.175264 69.261166 77.967998 101.285975 96.974016 76.176926 99.099375 78.629382 101.690339 92.014908 98.863222 99.434790 72.389823 76.740234 100.449353 71.096293 73.571487 80.203426 85.676925 87.541170 75.614059 95.444793 93.994352 73.667886 77.424952 96.606509 80.391147 68.166970 85.118643 98.800676 88.977313 95.118327 82.152043 90.772699 75.849252 
76.496891 77.986777 90.432171 100.870302 75.988879 73.407140 69.048137 79.462978 100.812757 71.895164 100.400858 98.060232 80.631225 75.968123 80.979759 98.153147 83.061873 96.241006 76.081886 100.533721 70.333940 97.972103 80.192218 90.046507 93.933470 75.622352 89.190410 95.579606 96.494261 83.209480 93.665405 76.845425 91.325546 71.530809 82.563433 94.590924 74.724008 93.561141 
76.306424 91.844318 94.921499 101.821480 75.961458 80.852419 71.747488 68.236675 100.772104 98.815945 99.109663 75.570991 79.903358 79.669879 84.892658 90.079548 94.224286 89.651395 77.306908 81.401887 70.943486 90.996457 99.213159 72.143956 82.426981 75.743333 87.859522 93.539693 85.893775 96.488768 75.483451 101.258858 89.372843 70.019449 72.381879 75.814742 73.802969 80.963734 87.099541 82.208685 72.945695 76.864025 68.398065 
76.519121 75.390782 100.476333 101.521767 76.179237 70.441190 99.541922 98.293438 101.106494 72.356335 87.947562 82.030251 72.464588 78.797395 79.543140 78.004011 95.899474 77.153564 77.114738 96.903058 70.047618 69.958506 98.811743 69.658440 98.358738 75.308999 87.689556 96.466188 98.441162 95.300309 80.248602 93.966809 87.528902 81.542368 92.176878 93.432610 83.080695 86.678550 98.379130 68.195832 100.738974 96.106683 85.522678 97.184020 68.130390 92.980740 73.373204 101.122356 68.088914 92.084306 88.116480 80.784787 97.681709 68.177893 84.781455 84.572288 83.303361 98.381280 94.200371 92.307559 92.103256 87.499871 
76.916636 69.199115 100.759534 101.808523 76.292627 84.961394 88.473193 96.439269 97.818303 93.827224 95.670047 94.612156 91.739908 72.511620 82.929022 78.785627 78.090192 97.857540 77.170226 78.536962 97.412365 71.956632 89.720164 95.479874 99.228599 75.149324 94.040079 72.314867 72.435850 75.222626 89.370155 77.182814 97.258361 72.042272 96.211151 83.951091 83.198055 75.518232 82.957105 89.093262 69.012692 85.970752 95.193627 69.393722 
76.637099 86.783625 101.022818 101.756163 76.181735 96.363719 70.796193 91.520036 98.646795 72.563631 85.292436 86.359333 93.929062 72.886746 78.668844 78.979130 98.353076 72.810088 77.441456 86.463427 90.740994 72.375548 91.746736 71.189179 100.193381 75.596146 97.099562 86.836761 68.623999 75.189004 68.947201 77.927492 79.259442 85.507629 88.900861 89.954272 89.679554 85.476605 70.470982 
76.534533 76.717384 100.657766 101.420498 74.984589 83.398505 90.566522 73.369409 98.485600 73.863623 76.893732 83.223627 99.438072 70.857409 79.841478 80.146507 75.890337 78.476705 77.920184 85.053465 92.252432 89.955154 89.308346 93.636281 73.697882 75.859100 79.203860 91.028761 98.492003 87.519722 82.380073 79.518374 101.102068 84.447991 97.421481 71.652285 68.137617 87.374236 68.051188 97.051698 71.832781 68.765999 88.416936 
76.843141 89.089185 100.895817 101.832968 75.713881 82.554540 89.205514 74.061046 97.448232 82.046309 77.405282 83.233835 97.917083 71.701809 80.304738 100.440197 75.439257 77.778489 90.585492 94.044171 69.030266 91.946105 73.396753 71.741620 69.713336 75.175632 69.243750 79.668711 71.855694 80.886993 77.616796 93.847754 101.924373 85.556307 
76.725680 79.119805 101.136843 101.856408 76.188759 77.098271 91.283920 68.158539 68.530148 69.753145 78.441831 68.081697 97.887815 69.293305 80.946171 100.692270 75.266623 80.568545 97.233187 89.187356 88.054212 82.642065 95.537360 80.878811 97.907013 75.413251 73.008415 89.504000 90.444187 87.811662 69.567132 
76.497697 84.428794 101.180719 101.497167 69.800046 77.307953 99.636104 80.253545 94.465565 72.493994 76.114751 70.356389 97.917122 93.060977 97.209905 79.598435 75.146958 88.378685 89.759082 84.747873 86.188830 80.884961 68.875202 69.332059 94.210199 75.421770 84.758928 97.385120 75.603271 98.901200 87.465645 71.645130 81.949242 68.002199 
76.442703 80.435553 101.327844 101.466035 81.555121 78.049961 87.379184 98.693130 73.707176 71.772238 76.237878 87.266034 71.021788 82.041041 90.162219 90.695444 75.403712 78.376036 81.445184 101.150652 97.978029 83.729181 85.514878 76.095042 95.156273 75.380707 74.128510 96.278880 71.428533 69.167192 
76.513184 82.436041 101.215430 101.402313 72.335780 77.014642 71.038142 75.032325 82.744656 69.360789 76.356267 76.741991 71.279039 81.803726 86.216672 81.373410 75.567164 96.390715 99.122877 100.701725 73.541746 98.084989 75.351087 99.362678 89.376955 
76.702382 70.847293 100.257718 101.043659 77.522639 77.040926 98.616225 75.756272 98.258940 87.051407 76.508486 68.564509 69.496678 81.825654 81.471203 81.034271 75.906313 88.889974 72.425604 96.791012 71.188418 101.447406 100.957700 97.635756 96.030586 98.522181 69.736859 87.370025 92.801009 92.170554 
76.608877 71.225236 89.480183 72.298932 99.232486 77.177118 71.350582 75.745664 99.896171 73.048084 76.517087 81.488737 101.970267 84.400803 101.397125 80.490769 75.760956 72.633564 91.818206 98.821524 84.641706 101.971449 89.042018 97.714663 86.733327 90.037213 86.710294 95.513985 79.109493 84.483018 82.541868 85.303272 95.387729 95.401032 86.758784 84.216133 92.823472 86.539556 98.845631 
76.541516 82.575192 86.097727 92.073984 70.876857 76.860825 86.507600 75.454087 81.009750 76.275683 76.336482 86.260919 81.159840 72.747895 101.247144 69.974753 91.927118 71.958326 99.086570 98.919361 83.109775 72.275940 100.013703 74.173032 100.441222 92.623253 80.337247 91.046568 77.285906 83.826373 82.714858 81.437897 96.642347 91.308696 69.229975 
76.638730 99.708402 77.566082 79.033938 80.890143 77.697108 69.550538 75.565313 81.264959 75.449277 75.615400 74.576667 69.411289 88.150184 101.915334 89.697721 76.229558 71.755300 97.811226 98.678153 84.283851 82.329378 87.126561 79.438081 101.097629 100.351201 75.639585 79.912285 86.878638 69.294228 82.986136 98.446213 96.454057 75.190062 72.079818 72.669377 93.550428 86.301219 89.885122 94.075276 90.249087 73.978605 85.262798 82.026691 94.504927 
76.693481 86.649273 80.697553 90.148625 69.510800 96.232986 98.397306 75.634694 100.715863 75.435613 76.342181 77.813162 70.587958 77.515607 101.972696 91.446142 81.446307 86.416911 94.502616 87.888477 100.881558 82.470871 70.345141 96.248461 101.499810 101.095971 71.882275 89.636149 81.882658 80.733994 79.844982 97.641457 73.731685 85.758958 79.546101 87.055093 94.952217 90.903166 75.282418 88.163164 
76.450865 100.370169 78.567237 68.525788 71.456019 80.931705 71.380760 75.950744 98.227799 76.225661 76.128431 96.574640 71.270399 76.096938 101.938554 96.100821 88.598144 84.788604 95.704308 89.017555 82.490712 93.387787 78.284470 84.791288 101.198076 87.033221 82.065809 78.352873 71.792046 
76.288650 98.258764 91.554475 70.609930 77.962829 84.633154 70.983156 76.230921 84.146499 75.751749 76.014674 69.775576 85.085163 88.592097 101.763120 95.886529 90.033048 92.796092 98.586986 81.492618 68.681592 79.324182 78.337021 87.923422 101.116590 76.585743 91.870705 85.596824 68.939216 101.136708 71.955013 73.016884 91.635695 
76.529763 75.328183 85.225186 71.583835 77.180363 73.526986 75.414013 76.307772 70.904932 75.947415 75.910128 92.942044 99.335430 90.989585 101.704367 95.774507 84.449554 90.531110 99.018383 69.373871 84.814590 92.463390 74.609143 79.002493 100.853145 72.269261 92.766248 78.829449 70.481902 81.012492 94.026809 80.689596 88.450611 84.392196 83.150210 91.024799 93.628275 82.953637 68.658562 73.384481 70.298372 90.213882 93.479593 88.127747 89.743400 
76.292681 80.697535 94.231200 78.121288 68.117842 87.864197 76.351188 76.346545 73.724541 75.930053 75.777694 82.081138 73.913027 88.617783 101.908856 68.659666 95.518432 77.819612 98.364264 70.533418 80.061196 69.942784 97.514384 87.807530 101.103702 70.817618 92.108202 71.887842 70.994363 93.318181 91.817699 99.461423 92.979711 94.041258 98.500288 82.767974 73.446735 93.743553 68.079709 92.078274 91.963459 
76.059111 89.728373 69.511784 87.321603 85.830116 96.015560 78.022776 75.349686 72.981990 75.195507 75.384992 79.064662 73.448016 73.782525 101.519132 92.614090 90.575618 77.601800 90.301981 70.296795 88.534318 85.002871 95.736599 73.718257 100.947223 68.421247 95.025848 86.480846 80.042881 84.677570 98.075913 80.429797 90.615505 81.177444 91.267501 98.001702 100.377471 85.892599 98.169020 81.500177 88.115885 98.733538 68.870204 72.650055 101.385770 80.954106 97.014704 82.970286 93.036850 
76.308150 85.038863 100.185337 94.588442 91.203337 89.743441 79.504621 75.552133 84.509799 75.341951 75.695412 95.751527 96.734661 75.425800 82.460996 93.407493 98.744135 96.016077 80.522416 68.144529 101.637549 100.069457 100.964660 69.971576 92.873178 98.843813 101.815454 81.592713 82.945606 93.121766 73.384444 101.191380 99.726938 101.283234 68.494847 79.148676 99.546585 83.168556 80.719140 83.922232 70.155672 68.714624 96.614436 77.538464 86.256420 95.817637 
76.331663 77.391821 98.776142 70.313322 92.478716 73.045636 78.453805 76.275056 79.261969 76.332393 75.789406 95.744498 93.961403 87.162229 98.487451 68.872695 79.475869 71.692555 98.406672 96.832560 101.190044 100.479413 68.093888 97.600967 78.453633 100.191595 101.940859 100.175538 87.131119 89.481941 84.356889 
76.414081 98.799972 79.249998 80.544835 71.025152 100.857560 78.357911 76.426962 96.345799 76.364148 75.491076 69.963812 99.817792 74.434955 100.248938 74.181744 81.272126 101.681610 99.800221 87.842237 70.320582 80.996091 75.962531 100.617204 85.913040 82.793835 71.448828 90.160041 
76.222961 89.813553 78.953705 81.347799 80.135686 101.503062 77.174979 76.283636 97.833911 76.363478 94.982626 70.685302 101.417569 81.195259 100.903727 70.366527 90.930787 101.342467 98.707119 88.031206 89.200882 70.748451 75.811486 95.279078 71.693051 87.300094 85.705808 87.697954 81.813846 73.224854 85.446816 94.840733 80.109395 82.258001 90.661148 94.769604 84.497418 84.168786 82.369390 91.310648 70.377272 85.586377 
76.332189 78.122319 83.461206 85.709654 77.508987 101.663594 73.952105 76.426703 80.800848 76.507990 84.599977 71.917178 86.065200 97.717639 100.923198 77.261019 79.772089 101.517307 77.174587 100.350810 98.406176 72.035017 76.145717 70.063232 81.417430 86.462584 84.569128 70.557712 83.223703 98.246813 68.724245 82.631817 71.273257 95.527953 81.667305 
76.988662 77.581292 89.691317 96.643884 72.291677 101.728177 77.021702 75.924351 98.135955 76.363885 70.174933 70.331583 79.234402 89.746128 83.101157 79.591412 88.358708 101.506326 77.950626 98.740037 93.348350 72.125225 75.962853 72.189732 77.987029 90.356954 100.341016 86.404462 93.941537 80.915147 96.420514 73.609756 73.305880 
76.961577 77.171437 78.818186 69.649613 77.962725 101.886471 68.503983 79.657212 98.310255 76.922613 94.712159 76.758212 69.807779 97.867320 71.372992 69.927073 93.440617 101.495557 83.667441 85.476786 74.913456 71.422446 76.169344 100.638856 92.465993 68.584721 80.736079 94.555795 77.489586 83.832797 73.005125 90.519184 92.474530 74.389593 90.624750 69.930246 84.086314 
76.971046 96.882018 97.511509 80.998362 83.396647 101.956977 77.515835 81.351670 98.726640 76.046003 92.537141 76.273042 100.775643 74.192541 86.202261 70.123592 73.527903 101.666814 70.340461 68.889110 89.603408 69.947363 76.522075 76.278586 94.656451 82.941408 
76.959021 76.570262 69.737746 70.820540 71.707062 100.608684 78.078685 84.246577 98.896394 75.956748 81.662677 76.273042 72.174156 76.677444 68.947822 70.907661 86.407753 100.943714 100.001601 99.492736 81.596426 89.307506 95.257129 85.873744 81.370619 
76.878810 76.564143 92.300415 70.940597 70.693349 100.867761 78.133423 81.188628 90.218188 75.538179 75.964193 76.038918 97.143756 77.772264 96.602730 69.624748 99.222418 72.907461 100.409115 73.697763 100.687504 92.126408 94.020646 80.009240 92.658911 81.147470 85.061364 85.340758 86.293920 100.412190 69.375720 94.340394 98.378765 83.827838 
76.604594 76.341148 93.259689 101.035657 68.165653 101.527092 78.037466 100.628786 73.262802 98.929232 75.576999 75.992107 97.801321 78.493616 94.300514 87.170928 99.201122 72.198379 99.838176 71.033822 68.270407 92.988045 81.123747 79.355739 93.981781 80.571177 72.509893 70.594039 
76.810513 76.024504 93.481994 100.992206 70.559297 101.574083 77.981320 96.408052 73.485225 91.545100 76.457888 76.219101 95.107195 77.006713 95.963035 101.052544 90.181041 69.792059 100.404080 83.061365 83.915975 77.798326 71.698304 80.493154 96.290913 99.165607 93.449662 84.364663 89.028100 88.251869 98.147105 72.666581 84.189579 98.790861 89.070670 71.100335 80.776096 70.560142 94.685349 95.029020 
76.857026 76.695238 89.518007 101.775390 69.765568 101.708221 92.801718 97.471571 71.834150 93.956411 76.205277 76.408202 69.175917 77.290281 84.251748 90.964276 92.020064 98.918950 99.918849 100.641996 79.707878 77.014140 83.227353 80.708966 90.258319 97.283617 84.223075 96.988314 71.541605 70.660975 70.410679 92.059485 93.562152 78.385059 82.446734 95.247475 71.082443 93.196994 
76.925858 76.743703 83.512434 85.211308 87.303147 100.761878 100.857020 96.396822 89.951522 95.170279 76.545611 76.607066 83.170945 75.623399 78.474840 94.855597 70.598859 98.625903 100.268162 90.612376 98.000028 77.287959 87.517268 74.480241 92.313345 89.871484 100.960544 96.390686 71.433626 70.578211 81.607735 71.019853 69.477756 81.135460 71.680604 77.004205 87.261303 84.745750 
77.065283 75.646119 92.979627 100.122762 80.986154 96.631122 101.634092 81.805540 81.506933 85.866255 76.407226 76.527705 92.727259 83.185261 78.427235 99.192883 100.940293 93.985764 88.013515 88.919453 98.071271 77.772135 71.598013 74.947846 100.248419 92.334435 84.924397 86.261376 71.553649 70.534037 101.635984 90.566792 94.484561 91.603654 72.445779 80.171522 78.842178 72.606188 96.644613 70.078495 82.245704 
99.076761 76.098402 77.459204 71.270697 100.405602 82.726761 98.802565 70.348137 92.029532 82.516480 76.332033 76.599072 91.388740 96.312644 83.859441 79.780322 101.026496 81.325425 100.767204 83.391057 69.588076 92.983999 71.381785 72.758305 98.893710 93.784941 93.388134 69.336123 78.131682 71.495331 101.579493 70.643958 76.903139 72.889400 90.335073 84.699662 98.611574 82.742297 69.820024 93.664504 80.298398 68.250350 88.830914 71.922185 86.195826 68.035593 80.502307 
87.608615 76.218664 77.283186 99.980250 99.911054 69.510612 94.276876 85.438871 100.211339 72.610876 76.459350 76.444675 68.864340 81.013675 92.983797 79.769912 101.132258 95.992473 101.220191 84.734888 72.867453 70.457860 73.194122 70.976429 98.565519 98.620665 68.504255 80.698824 77.684549 71.546396 101.394072 99.178607 76.561653 68.029241 79.048564 84.993891 96.401978 
88.027644 75.972953 77.539257 100.608306 100.937622 76.498001 94.476296 99.630908 99.936073 78.006664 87.674939 76.220541 76.083908 69.237764 80.494912 87.222939 93.278377 96.307581 70.335638 89.601407 73.400439 87.877419 80.135978 100.768307 71.886036 98.064879 99.206566 68.873275 83.855509 82.932175 
81.023321 75.179874 77.473712 100.039402 101.420537 76.577377 70.667046 99.530154 100.002514 78.075061 91.280149 76.059704 75.992990 81.328611 82.655645 85.584872 80.204494 83.012573 93.838887 86.568016 90.004571 84.095508 93.827672 100.734904 73.038113 99.295764 100.554688 92.623414 86.283140 69.539582 77.907774 96.955348 95.173680 71.220962 74.606334 78.649610 85.663703 
80.818084 93.996673 73.394880 100.537234 101.777087 76.598231 79.279468 99.350888 92.384032 76.028964 75.737374 75.754924 73.187166 89.262669 101.938691 75.418025 69.875032 82.392845 69.919122 78.752246 78.527874 68.952537 70.870919 101.734200 72.312612 98.382852 101.046803 79.927080 81.653007 81.084928 77.726037 82.498956 96.885927 71.186202 90.019777 91.201772 
79.222064 89.148106 85.763421 99.507994 74.550469 76.410305 89.110862 92.668955 85.332980 73.836634 75.236717 76.015002 75.154595 96.494414 101.676592 90.222513 92.006444 86.496626 97.942634 96.345890 82.210430 73.243141 71.628016 71.189597 73.745163 98.701527 101.760380 98.407251 76.326179 83.392866 77.887085 88.428449 95.315491 86.976083 90.739023 79.204928 71.443375 80.039913 100.109342 77.105087 89.162161 73.046451 71.134486 87.637865 82.582962 83.246920 92.221973 82.125971 94.705508 101.115697 81.439172 
78.871652 87.645744 71.248768 100.181068 72.476062 76.328508 96.433956 76.271065 70.502872 73.381620 74.924668 75.246906 75.339455 99.244249 100.949883 87.499675 70.713096 100.357010 81.405794 95.331728 94.324455 71.940570 72.479881 91.760775 94.613598 97.487881 101.541882 95.560883 70.070099 79.427006 77.506894 90.005630 82.671200 80.305268 77.072500 68.681398 74.600466 81.069136 88.909530 81.040840 77.801186 87.299756 69.723992 96.732749 
78.733730 86.729343 76.263250 99.497875 77.000063 76.367565 84.178233 88.058282 90.976955 73.537995 74.566514 76.314944 101.601129 98.389491 73.105741 97.599729 70.377662 101.900913 77.182320 91.228504 71.000952 83.253964 93.723496 97.521822 70.454399 97.698350 87.205412 89.777513 87.613121 81.985861 78.052509 101.957471 90.450874 81.116386 87.643741 71.163103 76.390884 85.837943 90.421370 91.949587 71.446480 71.023418 87.605968 97.869555 72.353530 94.425680 97.763418 88.386167 95.951166 94.710020 83.689561 88.053130 81.933567 93.535132 
69.672457 82.997208 77.544553 92.030337 77.496439 76.870121 101.752740 99.806314 81.427889 73.438184 74.457982 76.314127 76.213404 98.125825 91.493247 92.558868 80.960346 101.949273 91.004221 77.977795 95.837633 97.011361 81.745184 82.718984 97.028939 97.797723 96.799402 91.940564 71.339840 101.292580 78.378648 101.386950 80.138399 96.324402 82.155612 84.563584 72.620802 89.495380 
73.807577 83.045155 76.281883 92.939765 75.268969 76.334971 100.826340 99.670468 96.495264 97.666764 74.824860 76.297591 76.168614 83.368255 70.178133 83.578509 94.708365 100.768888 77.421922 88.798482 81.212320 68.353575 96.135996 73.208310 87.096352 78.204050 86.269678 96.587896 87.843505 97.167905 78.823610 101.687598 78.914678 87.200751 69.373804 69.446680 95.102679 71.094996 77.957444 88.203069 79.814768 78.984641 74.122826 81.472076 76.072283 79.282569 82.726478 98.384680 85.849905 85.959045 93.153288 79.618023 
69.661287 79.687536 76.281883 92.860022 91.771785 76.334971 101.635066 99.654558 96.236565 98.176895 74.632757 75.507031 75.157003 68.354041 94.942024 94.306467 93.992663 101.141721 98.974147 81.730138 97.337384 70.430868 79.879093 72.857140 68.185990 77.574295 68.187206 86.325252 68.312634 92.459466 69.075793 101.437654 71.750633 77.668864 98.974879 86.277750 93.115923 69.970510 78.861496 93.474197 82.292556 90.532080 73.068721 80.236615 81.005855 69.242703 96.011057 68.278167 98.850654 73.812434 70.960038 84.640656 100.677633 94.159721 68.309309 
80.805469 69.452492 76.194398 73.031663 82.186356 76.451871 101.632522 100.186434 81.010469 98.337485 74.158463 75.052875 74.902531 92.139206 71.557462 92.520438 77.165452 101.671688 81.137502 71.735233 90.082319 69.125050 93.449709 71.417030 81.171199 77.090386 93.924254 85.000553 69.410595 92.772029 91.935394 101.767890 90.219991 78.687373 99.886856 94.350675 70.149189 91.260615 73.417489 86.132324 88.240223 86.030632 73.257839 80.721022 71.348786 99.640048 73.122747 95.369355 85.493013 85.018856 91.875312 93.153379 93.987701 81.876557 
81.850260 84.081070 75.956790 72.860165 80.904606 76.057191 101.004942 100.545324 68.627484 83.369579 74.657793 74.880434 90.698372 85.253314 71.471942 68.225646 98.927384 101.118590 80.664123 92.540296 90.987483 68.581518 96.199423 87.216628 71.631707 78.185969 69.077849 74.930559 85.945191 81.030812 79.448542 101.408755 80.321802 73.064611 97.585393 73.288044 76.250434 70.456748 88.794636 69.273923 82.196166 87.559582 93.708409 97.515454 
70.440156 91.197274 76.256860 91.704060 71.442030 76.273294 101.041449 99.586943 73.210692 87.417353 75.729117 75.121687 69.889092 93.652788 71.176132 85.361898 101.167928 101.242425 98.446290 78.106899 75.605674 80.728967 94.057095 87.602447 85.549385 77.643243 79.203099 74.694541 93.780125 99.521620 82.428834 68.647155 95.259558 90.899679 97.799553 83.895854 
