0.009529 4.699518 0.237901 10.006316 1.650648 1.809304 60.989955 8.603368 4.152188 0.009572 2.018570 0.093346 3.914856 39.215155 0.085947 2.363374 3.803634 16.415328 42.887203 60.190790 0.022257 0.046350 0.039198 56.404319 0.092911 0.099268 0.891491 0.240480 5.044898 5.432154 1.927944 49.622070 6.578134 0.044822 1.343226 0.991413 0.112317 0.081748 44.314185 9.542369 11.247531 10.750198 
0.007105 0.720480 2.809803 2.951153 0.645557 1.843398 58.026796 9.345387 0.622408 0.007004 50.051683 11.419817 0.095412 26.470304 0.125572 11.620851 11.062733 30.203164 12.155801 56.780327 0.008169 0.046837 41.498462 0.057401 7.085790 2.505503 2.665305 6.981103 3.067343 0.275003 0.215302 4.725462 9.197268 0.078534 0.231398 
0.015814 1.616903 0.239199 57.092969 24.527573 8.748685 92.749531 0.196726 0.683891 0.011512 77.395344 0.021554 3.646740 0.091261 0.085400 4.556912 5.514086 0.022750 37.989073 0.020393 12.045664 0.018350 40.899188 4.025245 0.185320 68.860323 2.644323 42.426721 0.414237 
0.010529 1.097281 0.159342 0.013585 5.551428 12.612549 40.735979 29.016046 0.010384 0.007903 1.000298 0.008679 7.916446 1.816138 2.445668 7.639248 0.017199 1.223678 27.556786 0.195759 19.172137 0.020741 0.054831 2.007711 0.059419 0.020458 2.280416 1.742732 17.745015 7.617185 0.080508 22.779516 0.712708 8.653194 0.052776 2.901306 3.177654 0.555573 0.908836 22.772716 6.718447 0.093478 1.966265 0.167060 2.120291 10.300429 0.075503 1.484469 0.083066 0.206704 2.023753 26.486686 0.044050 1.242891 4.429131 0.119826 
0.011009 0.653780 0.105482 0.471692 11.673698 2.850964 28.601905 32.052736 14.759955 0.006183 0.098286 0.037598 0.266647 15.054556 3.665767 2.314514 0.235734 25.565188 5.213396 0.150773 54.961430 0.143718 34.991140 0.008002 0.044431 41.225093 9.805378 16.875199 31.029387 0.742355 0.095792 0.652684 4.416108 3.297001 0.017425 2.040937 9.213581 1.485005 18.981609 0.011142 0.012074 6.583580 0.163435 21.774766 12.092280 0.297429 
0.006670 0.352142 0.937401 0.140281 5.305601 0.077668 11.572253 6.281812 6.339131 0.006235 0.056347 0.044262 17.910336 0.010366 1.246561 3.216995 10.146987 0.840422 55.573290 0.055192 0.725502 0.047424 33.547249 24.669550 0.020194 0.541457 14.537041 0.067376 16.594695 2.472557 0.007289 4.147731 0.165873 36.505079 5.566972 1.987766 0.508213 9.577265 
0.089026 4.897591 0.124594 0.125233 41.083247 34.884327 30.731282 0.559000 2.874301 0.018359 0.027133 32.519554 11.112977 1.446821 9.289017 5.809394 12.763959 0.145879 38.389598 0.392048 0.013418 0.260862 7.260540 3.863316 0.549056 1.385185 0.091209 1.458807 0.869765 0.005573 1.750102 0.007719 1.490888 5.980271 0.208513 1.657261 
0.090204 5.756668 0.102900 7.436740 56.818694 0.070670 47.198733 0.651007 0.012235 0.006962 0.024997 0.055324 10.468042 0.235028 6.291793 1.186038 0.007973 0.214800 29.700062 9.838681 0.008260 0.012817 10.859365 0.197266 12.272707 6.761481 0.055668 21.262277 13.851745 
28.223509 7.472968 0.070642 21.653095 30.346923 0.081183 61.821982 0.345880 0.011100 0.026788 10.509138 0.031915 0.043588 26.432564 12.282810 22.863851 0.055104 0.402735 56.758807 0.074062 0.009852 21.670819 0.268803 0.487999 0.400398 3.272047 0.018782 2.438641 1.516086 1.058210 22.869193 0.010287 4.229563 0.308187 2.108444 6.743920 0.189867 0.710613 5.604959 
19.326826 1.009778 0.077088 5.675679 0.076103 1.676555 44.638247 25.484263 0.005406 0.957749 18.396743 0.033218 0.008729 0.011455 0.080198 33.160239 0.090958 30.733346 44.429490 0.104792 0.006554 0.123829 0.521734 2.265187 47.182011 20.311359 0.072617 0.876844 1.886080 4.359704 0.045224 14.793198 
2.943728 0.017796 0.009045 12.133557 0.108401 1.612879 23.937904 0.079813 0.004948 0.640340 0.028496 38.924470 16.390345 0.010154 3.481934 6.702678 0.090667 0.271665 30.570697 0.038452 0.012779 0.084439 0.039502 11.270707 11.360950 0.023023 1.707723 3.042330 2.676752 34.191651 1.166529 0.019686 40.088356 39.184573 39.275385 5.964018 34.477006 1.940167 1.484740 
12.175211 0.032146 0.553513 13.723164 29.500443 0.011188 29.119937 0.006255 0.006771 2.600883 16.734962 6.868008 1.040135 0.596184 0.246844 7.370658 0.007313 9.321195 30.506403 0.243767 0.005284 0.286977 22.701947 0.151762 0.152529 0.643793 3.401051 4.025578 39.313428 0.024844 0.016450 14.769837 0.036196 0.083324 22.318517 0.173801 0.093305 0.938750 0.205715 6.381646 2.530334 0.734587 
12.772806 0.052063 32.815034 11.581122 2.393095 0.035675 19.952805 0.009270 0.009522 0.136371 6.635999 3.065131 2.475975 1.797528 1.001260 9.825280 0.314443 8.534438 37.577563 0.050285 0.006043 0.005784 0.327118 0.069466 2.773827 7.465227 2.554065 1.092975 24.952098 1.573089 0.039961 15.255989 0.083811 0.013980 5.747904 
17.317348 0.100716 5.625649 47.798678 38.685679 0.152686 35.568622 0.006940 0.141874 27.579173 5.822427 0.005638 19.534511 22.046021 0.750016 40.756543 3.991927 4.174268 30.111483 1.515395 0.005384 0.064902 0.071063 0.856795 2.063436 5.665873 4.734083 0.011033 0.914756 0.055163 0.005802 0.295511 0.017105 1.274981 0.039228 1.941305 
12.207119 0.074271 3.398990 0.192420 1.512608 14.821439 71.204540 0.008374 22.630411 0.440074 41.195131 0.007734 2.278372 0.405171 21.989138 28.263351 0.020334 23.434070 53.917952 32.627902 0.018458 1.904359 6.315059 1.518350 0.366786 2.673226 1.193552 11.445942 0.034776 0.020215 0.022083 0.503572 0.560495 13.588594 0.051641 41.269592 0.714797 0.040029 6.296321 32.155991 26.949060 0.824768 3.457698 0.204362 3.201635 0.374674 0.658541 
16.566653 0.079484 0.034746 0.070725 7.142018 6.717999 12.967311 0.004674 4.535059 0.007414 0.043668 0.003321 26.545244 0.219558 7.195401 6.021039 4.162345 0.011661 20.660324 1.042382 0.828001 0.308504 18.726588 0.202318 5.236633 0.427983 0.538730 0.993132 0.839925 9.368762 11.155882 3.047830 0.179346 0.050013 0.011387 1.342023 0.131433 2.227772 0.187830 0.461317 2.626169 
5.080973 0.096952 0.466989 0.495321 0.008959 0.016437 52.256716 0.009538 65.753252 0.054594 2.010343 10.125221 4.777606 0.076371 6.674668 0.107281 32.685002 0.110842 35.819462 8.509428 0.117734 0.091297 1.917093 8.065133 3.537026 24.132806 0.023851 0.574683 0.018236 3.674587 0.026295 81.524278 0.480162 0.229140 4.555596 4.449246 10.837402 0.119167 
0.009885 0.016390 0.578964 36.322462 8.674106 28.222348 50.221245 0.010718 3.028484 0.017935 1.915804 0.056520 7.734376 4.609796 5.382417 0.089967 70.418389 0.023393 57.423792 77.417097 0.431233 0.056482 0.777773 0.031956 0.031999 14.621182 0.321035 0.109202 25.461439 8.146788 5.229450 0.053856 0.651851 1.282639 0.047395 2.785767 0.985687 
0.005833 3.930501 8.079089 13.565102 3.660740 0.446457 35.018039 0.024335 8.322752 0.417220 5.540341 0.196335 4.714548 12.692566 0.085525 0.031891 0.538447 0.026199 50.096002 27.910721 0.794400 0.436392 1.553555 0.020505 0.696857 5.803622 0.143550 0.009656 0.097637 1.632486 2.958326 
0.005035 28.219249 18.501319 35.521072 26.432534 1.313587 28.268639 0.003632 13.849518 0.038912 8.914344 0.016962 2.714923 0.498926 0.143678 0.031052 0.049609 0.130955 28.575031 22.043545 5.631221 0.077474 0.064510 0.091162 
0.010241 1.151703 28.974752 0.364164 4.456823 0.095792 17.032779 0.009437 0.013870 6.007318 4.478613 0.070535 11.062483 0.027017 0.085593 0.113153 0.049994 0.015308 47.055871 5.348294 1.132351 5.592780 6.285710 52.785546 41.271101 2.833671 2.270169 14.336928 0.243462 4.121634 1.589432 0.694715 0.193338 
30.944424 0.030941 32.475041 0.288347 0.077896 2.248756 35.459600 0.073760 0.008449 5.089270 0.039351 22.058666 0.627761 0.287956 0.047041 0.699168 25.068378 22.907293 72.081528 15.285793 0.273049 0.081717 8.460822 1.102012 10.167650 16.311408 0.008621 49.327122 1.864813 4.678985 0.390357 0.695745 0.247686 7.846651 14.112935 0.561320 
76.778085 0.511387 2.457711 0.013234 2.561250 4.197045 57.314943 4.567820 0.010409 5.602081 0.009915 0.075442 2.438132 0.115662 0.064354 80.684219 9.532142 0.179313 43.554673 16.369332 6.636536 2.612943 0.940019 28.552820 0.043939 0.169815 0.012335 0.059535 11.835545 10.258860 23.757495 1.592736 8.353507 2.433764 33.834504 1.680743 11.276180 1.927848 0.783798 
7.649125 0.014463 5.807290 19.753734 0.007906 0.080021 21.251410 10.589737 0.014292 0.220970 0.492996 0.960040 0.029817 0.013619 0.074024 0.020613 0.069293 4.585400 54.020991 1.380247 2.701997 41.037416 36.338495 0.718841 0.225349 3.114036 0.024209 0.283638 3.332691 26.023561 0.206524 0.474685 0.039748 2.114511 2.430655 6.101093 2.022319 0.034408 
0.846192 0.035647 2.975861 0.103238 0.011838 23.476130 20.997817 0.615189 0.009529 42.965882 1.102072 0.520581 3.298154 0.291622 0.065489 42.478726 0.105258 0.292175 35.591561 3.824923 4.743990 1.899831 0.555472 1.770416 0.036547 17.174144 1.754710 0.268646 18.373644 1.670850 0.207643 2.004299 6.342664 1.456512 0.820857 
14.112148 0.090757 5.899649 0.027201 0.009332 28.685178 56.352823 0.046532 0.010499 0.013457 11.362813 2.714979 0.465974 0.332255 0.052217 16.159878 0.125449 11.188683 24.882582 65.110219 20.536850 8.472294 0.102019 2.976409 1.073976 0.163512 23.122568 0.074592 0.017051 16.545567 8.168995 7.941528 0.609064 1.297992 1.350477 0.780737 1.735576 15.383117 0.262325 6.903954 0.042082 5.492040 0.622863 
0.240898 0.018864 3.079667 0.709248 0.009944 2.943851 32.135903 4.725952 0.012154 0.016720 13.916480 0.110824 0.631232 0.274423 0.044652 3.475470 0.105549 0.073091 18.703556 1.331901 0.033405 46.766472 0.034236 1.925515 3.789962 62.170045 15.859066 8.482361 0.897290 13.074229 1.898527 0.550775 0.103436 0.279857 54.589315 10.537894 3.401189 5.680912 0.999714 12.888917 0.187634 0.329429 9.677663 19.618736 
0.335570 0.022556 0.010105 19.273810 9.096943 0.535094 28.014662 0.222860 0.017651 0.538248 21.336998 0.208012 7.401335 3.974786 0.068583 5.368545 35.346811 0.445345 44.340904 4.431211 1.239056 17.989238 0.556761 5.204849 28.453952 0.005635 15.148480 0.007620 0.172366 0.027739 9.339192 0.006250 7.453539 4.322669 11.878056 7.377336 0.069953 0.164009 
10.901184 0.028954 0.041742 4.348309 0.014289 1.801914 48.870624 53.096867 0.014830 30.065726 3.035074 6.574347 7.000801 0.005528 0.065226 0.019335 0.011807 1.395816 45.871414 3.417371 3.908615 22.921908 1.149655 0.373632 3.496132 0.261799 25.114783 0.006445 1.174688 18.203128 1.663397 0.006677 0.460630 0.005583 0.098986 47.215358 0.017758 10.127099 0.018262 
24.839653 0.018501 15.978699 0.199466 0.261490 0.135231 68.580115 37.458369 0.022018 11.169190 0.730016 0.848509 11.932524 45.527792 77.301838 4.193148 13.705339 0.465025 49.508735 82.794670 0.588164 0.144989 58.161440 63.753538 15.817367 0.059136 1.080715 0.009826 0.230403 85.415658 0.055433 0.012744 0.015517 19.036224 0.050108 73.025094 0.040385 0.026796 75.372978 0.448052 0.230162 21.185271 0.342406 
6.914353 0.032031 6.878488 0.044902 0.966850 0.093913 34.305209 0.214227 0.009519 2.110604 0.253069 2.734340 1.017436 48.908739 0.020832 0.029699 0.012816 0.151317 21.091417 1.443694 15.591737 0.469153 8.010009 0.105141 3.710235 0.060874 1.648722 0.014197 0.685025 10.283235 6.154096 0.021937 0.017654 4.580503 21.277964 27.066420 5.993829 0.037017 29.734178 9.550940 0.025804 0.389055 26.691332 0.012579 4.393060 0.463422 
3.610398 32.132227 49.248767 0.028360 0.008420 6.227507 40.760976 0.418433 0.008993 2.307250 0.061756 0.044997 0.456251 0.092978 1.423134 1.325629 0.155493 0.517312 59.241097 32.593755 5.583895 11.167866 6.218454 2.407132 0.297771 0.066632 23.667916 0.902102 0.016533 11.228069 0.035171 0.010997 32.348481 3.323018 76.295813 0.595417 34.353763 1.188090 2.106059 2.456883 4.520373 0.283546 2.565118 1.000282 6.773839 12.204176 0.050433 
18.487736 25.555361 2.918730 1.388894 0.012441 9.710892 32.797183 16.786903 0.024128 33.768283 0.021926 1.557284 0.051950 0.371651 16.515019 0.425450 0.025729 75.520589 78.691776 1.686010 30.773753 15.659418 2.343086 7.568469 0.230122 0.056913 0.030712 19.788136 0.064275 14.416403 1.903165 0.016258 8.443673 0.046046 0.447609 1.046614 1.554102 2.666039 67.749414 16.076214 0.975923 33.933761 0.087218 31.988517 0.542219 12.595942 0.136478 0.204327 0.120624 0.287665 0.077001 0.176780 0.047387 0.059038 0.704580 0.405684 4.836954 0.060740 1.323023 0.078650 5.864950 3.446307 0.930056 27.345587 
5.218963 10.602776 0.074467 0.032631 0.010895 14.213203 5.519911 0.019204 0.009626 1.504230 0.108747 40.779995 0.855513 0.067782 0.088877 7.633528 0.316214 51.265768 23.402842 52.737640 11.010441 1.905989 2.798084 5.138718 16.312358 0.059812 0.535571 0.299056 0.932453 16.354361 0.613483 0.015703 0.020778 0.062626 1.090928 18.560549 37.020273 15.625160 
10.034901 3.616860 0.085541 13.184996 0.016046 6.091553 6.532541 0.101141 0.009164 1.254063 0.014758 24.663013 3.646077 0.049251 0.470928 12.246803 54.311621 5.964491 11.865351 22.619520 0.130655 0.009656 0.311705 0.053579 10.724981 1.592510 0.254691 0.054460 5.499963 0.774526 0.283332 
22.219559 7.130191 21.802443 7.079581 0.007222 7.742611 3.958095 5.614907 0.012084 13.154199 0.167128 44.264985 0.414208 21.360754 0.766633 0.091372 9.754736 1.814909 42.015342 0.050659 14.981800 0.006435 0.025532 0.043408 28.934769 27.912308 0.366252 2.589565 0.325214 1.334940 0.048489 7.266587 
27.632992 9.175523 0.119593 12.614878 0.017098 5.876697 0.095379 0.295018 0.012938 4.219951 68.367888 54.961924 7.740950 10.162605 0.483812 20.416735 1.865876 0.162761 74.433003 0.020528 0.066780 57.079123 4.549374 26.117634 0.110575 
0.140106 6.921112 0.039543 4.311849 0.013614 21.665801 1.852093 21.287875 0.005616 0.192903 1.255557 32.026879 0.007470 22.421201 0.333994 1.015510 14.267957 2.254097 15.329206 0.024257 0.033989 1.360814 14.643220 1.880927 0.028641 3.531944 20.177329 0.011528 2.245648 0.079110 0.682868 2.893042 0.129090 14.035844 24.078201 0.031857 12.645641 0.136558 0.589898 34.345738 11.261624 0.033879 
0.176178 3.613090 0.148413 0.268593 0.005929 5.317705 12.217773 0.237034 0.108339 1.761612 6.016061 14.369547 0.007615 1.117749 0.344165 12.359288 7.605634 17.572434 25.544136 0.028714 0.027274 7.486083 0.043418 4.462992 11.867114 3.193526 0.115020 0.123943 36.868707 0.010485 25.282263 0.376327 0.019129 16.231598 2.075516 2.857579 0.156065 0.114484 4.798737 41.320899 11.961980 1.129841 20.705345 0.180960 0.121069 4.058515 2.307420 20.323629 0.198421 4.102035 
0.092295 11.237808 0.056156 0.005183 0.007025 23.417310 25.508904 6.671840 20.613180 0.199909 0.204707 18.304435 0.046396 0.031354 0.043872 0.060414 0.720021 0.033725 41.928893 0.005433 0.049958 3.309263 1.762336 0.059254 4.705773 0.031492 0.034506 2.517969 3.438142 25.043009 1.859348 24.743182 0.005283 0.918455 0.042826 17.414659 8.461415 0.455479 1.200563 0.180727 0.136775 
26.177616 0.026716 0.050259 0.010161 0.006926 34.140768 2.123752 0.157727 9.083924 1.482779 0.843579 28.530757 0.088489 0.096517 15.293877 0.271962 0.154920 1.229266 19.341120 0.067145 38.517315 1.776913 0.051368 9.657929 24.818522 2.338520 0.010838 2.127858 3.618337 0.962569 38.120996 0.810200 14.879701 1.576923 1.527202 12.247077 0.057767 0.074451 4.251276 0.046600 
0.007463 0.185853 6.880242 0.008492 0.007649 7.398141 1.640988 0.045307 14.052619 0.075159 0.542704 44.470288 0.014094 0.130213 12.257927 6.328612 0.070070 4.698395 58.160360 0.007176 2.035025 31.983459 12.495297 0.154308 0.275587 3.833645 0.050223 1.387269 18.120308 0.010678 1.261222 4.763758 17.174803 0.131647 0.301089 1.102680 0.367253 18.181105 0.073195 0.030539 1.320277 2.923255 56.368087 0.094592 3.400781 
1.966656 0.101181 35.605290 0.074209 0.008021 7.653792 7.905830 0.013157 5.305191 3.242151 7.028299 47.622254 0.026691 0.072143 0.891106 0.595298 0.615899 5.080889 26.654487 0.006729 0.026935 7.507266 0.118230 0.042006 0.040554 0.087849 0.024890 24.334347 3.830398 0.217387 0.019817 0.023705 14.430165 3.735724 0.856161 43.295261 9.614236 9.656254 0.160417 8.259786 1.709500 0.955041 1.178552 2.171959 0.608526 
20.592618 1.680078 10.421372 13.208025 0.024413 1.239507 32.248904 7.233450 15.627299 5.104350 0.681795 0.029839 0.043524 0.005183 1.648733 14.990051 0.127828 0.314070 0.009643 0.011605 0.005606 0.919405 0.035543 13.624499 1.570126 1.269648 0.140699 0.343506 0.064509 34.194776 5.389021 3.150696 0.018897 0.103419 3.014081 33.842131 0.905049 0.008074 0.107740 2.652646 6.244443 0.067883 7.548391 0.152446 0.063246 
20.498244 1.229104 9.440688 15.914882 0.018422 0.053297 4.402817 11.707351 1.482733 10.224353 0.403273 12.513327 0.496086 43.037744 14.411314 0.073717 54.842193 0.415583 0.010205 0.180244 0.078859 27.235209 0.057960 3.619316 0.155451 14.246199 0.095975 0.014434 3.232383 0.515403 0.600771 0.104993 2.984538 0.416695 18.948351 7.548719 0.829290 53.486711 0.960914 0.664021 
42.332078 0.015595 5.768567 18.690131 0.008329 0.022261 30.526271 13.646366 0.106536 4.295062 0.489211 53.983086 6.482666 29.902561 0.451144 0.098683 2.650950 1.902863 0.024325 0.049726 0.964265 32.038859 3.169841 14.872304 20.819858 8.730011 0.018561 2.035716 0.074060 0.065258 18.214020 67.580931 0.039979 2.572082 0.056459 
35.973556 0.010047 0.092401 34.025305 0.010094 0.126578 9.287575 7.475644 0.105646 1.919669 0.700114 0.007503 0.015956 29.003582 0.857930 9.962568 1.848961 4.392474 0.010016 0.050240 0.411605 10.429023 2.352574 0.740551 4.697355 38.442084 29.413067 0.007801 0.846096 0.136704 1.073624 0.006080 19.622245 6.989147 1.572564 0.014110 0.130001 5.970115 0.288647 6.603117 0.467992 3.906477 7.205596 2.761208 
46.054377 0.061178 0.044307 51.441020 0.007331 0.879470 0.106455 19.146808 20.976656 0.543631 4.998570 0.013916 0.006819 0.067778 34.683849 0.013581 0.012442 4.228352 0.009208 0.773212 0.442823 0.303366 3.999334 0.382156 49.739795 0.181109 5.135717 8.255295 1.932038 21.559459 0.153946 2.416718 0.289557 59.834818 1.639773 0.661243 4.059867 5.152276 0.452582 12.288045 
50.980235 0.034235 9.202764 31.788167 0.011785 1.343540 3.166501 0.058565 4.356383 5.836127 8.841069 0.403920 6.496229 0.054578 3.692972 3.010525 0.085002 0.299056 0.019143 4.051054 0.573435 7.824138 6.202627 0.363917 8.497167 0.008160 2.917526 0.466553 6.375483 30.217775 0.032686 9.124881 0.327700 0.010638 3.306032 0.626224 8.399940 0.396139 0.300329 11.701630 
15.911956 0.009085 11.934573 26.458673 0.015598 3.460631 4.927796 0.085447 0.040579 0.734168 3.537511 0.120739 0.026751 1.307658 1.333830 2.226440 0.028076 1.680621 0.005062 1.473224 0.150238 3.701975 2.287107 27.673330 0.197792 0.009451 0.054616 0.260776 38.600435 8.658086 0.875384 26.424469 0.897445 0.127451 0.888030 0.198386 1.815178 0.148154 0.757665 3.905052 
17.040872 0.003708 4.015668 26.155970 0.007519 24.248809 10.913612 0.242613 0.003716 6.161941 0.110834 0.405825 0.011017 2.339670 0.114938 2.877570 0.372637 1.275538 0.003967 5.503984 0.096431 0.024594 10.055978 6.753388 0.139316 0.004934 11.294949 0.004239 1.271469 12.176736 3.957300 15.845821 0.006168 0.406775 0.270873 1.141075 9.893874 1.020003 
36.915592 0.413285 0.126922 45.890187 0.008202 0.053435 0.267994 9.859591 0.071596 0.216482 0.060650 10.031328 0.016097 60.268599 0.217962 0.859335 5.744461 2.392908 0.016575 0.014895 0.367605 5.792755 23.847643 20.099319 20.461057 0.011235 29.594209 0.683746 39.536291 0.530615 0.873740 11.548867 0.096887 35.490456 1.526625 50.084337 1.653881 2.692728 26.616663 0.370150 5.873569 0.223870 3.311691 
35.861836 15.586090 0.061613 39.646585 0.007067 0.071541 0.010794 0.028477 0.063655 7.875299 1.178646 0.041649 1.230721 20.595056 0.027018 5.429728 0.686459 0.092299 0.014384 1.403396 0.129799 49.057608 45.816977 0.711559 0.006863 0.006572 56.227930 0.607902 0.221667 4.376913 8.263323 0.492846 0.126296 26.861800 1.718643 1.997355 5.929792 3.430587 0.408028 0.010393 9.652477 2.368129 2.448630 0.058785 15.281364 0.072594 15.576122 7.050650 0.098130 13.998647 5.525134 0.186639 0.121804 0.216929 15.472570 1.696150 8.899963 7.065038 0.292798 7.570646 0.572941 0.076519 
55.166943 6.434646 0.054284 21.139917 0.014710 4.108363 0.126027 0.045622 0.091503 9.290071 2.221669 2.442474 0.603530 12.603223 0.009194 24.677741 0.313397 8.947916 0.017258 0.034570 1.458984 0.227599 3.003892 1.150349 15.847572 0.006596 0.016346 0.202192 6.932237 3.885732 36.439641 14.404193 0.061001 3.665331 6.318578 3.895346 5.827805 2.313009 29.367520 3.845233 2.159285 15.669441 1.831902 2.907263 
38.957748 1.047435 0.037360 19.870044 0.011888 0.587221 6.785957 48.147761 0.059308 2.671515 0.008866 0.005408 0.658924 5.867372 0.423239 12.279637 1.970114 8.757448 0.056530 3.102226 0.061674 0.155646 0.198511 0.457688 35.445273 0.007742 0.857151 0.109088 1.115094 8.547338 1.363761 9.637794 0.005096 18.336916 0.228026 7.573799 8.627024 0.164018 3.210348 
34.790015 0.005464 0.043045 19.376527 0.010069 1.015479 0.587533 7.023034 0.081068 3.884091 31.476029 0.009071 3.829455 8.002481 1.175747 20.128530 23.613063 0.080965 0.046093 46.432298 2.100745 0.182239 8.832792 0.533422 0.379242 0.006183 0.029240 4.218472 5.713700 1.334038 0.166066 0.828591 4.953502 0.355460 1.697584 0.280445 0.087816 11.830268 0.105279 7.358753 0.647212 19.179248 0.550287 
58.468119 48.068786 0.114380 26.353612 0.009820 14.014154 0.530323 3.008799 0.207643 14.986602 10.840715 23.355651 10.251679 0.288096 22.750487 1.596908 7.233679 0.019677 0.208061 8.253541 4.258205 0.199890 12.521984 0.312372 8.818456 0.009599 0.035151 0.454907 2.342777 0.082245 0.018397 3.361305 32.627297 6.162633 
68.384530 0.043807 0.074553 58.434547 0.017860 0.045580 0.340382 1.914769 27.128954 0.270534 19.616928 4.432338 7.072948 5.022879 12.991743 17.753220 4.495955 0.070701 1.656889 1.800965 0.729907 0.020715 2.367287 0.089250 0.118073 0.011036 38.083947 0.317095 18.706278 28.237477 0.496701 
47.229630 60.235099 0.050236 99.176833 0.031304 0.013796 6.317458 0.151068 1.911710 66.471651 0.037685 6.376756 67.151207 3.782467 3.681462 6.925745 20.178818 22.523306 5.135113 4.282740 12.527449 22.132029 0.210585 2.820237 0.314711 0.013846 2.489697 5.399037 11.743837 0.140297 0.171873 0.678600 0.273461 6.302247 
44.269629 1.118212 0.065661 41.224161 0.008689 0.034710 9.181098 0.194072 6.213145 10.773132 0.007618 41.626162 18.705397 26.377091 20.317533 0.014221 6.687175 30.650508 0.036253 2.698817 8.504704 30.911845 1.468701 1.934080 1.144884 0.007946 0.329548 0.324550 0.359195 5.477528 
16.819402 0.050129 0.054105 33.510683 6.232741 0.022976 0.150806 0.007861 1.235275 2.626257 0.005227 20.700403 8.110937 28.705170 1.904930 0.019149 10.341801 0.556585 0.005293 14.838947 1.067123 30.396207 0.023076 0.214123 2.717292 
46.800143 0.231330 0.071167 27.564185 5.853430 0.010729 0.114149 0.020577 11.137653 0.107846 0.006393 0.691429 51.330043 22.235632 0.370986 0.014669 6.959340 16.231060 27.114015 0.324468 23.472594 0.100218 19.207714 9.438923 0.676201 1.362555 1.246470 0.575494 4.561468 1.661071 
21.757032 0.239617 8.901196 24.537298 8.741352 0.065348 6.124614 0.013933 0.090878 6.975777 0.014962 105.538316 31.424341 3.423680 39.392164 0.023923 6.180860 3.530887 6.610550 0.102446 32.146172 0.090579 19.686048 1.898090 0.133465 0.025167 1.146515 7.498585 88.777828 8.941861 0.198431 2.018579 2.830043 1.342946 0.382722 0.591097 2.904556 4.649685 21.831307 
23.700295 0.030654 6.960341 0.006148 1.146686 0.012422 0.060117 0.007079 0.031284 0.932054 0.012496 2.226311 15.112042 2.871477 42.181555 13.902430 0.056553 0.088327 9.966865 0.009129 12.780951 18.726950 2.162152 1.625339 0.035927 2.553435 0.320862 17.353614 26.652799 1.259829 8.382045 0.282645 1.219260 0.079801 11.213325 
49.144871 4.576257 4.336206 0.015885 0.630262 0.014729 3.193793 0.013214 0.135616 2.167338 0.013291 27.383906 10.814450 2.812870 53.748371 70.034309 6.572412 0.248318 0.015131 0.034159 13.228577 17.805835 22.990738 14.022051 0.020840 0.382298 7.302213 0.043947 0.290088 1.075646 68.515333 7.651879 1.108094 0.017346 1.557143 15.736109 0.772126 10.964849 0.235461 0.015745 0.167182 2.446030 0.321200 29.521309 0.844874 
35.651713 13.417214 0.452762 0.497285 0.963934 5.487780 0.186218 0.010067 0.063569 8.871897 0.009222 0.064056 3.285434 16.375675 50.181807 4.135596 6.332226 1.034656 0.844229 0.107200 10.397940 28.188926 0.454627 1.612288 0.019365 0.391221 41.043929 16.139246 1.302279 0.052086 0.113964 5.461764 8.053043 0.101406 3.932720 14.658076 2.164692 0.192834 2.155644 0.938998 
27.605639 6.311576 0.048392 53.542820 1.948043 55.506380 3.007987 0.006936 0.131638 7.355610 0.007600 6.687538 0.255789 8.419553 20.642444 0.009991 23.631466 50.525625 0.685271 0.655818 0.053570 0.048011 8.713987 0.183692 0.052577 6.147845 0.222136 0.026925 5.012788 
57.890808 5.310161 8.978273 0.267091 0.060530 1.005696 45.568218 0.009320 41.952206 3.548147 0.009100 0.015019 0.056432 0.825255 68.763441 1.551611 8.131571 0.085268 0.116580 12.660088 3.693584 0.010194 18.048481 67.347361 0.044374 0.020544 2.452901 26.127211 7.863714 10.619339 9.786649 3.146708 0.017047 
30.043280 0.169510 1.666622 0.132875 0.035263 7.697187 16.836683 0.010338 0.340832 6.524678 0.013181 34.916646 5.464798 13.041912 21.950156 0.398924 71.148983 18.317093 0.076478 3.060360 2.247527 1.899103 68.439515 23.044083 0.079151 3.626228 0.196860 0.491915 7.516792 4.578690 0.389483 0.095800 3.558241 0.713007 3.180664 1.954077 0.975768 4.134225 5.274943 3.260085 3.319559 1.784384 0.527113 3.381398 1.555767 
53.641605 25.678355 0.034804 0.512698 0.512003 32.144497 3.424952 0.007949 20.855316 2.617317 0.007711 0.109137 0.013361 8.411561 52.045258 15.499205 3.742075 0.031704 0.113629 0.226737 0.031598 21.373971 0.167719 1.732628 0.068260 3.321237 0.909526 0.236694 0.103754 0.132856 6.769915 3.455424 1.191998 1.002928 0.152315 29.484178 11.436455 0.033367 1.867866 0.974284 4.481619 
63.749427 73.268709 2.691630 0.310747 55.519918 0.713463 11.183558 0.015831 3.334726 9.713412 0.012505 0.612880 0.191402 2.126837 0.868474 0.900718 0.500432 0.014126 2.198919 0.197002 5.645591 43.924376 0.188447 22.512744 0.056492 1.845950 33.662458 3.042024 0.192112 2.971306 0.116856 0.042617 2.580724 2.604509 4.129430 1.319794 1.569444 0.137994 0.154457 8.598124 0.020579 6.521644 4.500808 22.368072 45.150922 0.051084 12.969403 1.018706 1.308065 
28.583546 23.601886 0.067110 0.418596 1.253676 56.500483 9.802955 0.013543 0.052226 3.494799 0.007641 0.744586 9.992596 16.916783 0.112508 0.827346 0.038745 0.113609 0.023340 5.704342 54.521942 0.215154 53.300011 0.215085 6.356068 10.477273 0.149333 1.383125 58.836328 3.416087 34.209735 0.195700 0.565192 0.049963 2.222600 2.428599 0.709744 2.098551 0.437315 30.185588 1.295665 25.353581 4.853543 0.008766 0.053663 0.037290 
29.000771 0.067413 0.084993 0.423590 21.068765 23.231124 12.841541 0.008598 4.542473 6.799373 0.008629 3.936747 0.188374 10.095634 8.830043 2.629211 0.063986 1.203729 0.052870 0.273615 73.233838 37.454960 23.059006 1.889425 0.043874 0.028544 0.045241 0.030730 35.935293 24.494253 40.330595 
32.024959 4.528400 0.064705 0.040622 1.482715 19.501906 8.714274 0.006849 0.700930 4.560830 0.010324 0.148621 0.013132 14.720924 2.414328 22.021018 0.056762 0.111195 0.013691 0.057923 21.756943 17.084112 0.003359 1.083532 4.927094 4.216954 0.517213 2.453694 
32.379958 0.277693 0.019674 2.047616 0.104264 17.667477 31.665976 0.016815 5.131092 3.675435 3.381548 0.224503 0.123062 16.234597 12.295109 6.742145 0.615761 0.034969 0.114513 4.668666 1.552257 2.466582 0.009230 0.307709 41.375966 0.030783 0.014282 0.557133 0.099768 3.327304 8.498437 0.452849 8.719280 0.199946 8.808677 5.255025 0.480601 42.472025 0.079856 0.342058 28.578435 0.344344 
50.481589 23.926638 0.119173 50.718228 0.009334 45.212830 1.581697 0.009487 4.606831 4.745030 24.934964 0.293999 0.077786 0.486806 0.184069 0.093853 0.161791 0.058238 0.077196 5.603523 0.020255 18.567896 0.008066 0.034534 48.803306 7.852220 10.369507 15.025456 0.831747 1.969941 2.653695 5.673618 43.154662 0.746579 0.053511 
31.219856 16.855974 0.081829 1.491349 4.290279 31.072916 13.490734 0.010923 0.072081 18.649070 3.380106 0.148377 0.018125 25.890913 1.700276 0.353087 1.108978 0.054988 0.028220 0.497102 0.860256 31.734791 0.006793 8.148061 0.019828 2.032563 2.253549 7.820037 0.176766 5.948447 4.359419 2.752204 2.078058 
38.468502 17.874785 0.031932 12.298977 5.039151 43.165098 1.066029 0.010840 0.068656 10.945959 1.585410 0.008356 14.615981 3.854989 0.442236 0.065217 3.552009 0.062541 1.035346 0.195910 0.013636 10.536905 0.012660 2.606711 0.620911 0.011350 13.855779 0.909364 0.045932 35.873502 21.064849 72.807830 0.509940 38.297842 0.163853 0.774584 2.781174 
35.201547 0.507812 29.174215 6.930707 0.343161 22.689666 0.046525 0.021177 0.006627 4.342365 0.936593 0.008267 10.510165 5.979217 9.688196 0.077008 0.974309 0.073842 6.839223 1.296131 1.443223 32.489027 0.008666 21.067185 0.031360 0.246461 
40.862481 0.007814 24.557336 0.741469 7.427555 41.195887 0.077100 71.830839 0.172205 13.906445 0.162593 0.007384 28.506651 10.886906 6.108897 0.879540 37.747939 0.061544 0.226965 4.217531 43.403547 20.136964 0.724531 6.204479 0.247238 
22.478787 0.006737 1.256161 0.283244 7.107681 32.814981 0.029780 28.774747 2.918563 0.199056 15.041512 0.003862 11.637399 14.775543 1.396791 0.252216 0.098038 11.415834 0.007902 1.501692 0.091705 1.520765 2.723041 0.119659 1.565930 0.542421 19.797710 3.393718 0.047909 3.509677 5.272872 0.553381 5.517657 4.259649 
71.121646 0.011542 0.478515 0.050111 8.618122 46.276284 0.057137 4.657524 3.916180 8.995497 6.083633 0.008286 0.034504 32.454784 1.175769 23.921553 0.102817 15.818956 0.082946 0.287999 1.136573 2.737418 0.222954 0.152471 0.357157 13.115535 9.928645 1.733357 
39.115033 0.006261 13.454944 0.028058 26.732907 12.253577 0.103919 2.549497 23.096417 0.412300 5.575829 0.016558 0.141918 23.431433 0.731079 26.966076 13.737238 14.723022 0.083209 0.225486 4.002731 0.008073 6.629385 0.135454 0.004815 0.393019 2.154889 5.766171 15.201569 0.008649 0.040945 1.414616 1.430534 28.992041 0.405701 0.814006 12.365115 0.097443 0.112758 0.240246 
44.025249 0.013806 10.481240 0.100140 16.573001 67.743326 40.521708 18.788142 7.132086 0.049833 7.474920 0.008033 4.137206 20.180153 0.021042 7.066250 1.486816 2.550089 0.064709 10.466035 9.069168 0.075421 36.843990 0.037877 0.028087 0.160152 0.102404 1.074907 13.818951 0.268409 2.122432 0.584640 5.659825 6.661107 0.372750 1.087044 0.271852 0.796473 
29.125474 0.006041 0.616133 1.859580 0.049347 19.941614 5.495576 7.724674 3.546628 0.006613 4.923403 0.005520 0.019335 6.831463 0.014267 0.168426 3.072185 2.526636 0.026800 0.111673 0.069101 0.367642 19.784341 4.457096 1.166830 21.242234 0.054386 1.625408 33.697294 0.119443 41.022671 17.945469 0.947796 0.461899 0.506799 0.077187 0.076002 5.546981 
19.915656 0.006531 3.306450 0.014580 36.206172 1.465274 10.161290 0.159868 0.177746 1.073900 5.197010 0.007661 2.336699 0.023996 0.039132 9.819031 0.070802 0.200874 43.737640 2.079012 0.011443 0.045845 28.461016 29.478318 5.129701 0.069270 25.650538 1.640607 9.479888 0.169976 53.334233 0.137232 3.108928 1.118401 0.026333 0.092210 10.343084 0.879240 0.030332 39.270603 15.945823 
70.747467 0.008563 0.054771 0.015571 0.085187 0.050714 0.168974 1.378316 2.715185 0.229679 12.588241 0.008884 8.604465 1.170017 16.180431 0.060564 0.009311 59.262816 5.040889 0.161807 3.450329 2.515597 0.313046 24.384579 11.358524 0.044478 0.465777 7.657562 16.569182 0.044432 14.398433 0.607529 64.503644 6.244000 17.786329 0.907069 0.098673 12.589687 4.865526 0.187956 1.996557 5.768756 45.920899 24.289478 0.960308 2.783491 0.227061 
8.957673 0.010545 0.089488 0.032960 0.032187 4.867851 0.634299 0.047511 0.016026 4.707330 3.677241 0.009514 0.008049 60.072545 2.190372 0.412292 0.064537 1.177008 5.692475 6.939815 9.720582 46.684317 5.643650 0.039010 1.676102 0.077756 0.178177 43.049537 33.452828 0.246241 72.558035 4.562213 58.072588 5.035203 0.008229 20.449377 2.277927 
34.859549 0.006462 0.010346 0.062098 10.325861 47.038238 0.020033 6.818989 0.005442 7.571349 1.676838 0.011828 4.096882 1.825083 1.825204 0.136907 1.009342 4.036585 0.162527 1.833122 3.381754 36.879145 0.066886 6.443641 12.588298 0.242572 0.037008 2.392884 13.590077 0.135136 
0.080933 0.010941 0.008530 0.045224 25.970748 16.453691 0.132316 4.905434 0.072724 16.633294 0.010199 0.003303 7.904090 14.232673 6.630096 5.965061 0.063767 4.844124 0.101828 1.069757 5.133231 0.473325 0.019795 9.149461 17.698358 0.091435 0.020214 2.624401 20.355000 2.154546 0.038891 3.453726 0.704333 4.340011 2.595139 5.560049 0.277840 
0.089683 0.371754 1.127933 0.108087 0.129014 54.138157 8.714808 3.470570 1.061882 12.371938 0.012211 0.006475 2.442559 22.424559 20.891434 6.626810 0.983071 7.121290 1.032021 0.071316 51.554350 2.284352 0.070910 4.139879 43.567656 0.109018 0.017106 0.030301 0.574002 29.573698 0.015745 44.878878 4.969126 0.517742 0.191120 0.007859 
0.265992 7.175752 0.013905 0.024003 0.467314 19.275977 0.392462 0.672135 0.188830 16.529749 0.009066 0.018467 76.165329 0.101395 69.849643 1.067387 0.446096 67.502550 0.664799 0.924121 21.506360 0.034467 1.449365 0.112472 2.379127 0.157186 0.560384 43.040001 1.953802 12.072643 0.021327 36.256049 0.524228 1.153783 25.161409 0.014135 0.540510 36.339809 3.946718 26.641045 0.999243 0.951970 1.105922 0.051258 0.785717 0.968381 0.305457 11.934801 4.026331 0.076173 0.196922 
0.413568 1.015707 0.850040 0.074318 0.471577 8.784498 1.984324 0.007564 0.064227 9.675232 0.008420 0.008502 13.276728 5.009508 46.692460 11.607592 15.951286 3.194585 0.879373 0.037857 0.543397 0.572895 0.017159 0.049729 2.336960 0.117696 0.057345 0.814336 1.956066 0.164723 0.031506 0.282618 26.927915 0.027358 27.227630 0.897698 1.802780 60.051737 0.442337 0.089157 44.017066 1.505269 0.134112 1.103108 
2.676116 25.827736 0.014778 0.030075 36.638215 50.299732 55.981529 1.897525 6.252237 14.602948 0.010264 0.014557 0.143016 3.760554 1.680524 7.055743 2.572310 12.550116 8.125862 0.020772 0.686837 0.033172 0.018658 0.560364 21.024449 0.018286 2.589082 0.048770 0.776774 1.537070 0.042951 30.566351 0.034516 0.013385 5.916971 0.193981 3.220679 0.060205 0.188383 0.315338 0.621231 2.070501 5.108586 37.028371 0.057440 0.114456 0.749396 22.076925 1.305914 4.160619 0.038160 15.437116 5.157945 7.463005 
7.850790 10.330616 0.005255 0.058099 7.103325 32.467270 0.838782 0.206409 0.226786 12.786218 0.006176 0.006450 4.170789 10.804442 0.004696 3.644944 7.719303 4.015884 4.517859 1.846740 0.367946 0.102251 0.357084 37.414543 0.204923 0.119251 1.126223 0.061055 0.401144 0.004877 0.080241 9.682628 0.058637 9.182304 0.113655 18.272622 4.750825 22.144452 
7.366060 0.213641 0.028780 1.815055 2.728320 62.457876 0.058018 0.078980 22.797068 0.046564 0.021066 0.009336 15.399595 2.864046 2.289103 1.423362 0.325990 6.263222 42.733993 21.767395 0.040787 4.030046 0.016554 88.129613 0.029809 0.019391 0.199324 0.057497 12.422658 2.300813 0.925018 85.246148 0.047793 0.209667 1.362830 7.330913 0.101802 0.221996 0.097134 0.072443 0.015306 35.510970 3.004120 0.067197 0.011440 7.753886 2.010638 87.186631 3.975409 0.244332 0.311446 2.439928 
14.330917 15.829129 0.009081 0.177541 0.061695 27.294463 0.009354 0.064756 0.346280 0.047231 0.008013 0.010524 10.181297 11.139255 0.756949 2.868188 0.009585 21.401513 0.140093 1.346999 0.178418 1.261639 0.396251 29.716992 2.975617 0.026550 6.500755 8.302437 2.658974 4.152885 0.194033 20.521750 0.372858 52.422185 23.795812 0.628072 0.070483 0.053039 0.157103 0.607837 7.778589 24.048875 0.011077 0.016639 0.010106 0.226370 1.040665 16.188225 0.017889 8.056004 0.264227 3.079586 4.206047 0.035557 3.362896 
0.068038 2.354296 0.006799 10.259970 0.774779 14.993562 0.134775 0.019784 2.694535 0.135460 0.005620 0.009487 7.044366 0.030895 0.432768 1.028783 24.921454 22.284518 0.237695 10.671022 0.686947 0.099823 49.918099 28.249459 6.749731 0.054297 0.202705 13.058492 0.093185 0.395402 2.848767 24.216688 0.055339 3.654527 7.179586 4.017336 2.312079 12.068413 8.205861 0.441072 7.411897 1.622388 0.145762 0.050059 0.817871 0.128036 20.274192 1.479671 0.565074 2.203851 2.651727 0.016360 0.064958 0.617260 
4.464664 5.806191 0.004370 0.149294 9.232994 22.775297 0.020142 0.048562 0.642786 7.666824 0.010584 0.004011 3.082123 29.912844 0.105980 20.030274 0.043207 4.311268 0.671981 0.613319 25.475678 0.015705 0.560055 0.434444 14.460289 0.036970 3.283666 7.620702 0.027582 0.186938 0.062891 25.703373 0.136207 9.838488 6.352487 0.132443 17.057518 6.213315 1.760270 0.743930 0.110861 6.354813 0.398518 1.541497 
5.616612 0.022229 0.019774 2.852512 14.320264 49.279296 0.079243 0.090228 9.802435 0.034265 0.008334 0.008229 25.279578 4.270481 0.275668 0.103667 30.647478 5.115756 0.122916 31.885652 5.977282 0.519491 2.141554 0.707143 9.234303 0.019288 0.421379 3.319701 0.641946 3.515983 78.043700 0.042157 1.114200 6.067583 0.178454 0.251780 
