34.948495 28.445774 26.576486 33.284453 29.378715 29.167698 36.067997 33.930117 31.813563 37.616511 39.513108 31.383967 37.137612 32.188366 30.607979 38.580833 28.900367 29.689455 26.601327 31.883247 27.916884 36.553778 27.345124 34.223903 35.665093 33.565074 39.842894 34.751525 32.237830 35.178306 30.269828 34.814867 39.324035 30.804779 29.930032 32.613408 28.154504 31.707359 30.447200 30.775085 33.600344 33.149432 
34.873016 29.259805 36.734027 30.808021 32.947640 34.751734 35.707545 30.308180 33.595855 37.853255 36.198122 33.658628 35.894051 32.367106 27.319289 38.791423 28.557982 32.403588 26.766059 33.478780 27.172595 35.837378 32.507646 30.224715 35.465857 29.465476 32.802783 30.818851 33.217402 29.094458 33.692647 31.665885 39.153943 33.399163 31.002151 
34.415245 39.552588 35.940361 30.950068 33.063301 35.533383 35.714361 32.749474 29.998827 37.655191 34.529869 34.361607 33.715381 29.644462 28.386822 38.662124 32.290830 28.994381 26.780200 32.153710 40.107189 35.690831 33.618108 28.315523 27.310204 33.330402 28.717754 31.623230 29.955502 
34.368876 34.719103 36.900256 33.030250 27.805368 34.316885 35.814074 31.973577 33.373462 37.646595 31.805328 31.208467 28.788862 39.017785 28.629687 38.459010 28.680415 33.223474 26.595415 33.163948 38.993471 35.746396 33.923339 34.289802 28.143210 33.113352 28.713303 36.892702 31.921231 34.012761 30.583254 29.650458 34.843476 30.539037 28.490698 28.689065 30.113518 28.600560 33.980767 31.997827 32.940171 31.977805 32.614109 32.961503 34.619109 29.162703 29.063361 29.987183 29.618771 31.574179 29.159087 34.042958 27.564311 29.730428 40.293596 32.170965 
34.816055 34.043167 30.186960 32.555567 30.639521 29.409398 35.640762 32.371814 36.400100 37.850687 28.306088 29.744930 31.814284 38.100043 32.961383 39.130506 37.167495 33.514383 27.342999 33.148790 30.450541 35.698993 33.752046 30.379717 27.842429 31.176454 30.584005 38.533946 31.087307 29.081815 30.167609 38.624359 33.933909 39.752107 32.843263 32.519234 34.096692 28.451995 31.001964 35.319298 32.946062 31.033347 30.139251 28.548289 28.482229 30.504327 
34.464751 29.472815 38.922659 26.957451 32.369865 33.348653 35.655282 31.879390 36.414683 37.436386 28.192225 28.066665 40.175513 28.102117 30.041758 38.748796 34.983529 35.380643 26.523733 29.276845 30.674045 35.782923 28.726054 30.053060 30.659443 32.184756 29.980628 28.170511 31.837668 34.392721 34.940229 29.054056 38.285242 35.730467 29.837315 33.818655 32.396270 35.533114 
35.977108 32.785782 27.595308 34.156028 36.559890 31.302120 35.879465 34.545474 34.056198 37.629009 27.676950 32.576302 35.298249 31.771005 33.826562 39.003772 34.716599 35.033142 26.571727 35.245165 34.522873 33.669110 29.174343 34.796586 30.820790 30.598087 32.485264 34.936619 28.739851 34.685412 30.580393 31.173300 30.966153 32.858488 32.573230 31.544734 
37.185493 38.163993 27.352570 32.048312 36.020206 29.587767 35.033510 31.604021 34.585153 37.578829 28.082735 34.930987 33.121215 30.987445 34.039449 28.275701 29.471033 34.888557 27.418296 27.289665 34.663275 30.087346 34.438399 27.932225 29.749307 40.461799 28.577422 34.330749 26.899343 
27.679747 38.724615 26.684723 32.329602 36.006991 30.780613 34.657373 37.864549 33.865420 38.184789 35.328952 36.179727 27.792867 40.528276 33.426319 33.748638 29.863600 30.379699 26.909806 36.120890 34.475183 33.727517 37.057874 33.506653 27.505897 39.731524 32.672374 31.248573 30.911326 28.105081 29.704545 34.877319 30.489569 35.456140 27.540520 28.697800 35.613118 27.229507 32.725729 
27.417192 35.019502 27.206782 32.634779 32.176905 33.235622 34.657373 33.358901 34.000976 29.883596 29.713104 34.345983 32.839180 37.442778 28.957359 33.813193 30.549498 36.412523 27.078606 36.062080 34.528729 34.002764 36.495893 38.397014 31.197105 30.749616 31.070916 29.179888 30.153467 34.837434 31.244392 35.514131 
28.012202 33.834392 26.868198 31.965831 36.627646 29.882586 34.871413 27.786321 33.751709 31.326028 30.479727 36.624500 35.726067 37.492723 39.187024 34.043399 29.959187 35.385962 26.573019 36.911842 34.682269 35.817060 29.562873 38.257517 38.053002 32.500897 31.725099 30.397231 29.667091 31.933777 37.421330 31.440275 33.759839 33.900424 36.420693 30.404557 30.514261 30.455781 29.421878 
33.625875 28.077615 26.568673 35.129804 30.645502 30.740162 34.943795 37.572856 34.170836 27.974365 31.520102 31.295362 36.864816 30.176591 27.609720 33.662600 31.428049 38.658484 27.030681 37.682917 34.579896 37.187935 31.701979 35.231318 37.772531 40.036462 38.781839 31.171942 35.006728 34.618965 27.014220 32.851312 31.219807 35.023292 38.410611 29.590325 28.035127 37.983405 37.228858 40.445975 40.030634 36.314735 
33.056343 27.704913 32.637059 36.878354 31.817362 30.049698 35.417680 37.175154 34.787176 36.831570 31.083119 31.345438 29.763011 39.581358 36.244081 33.765921 34.911547 28.033463 26.946008 36.879737 34.626970 30.712923 27.826999 36.221328 30.728772 38.208742 38.867035 30.781434 35.516972 33.386289 26.906291 39.629800 32.430851 39.019116 31.351720 
31.951222 28.822080 28.495293 36.335703 32.631739 37.883487 35.571561 37.435099 32.459768 33.099712 35.572171 34.198975 39.571718 32.788005 33.512960 32.953631 28.914964 34.642507 26.637968 29.327925 34.736554 29.219271 36.541996 31.473842 30.570077 38.048305 39.693746 37.655522 30.173295 32.529559 27.158367 37.582368 30.567458 31.946522 30.541963 38.448744 
31.679111 28.147365 38.683330 31.672287 34.197460 29.643774 35.434065 37.552892 32.018101 33.499695 34.801721 33.735905 36.421996 31.166232 38.314320 32.467893 27.249757 40.822242 27.137492 29.960424 33.828217 31.994447 35.476212 29.120050 31.480703 40.418468 38.482563 39.864773 36.597420 29.452164 36.722621 36.927773 33.541532 26.928769 37.409038 34.708334 28.526598 33.474003 37.064074 32.948653 33.829107 29.902955 33.572392 30.741756 32.056041 31.057325 28.240173 
32.121416 28.136697 35.881165 30.160131 29.198570 31.444880 35.497927 36.540577 27.470633 34.278473 30.780005 33.971720 30.788852 31.918861 38.799812 30.574527 35.789331 29.664398 26.572469 30.160761 39.050766 30.507617 34.380582 32.096836 36.144008 31.714181 31.014276 29.619190 32.013162 39.351565 33.404285 32.487159 36.509886 33.963520 33.021446 33.182684 31.797049 32.772854 28.305218 31.826830 28.920370 
33.594293 33.283975 36.372576 29.210890 33.041715 34.157107 35.497336 36.585814 29.070307 36.495218 31.393524 27.685203 31.583794 30.968669 38.629001 29.915200 35.167621 32.144754 26.678019 32.293068 26.942678 30.809082 32.436745 29.544053 28.358030 32.501775 31.078800 32.450836 27.857600 39.109796 35.653000 34.470941 35.784569 28.363690 40.941954 32.708911 33.852607 28.238834 
29.461410 34.168695 29.332699 29.855261 40.687497 32.722891 35.809188 36.207188 29.974915 38.690946 38.817089 27.167550 33.172360 27.981464 39.248415 29.616922 36.115951 34.488824 26.578020 31.568039 32.186503 32.790258 31.204591 33.972272 32.553779 33.683315 39.012404 29.614210 34.798364 34.375177 27.974546 36.416428 33.625071 30.299653 31.135114 28.386047 32.343784 
34.374176 37.222669 39.348233 29.512906 29.659474 29.879669 35.577702 36.475371 40.060765 38.667313 32.119670 27.048560 38.096072 33.155970 37.334920 31.053303 40.494922 35.134447 26.607058 32.491130 30.471701 30.916394 39.365434 27.362243 31.052069 38.875967 30.594988 37.012852 37.832540 35.631853 35.948396 
34.208914 36.502376 38.809496 33.457668 32.739870 30.227525 35.361631 36.303684 30.542849 38.083006 39.359575 27.231004 38.554362 30.424989 29.586472 29.980664 40.160308 30.808392 26.679291 32.370110 29.484956 35.095467 37.954795 27.108156 
34.021667 29.372411 34.542191 37.516858 29.271276 38.819693 35.778724 36.773937 37.939955 38.855963 39.922385 27.032562 38.209503 33.759242 27.636580 29.580915 36.071820 34.740675 26.705315 31.908316 37.664858 36.378831 34.776529 32.071923 32.991331 28.131375 36.019910 30.120738 27.597948 32.472638 29.358449 32.264178 31.596652 
32.845896 35.270919 31.732113 37.377869 32.427448 29.000966 35.578228 31.131455 37.354989 39.091259 32.730433 36.292873 29.657056 31.326438 27.312495 30.743411 40.094073 29.697363 26.694286 32.473945 39.191388 37.957827 37.422567 36.251228 32.592917 27.313596 35.214214 33.201235 31.132019 38.204298 30.730866 32.472424 28.528849 32.176062 35.760185 31.293624 
35.844664 29.964822 35.976912 29.265320 32.258648 30.214724 35.514758 33.644728 37.195359 39.021266 34.113773 31.461599 27.706977 36.008951 27.397857 39.734922 34.748407 34.813028 26.632100 31.743512 36.491036 27.032391 39.498460 39.645221 37.357101 30.919631 34.758351 38.795592 33.363368 33.679019 33.904265 31.211327 36.846352 28.056188 34.940194 30.336089 33.646793 29.434950 33.170894 
32.568377 34.560135 38.823313 36.323786 34.801955 32.244671 35.480678 33.912104 37.372022 29.195319 29.840704 31.876147 31.333505 33.657953 26.995318 32.066545 31.589695 38.922612 26.854333 28.312150 37.021127 27.241970 31.932945 32.033834 37.737462 30.903011 30.785245 28.579162 29.478664 32.923078 33.116425 30.719212 32.957202 30.039401 31.905094 33.856828 29.591637 30.647905 
31.528639 35.477929 39.000202 32.420064 35.442238 34.048030 35.703166 31.265799 37.208362 39.404333 30.999015 28.987501 29.180531 37.391686 27.261500 32.787789 31.078037 40.103665 26.847608 33.873430 27.315380 30.981741 28.804672 30.625975 40.113531 30.948415 29.937309 36.118287 34.236430 35.826522 34.087724 38.213155 31.387121 31.651756 27.860541 
34.966971 36.135010 38.761468 29.506290 34.791490 31.978018 35.620665 31.985848 37.133285 36.949623 31.130152 30.785644 36.625876 35.287036 27.261500 33.643549 30.609566 39.499845 26.695526 27.826347 30.458284 30.803125 31.935810 33.168602 31.964713 31.888043 32.260288 28.502332 33.928130 35.285217 33.818621 29.448536 32.115605 28.655308 38.717589 28.628206 29.916006 38.958380 38.114623 31.861952 34.744597 28.769797 28.204679 
37.882652 36.393457 39.009881 30.456685 34.437719 33.137782 36.015950 39.274685 37.048676 36.393062 31.560466 27.405304 31.641112 36.763955 27.251916 31.780080 30.653241 32.812671 26.568049 27.817137 36.171614 32.181038 31.554757 32.234288 31.138492 32.204278 33.801941 29.700416 29.363630 35.591594 36.870268 33.734496 29.129541 31.076653 32.432657 35.958759 37.780021 31.453584 29.600223 29.805103 31.381385 31.681411 30.191602 31.093211 
36.599710 36.572340 30.166393 35.124656 28.593116 34.220628 36.083610 32.993324 36.857883 30.876982 32.489308 29.083452 32.111011 31.425633 28.134350 36.115267 34.303414 30.591775 26.623286 27.338606 30.572719 36.569145 34.070545 39.245798 31.289184 32.983538 34.535711 34.499783 31.175955 30.351672 39.613042 34.767555 38.603674 29.594490 32.899443 32.418385 29.106663 31.052929 
37.882869 36.169171 29.424346 35.711921 31.350592 36.370757 35.911861 34.510605 37.167459 39.353418 36.407678 30.753460 30.759941 36.884605 27.763616 35.682363 28.835683 30.619151 26.833258 38.682128 32.729337 36.537950 28.698750 31.662187 29.097689 29.906746 33.546969 33.564272 31.456844 34.666193 34.801325 35.583583 36.405357 30.351087 29.949524 37.855583 31.653020 31.526659 39.546166 
32.223994 36.472517 35.167978 28.941067 31.363803 37.499074 35.841810 31.186884 37.555527 36.930107 30.175898 35.177417 39.267514 32.209741 34.181358 37.685529 34.511158 30.438245 26.816367 29.714710 27.096454 28.327238 31.860456 33.987713 29.249486 27.314815 36.965602 34.242689 30.086750 29.190814 31.185863 35.280265 38.501246 28.832499 29.571216 39.795651 37.105831 36.490588 38.810954 30.995801 31.591515 31.292677 36.718539 
29.530761 36.181347 34.908938 29.606904 29.035225 32.998701 35.607921 29.776537 37.663238 38.309185 30.864904 30.709770 30.608671 37.296043 30.634261 28.692966 37.127129 31.777374 26.558506 35.355239 31.527879 31.209362 30.990569 30.456859 30.400871 27.496343 36.439765 34.573555 30.886803 30.994871 34.703071 35.691406 39.354563 28.095083 33.093250 39.013583 34.555951 36.940384 38.428576 34.576663 34.337479 31.582783 39.399267 31.609848 40.824038 31.390800 
29.489152 36.093382 34.383863 30.080123 34.768829 38.847855 35.827081 31.418981 37.383401 34.220473 35.354031 36.409507 33.901962 30.697439 35.883990 29.788862 29.786608 29.303833 27.110352 32.192426 31.697752 30.796467 39.764086 31.090869 39.717691 27.465206 35.636454 35.014272 33.766562 30.789289 31.771077 34.655078 31.774732 27.312465 34.112924 30.758045 34.260545 34.261864 31.338288 36.283070 29.601027 30.230315 27.660581 30.395657 40.217968 29.547950 37.734074 
31.185218 36.214792 31.664122 29.369363 34.469809 39.020058 35.923887 29.657540 37.147988 36.310122 37.746447 30.498371 39.212520 30.806635 30.365170 39.108442 32.530233 32.928468 26.521298 35.413924 31.960638 36.000196 36.524207 31.764476 29.845980 27.435187 32.419793 39.240750 28.326986 34.238533 32.984055 35.468627 34.838219 31.277673 31.003773 35.800885 33.322406 32.713996 30.812687 29.929104 28.051559 30.944517 29.454530 28.191401 31.681252 28.432894 31.800407 33.997713 31.982649 36.600549 34.895743 33.559719 36.863930 37.422383 40.123100 32.685168 27.761055 35.576996 34.387364 36.229933 34.254168 34.430248 32.476733 31.967429 
27.681847 31.310445 35.723295 30.447030 34.727328 38.962932 33.076984 36.057860 37.204345 39.172471 30.564562 35.934974 29.671915 32.690115 28.234525 36.248203 34.233283 30.565212 26.787030 35.814878 31.919234 39.123664 37.098792 30.833658 35.340625 27.776523 31.750019 38.814621 37.966912 33.551175 39.249960 35.315648 31.213714 37.700384 31.214910 28.638251 39.028436 30.052918 
28.060802 31.353884 36.392776 28.531513 34.941753 39.224967 31.346798 31.695304 37.038005 27.839406 32.457359 35.660638 34.940630 39.700574 36.231515 39.731369 32.265089 31.068418 26.861945 35.338521 37.250656 35.225558 30.851061 27.598047 34.467054 30.930387 31.854537 30.235152 37.098062 31.133693 30.203728 
31.415898 30.820444 35.521820 36.483637 34.847051 38.757452 30.996055 33.112382 37.542786 32.356567 33.367738 35.691698 37.073859 27.595334 30.294497 31.129074 27.574274 38.459658 27.027307 36.318650 33.772792 35.036598 28.298711 27.564213 40.547955 35.929080 28.580543 33.334771 36.566141 28.849504 32.076357 35.605365 
30.643206 31.767381 31.298855 39.934344 34.993759 38.646783 27.164551 36.028581 37.460235 38.710565 36.175189 35.293449 35.302050 37.588317 37.312057 35.067396 31.466779 31.585658 26.663818 36.360007 27.368902 32.980144 27.800604 36.826863 31.231749 
28.073689 29.680049 30.962529 33.501284 34.576738 38.869177 31.181972 33.919086 38.008602 33.796605 37.039004 35.743904 37.496343 37.197606 34.229914 27.507791 31.530832 38.550505 26.617308 36.407227 27.053046 28.340880 33.743793 34.664047 34.377133 28.388547 38.187276 30.468571 31.087059 32.237163 37.949313 38.063230 32.577750 29.271292 34.802583 37.212628 32.502733 34.686152 31.935989 31.574920 39.015475 31.100208 
38.330924 29.783487 29.959549 36.295277 35.059792 38.289055 37.550974 30.146842 29.845788 26.600552 34.061805 35.532284 37.426333 31.713461 31.930041 36.532817 31.586431 31.169840 26.549728 36.046613 27.272863 28.814708 34.543406 28.171689 33.008256 39.976302 28.710924 29.141089 33.980964 30.667792 29.263594 28.264661 37.841513 31.496232 31.504159 39.213456 36.339791 30.561039 35.158216 40.674817 32.263631 40.958836 34.710148 29.459089 31.067152 33.934980 39.544530 32.228144 29.231427 39.346996 
36.873511 30.500721 29.805396 37.462926 34.778535 34.795818 33.894418 33.751336 38.785640 30.304072 29.736940 35.701357 31.578457 36.463782 27.694508 35.949006 29.905457 34.023972 27.404514 35.570482 34.255005 28.361704 36.255351 33.189418 31.660927 36.952484 28.097854 30.459228 38.374760 34.032846 31.078098 38.266889 37.280924 37.647061 31.985610 35.160124 35.086025 28.817655 31.435653 36.605259 30.461323 
38.352106 35.990133 31.407449 37.527174 35.028376 31.021356 31.477131 36.847390 38.806419 37.595537 39.867027 35.612132 30.699921 28.275866 36.448893 28.031890 32.763852 39.401219 27.883195 37.321985 32.821793 27.934221 28.710597 33.703435 31.081786 33.382764 28.775124 30.323319 37.621868 36.841895 40.381387 30.909478 31.298226 34.527319 38.020253 28.603739 28.386075 28.806192 31.060051 28.167324 
33.546058 35.805357 29.888602 37.601007 34.872464 31.124895 28.048792 37.230001 38.986563 30.772765 31.573212 35.707661 30.165285 28.629773 34.926568 39.528325 33.370777 28.497513 27.867133 37.141873 32.856686 34.176043 33.653627 30.179477 32.650769 32.925728 27.981658 30.100014 31.511263 34.817771 37.908727 31.079908 33.174131 39.385761 28.905483 30.019862 38.834946 30.627815 31.275727 30.251309 32.247039 31.954989 39.395342 33.321548 39.343581 
31.508035 35.061121 31.162673 28.952178 34.966998 29.876894 28.641544 34.218989 38.617100 36.489688 29.025987 35.912057 29.917465 27.859490 31.412508 33.999248 36.917229 27.129886 27.730167 37.461575 31.276876 34.603284 30.411278 36.051992 37.796270 32.382395 28.448479 32.639114 31.688178 34.584016 34.859099 36.009765 38.982218 35.729632 38.541911 38.967873 35.493840 31.333579 31.364141 40.094232 31.093629 31.617139 36.236872 31.425314 29.363079 
31.975869 28.621598 30.814004 27.587267 34.914578 38.713226 28.572478 28.179195 33.946083 30.965832 31.060025 32.672382 32.574487 28.311189 33.542887 33.737074 38.831688 29.482477 37.208391 36.090845 35.010390 32.307325 29.548854 33.731095 31.302699 35.718949 28.571725 30.053361 29.869474 35.128851 32.434356 39.043758 26.903862 28.583437 30.394517 35.796625 37.955596 29.329761 32.962427 28.584539 34.972395 30.228093 40.530781 35.128416 31.020196 
36.085918 30.004715 35.049215 26.766889 34.570175 36.772511 38.924915 28.191132 29.077824 29.879557 31.335395 34.097067 27.987909 31.633675 39.217345 32.812682 32.226162 32.025213 37.059469 36.116497 33.715250 31.478966 29.120507 30.249843 30.210682 33.626199 27.976611 32.831164 28.452647 30.306668 28.344883 30.321885 36.286404 36.439238 36.995231 39.394918 30.468692 34.360814 31.054174 29.034703 
35.916603 30.601124 30.085134 27.308087 35.206595 36.776363 38.753912 27.408238 30.897562 32.915586 31.489635 36.512017 35.572748 32.706994 39.862937 27.768433 31.313750 36.625692 37.469635 35.908314 30.099252 30.491254 33.904558 31.284763 31.113955 34.275771 27.502605 30.271673 29.270793 33.240032 33.537936 39.235900 32.811914 35.669475 31.211502 
35.814704 33.364132 27.551623 26.512435 35.114814 37.015541 38.445635 28.085473 30.109956 29.647741 27.693401 32.053804 36.761665 32.485873 29.347438 30.388213 32.980796 37.420365 37.554711 36.592061 37.290115 29.759889 33.032854 30.928182 29.500754 39.082476 34.290576 34.352172 35.260326 35.257803 39.231686 31.906431 31.421748 35.273510 36.014462 31.104739 33.887768 34.189705 30.468509 36.298352 30.282434 33.349311 35.529350 31.097048 
35.735610 35.903176 27.123623 26.503115 35.203863 30.839534 30.710216 30.161864 35.043048 35.086540 38.706366 36.714096 30.231701 29.737066 35.368026 34.422063 28.074422 33.800343 37.457439 35.746304 32.587843 30.591775 31.034133 27.633928 28.793663 29.988754 38.107112 33.244652 38.018772 30.972286 31.188876 30.858920 36.322326 35.379881 39.953318 29.748592 33.388951 38.929911 28.731190 34.365321 
35.916899 36.079060 34.136530 26.789639 35.220431 35.220943 28.691620 26.835479 37.142231 35.044804 38.565521 36.412402 39.127950 29.092758 32.885098 33.886455 27.168327 28.770898 37.240486 32.584330 30.053358 29.798426 30.831996 30.355437 30.474204 37.170109 28.506577 29.459516 35.499399 31.545114 32.818186 40.069553 38.846443 27.838887 35.196329 31.874892 27.576816 37.604490 38.169111 31.903797 
35.454705 35.054362 32.428765 26.516065 35.108340 30.938561 34.629630 35.611063 27.743813 27.216563 38.284116 31.550560 33.804308 29.909711 33.367101 27.229321 26.770540 33.211158 37.563749 30.246447 37.332406 38.976523 36.875036 35.874017 31.590993 38.047890 28.363960 29.905086 33.813005 32.340237 32.359073 36.319450 38.816930 29.146190 27.023387 29.718977 29.318841 33.606277 30.380075 38.618986 
35.698097 35.836231 30.862550 26.673218 34.863819 33.510028 35.401677 37.208686 27.619565 39.948522 26.925597 32.011405 34.540993 38.124504 33.579975 27.186090 35.033599 29.259749 37.452809 30.308471 36.266994 29.509931 36.591661 30.766919 29.765343 37.415951 29.795807 27.476016 31.326697 35.432169 29.284944 31.189417 30.629991 35.272330 30.577941 33.009851 39.147844 29.374035 
35.914383 30.555871 29.405314 27.052724 34.683421 35.975727 34.053179 35.860035 27.895462 30.240514 27.617171 38.814441 32.538777 31.199844 36.060059 28.348673 31.299910 30.837174 37.331459 33.380170 36.225505 32.960351 27.948278 33.400933 35.785106 37.067016 32.360205 32.059785 33.988294 28.387742 39.033912 30.793097 33.045502 34.589721 34.961466 32.640933 38.909009 35.406410 34.862236 29.735526 39.524812 36.285072 34.970110 
35.994105 38.636672 27.766940 26.619200 34.377549 36.301299 30.747259 30.471519 28.265107 34.840251 32.053946 34.195282 38.554035 30.628334 32.024433 31.437091 30.208969 36.321797 37.188190 29.461949 36.553388 35.370803 27.332877 35.852766 28.452804 37.278539 33.015027 29.558625 27.732998 27.368776 36.705846 29.539146 33.978053 31.150222 32.548889 31.162082 33.275860 32.368020 31.229390 37.220846 29.943939 30.644410 30.730132 31.819363 39.729567 27.956720 32.549711 31.158442 35.618673 31.024084 30.483591 30.665223 30.232901 38.729313 29.410065 34.248094 35.761371 27.585976 29.151814 32.617623 32.759412 35.042336 
36.012053 40.321748 27.942129 26.926411 34.433945 36.071206 29.642619 30.744365 29.967778 27.840854 27.671000 28.349045 30.495999 34.150199 33.503408 37.848996 38.007806 27.399121 36.141740 35.656387 27.272571 37.144083 30.472337 30.618330 28.934261 37.484038 30.895351 39.902042 38.037380 38.551935 29.065676 31.948020 28.826435 33.561288 31.346556 33.256827 35.333320 33.019745 34.622024 33.091584 38.364136 34.572192 28.904221 34.935098 
35.766491 31.957186 27.751529 26.558386 34.759677 30.529748 38.724161 32.960778 29.825417 33.281536 32.669314 29.209811 33.288913 32.875707 36.926753 37.123682 26.942948 38.251626 36.190085 29.636422 31.912452 37.819089 33.478003 37.809825 29.582087 37.394979 32.211005 30.270880 34.831549 38.822260 34.355464 31.449369 34.416493 34.675619 30.058185 32.469802 29.001340 30.950591 38.206585 
35.654391 33.740021 27.763864 27.089805 34.963479 31.621333 29.211169 38.217945 29.975107 32.093520 32.395030 31.809483 29.682050 34.723648 36.377327 34.850590 38.631629 35.346626 36.391959 34.756190 30.970504 31.707100 33.202575 29.682244 38.407198 37.658720 33.440141 28.575446 27.900198 31.545725 30.521086 33.925617 31.191162 31.391733 29.006974 36.895988 34.154704 32.919588 38.926599 28.322584 40.321627 40.006368 32.121457 
35.543027 31.489422 27.760645 27.106737 34.489415 34.878021 30.592469 38.607843 29.344242 33.078434 31.026399 34.335427 28.296336 36.316764 36.924559 31.066599 39.097780 36.280983 31.479606 32.570129 33.834415 30.492147 33.360680 33.813206 39.560572 37.914531 38.464229 36.980659 34.372212 32.874301 35.167330 33.126833 27.126257 30.181971 
35.245695 37.934855 27.885022 26.826313 34.760419 35.272863 30.812473 34.544784 34.476981 38.485829 31.509034 39.427172 27.667023 37.767144 35.452661 30.559598 38.333463 31.332463 28.340778 33.885576 28.898624 30.811212 30.346676 34.668506 29.276199 37.774738 33.874000 29.259685 31.193785 33.871089 36.827267 
35.269116 32.103545 27.601651 27.236124 37.641656 35.318626 31.435588 31.182504 32.830561 34.707115 34.948864 39.988714 27.493600 29.310420 27.750682 30.931569 38.641264 29.605287 32.512415 29.370231 32.427807 36.865830 36.944441 35.679089 29.999572 37.543659 34.726337 27.160284 31.527128 31.397756 28.716737 36.574193 31.910588 40.512869 
35.626939 31.589462 26.978277 26.667405 33.465099 36.539369 34.785068 29.797136 38.453115 35.557487 35.077921 34.651190 34.695755 35.121425 30.449795 33.053542 39.168247 31.199320 31.475590 30.074888 28.115656 34.385797 31.137448 31.368450 31.790096 37.572041 39.372398 27.868827 35.889072 34.684368 
35.632833 32.035216 27.034559 26.520838 34.676451 36.397560 37.007731 37.086359 30.700901 40.466149 34.738959 31.831491 39.554056 36.235572 29.156810 34.810591 38.922190 29.080740 29.693478 30.280246 39.082599 28.281016 38.107117 29.922378 32.271261 
35.833538 36.752384 27.030473 26.656971 31.359857 37.177602 29.871483 37.551114 28.356281 30.469832 34.980979 34.897994 35.724836 34.549354 30.791655 33.960860 38.942561 32.399702 33.520269 31.753533 40.396463 27.215906 30.096404 28.131761 30.802693 29.179064 33.863038 31.028579 32.025981 32.277038 
35.717241 36.981516 31.071345 33.643629 28.237094 35.771332 38.759456 37.300331 27.694019 32.331449 34.956382 34.186568 30.049699 33.400687 26.759039 32.291637 39.067238 38.049455 32.946387 30.302219 35.299026 28.068755 29.715979 28.318985 33.156435 30.103633 31.455416 31.787753 30.817197 30.687536 31.600208 34.311473 29.066725 31.342211 34.526613 34.294477 31.786422 31.537940 28.426233 
35.637946 35.256494 34.747952 32.954193 36.026961 36.087885 30.724794 37.272687 32.915050 38.871911 34.872175 29.331639 36.729019 37.424174 26.519952 38.172430 29.017367 37.068137 27.843517 30.167016 29.503244 38.983462 31.224016 32.728773 27.267062 31.493719 35.192169 32.152186 32.035500 35.709828 34.200226 33.165603 32.036132 29.180835 36.944600 
35.484172 31.303825 31.478168 33.887734 36.411316 35.382291 34.948281 37.375823 32.854925 38.627770 34.358386 32.050484 39.624788 29.620907 27.096891 30.224851 31.889625 37.548167 28.243277 30.373577 33.084955 36.097120 29.551513 34.741781 27.725126 28.688647 31.963844 37.044905 33.900668 37.722099 34.184798 28.361476 31.143914 38.125403 34.403062 37.658942 31.253854 33.146892 33.755644 28.081733 32.536384 33.347166 31.286054 34.441087 28.220745 
35.639444 34.619439 33.357409 29.053589 36.700597 32.038347 30.949521 37.499060 30.908903 38.985758 34.998717 35.490558 39.948065 31.545207 26.625076 29.919199 34.449384 34.914063 28.806181 34.919517 30.166603 30.997800 36.827207 31.534038 27.556873 28.597199 34.402457 30.129753 31.959486 31.364301 32.852859 28.303003 38.692118 30.856991 30.348281 32.732008 31.244666 33.880975 38.657764 34.603028 
35.699452 29.423638 34.912775 39.469723 39.343480 37.327431 35.712555 37.466821 30.486383 38.872595 35.187349 30.181659 36.138504 31.979387 26.733287 27.200679 31.963950 34.184752 29.561905 33.214008 32.138320 27.808752 32.028342 35.364307 27.955410 34.478779 33.543022 33.933383 34.718397 
35.327529 28.882542 29.812009 36.677362 36.927758 33.780178 39.311043 37.385018 36.081990 38.898723 35.114691 38.109613 30.175381 34.341816 27.102671 30.324086 32.364140 33.604359 29.894360 36.492302 38.087906 33.449926 31.471833 33.729599 27.589222 34.822134 28.874369 29.694396 36.067518 31.008430 34.141673 39.703521 32.845567 
35.751912 32.077078 33.389440 40.262172 35.796816 33.503716 31.982237 37.395819 37.516547 38.852091 35.052819 28.462910 29.528513 32.488768 27.194332 30.592625 30.033548 30.041552 30.163008 35.584726 32.184442 29.311855 31.979688 36.563009 27.727956 39.178521 31.676504 36.537438 39.322471 34.887642 29.440815 34.134113 30.345576 36.258186 33.865045 31.585486 28.024404 34.800373 38.456241 39.317470 40.770122 30.077813 29.728016 32.797648 34.549428 
36.097736 36.111760 29.872162 36.823437 38.046370 32.950661 31.510786 37.622047 38.723824 38.760126 35.119167 36.767810 38.788035 29.155055 26.742174 37.725423 29.637396 36.707940 29.832563 37.884209 35.105575 40.859544 32.056759 34.060394 27.930931 34.000682 30.925504 35.670591 33.661666 31.891079 31.376925 29.524385 29.549428 29.499600 29.800031 36.629403 33.829049 32.426779 37.941672 28.066496 29.615785 
36.093795 29.847991 35.416185 30.468352 30.148522 31.689795 31.407010 36.765621 39.309410 39.094266 34.698702 37.028832 38.545714 38.644165 26.925602 33.088415 28.860219 36.678206 31.269975 36.204617 34.586942 33.890247 29.712696 34.449878 27.226756 37.898201 31.880881 30.806636 33.306958 31.500412 30.986806 31.082183 30.613267 33.319601 33.402904 29.144817 31.287409 29.272984 29.308186 36.572291 29.421873 28.699418 40.468312 34.413578 26.632662 33.135306 31.251793 32.891056 28.031455 
36.201155 29.234457 26.917709 33.012239 31.241267 33.819502 30.800826 37.312963 32.378761 38.665143 35.006044 30.482863 28.136501 39.102922 31.873953 31.680102 30.980748 28.129814 32.174057 39.207330 26.579539 29.513192 30.545595 36.448163 30.040291 27.652837 27.124902 32.570779 34.503417 27.900730 34.278132 28.942643 31.457582 27.639416 34.436368 36.909522 29.343750 36.160589 30.136761 35.176880 40.853819 39.072951 27.900629 36.494329 31.265579 28.710938 
35.844513 37.600924 30.496566 37.021780 30.037777 33.941992 31.325286 37.444076 36.396335 38.774603 35.213922 28.886044 29.754918 31.440307 28.603521 34.229772 32.501060 38.122330 29.626375 27.814463 27.128639 30.941634 40.061181 28.185030 36.119045 27.644795 26.583697 29.512046 33.415409 34.059217 36.217907 
36.164164 27.424211 36.078407 30.716875 40.026970 26.751051 30.983670 37.623421 29.450112 38.438809 35.147856 36.479488 27.215172 39.366017 30.334540 33.865802 32.747123 27.426337 30.596308 35.141328 33.407455 35.993406 34.355597 29.363706 32.827759 31.722382 40.355717 33.020380 
36.085723 31.227945 35.541962 33.542300 33.260572 26.728855 31.302260 37.640852 27.027382 38.429623 31.131991 37.523614 28.896304 35.582338 30.570958 40.589735 30.237254 27.159374 31.513529 30.851978 29.493776 40.733152 35.306184 29.506786 34.278646 29.626152 31.218296 34.692969 31.171791 38.459052 32.754467 27.936085 37.367508 32.375277 29.603565 32.872603 34.712552 34.345466 34.347229 32.443745 33.605222 35.299046 
35.453970 31.257267 36.258115 29.772046 34.982022 26.956339 33.222649 37.047635 37.450147 38.644569 30.280642 37.378714 32.243215 30.276942 30.944010 35.883534 32.192927 27.295784 37.951781 30.299567 30.214397 34.695060 35.282382 37.660324 35.548143 31.941288 35.972612 39.198533 33.797839 28.526138 37.969164 35.439813 33.182628 28.662236 31.104272 
35.587796 32.348367 28.997351 29.315632 39.760897 26.763046 31.278345 38.071677 30.327453 38.423850 39.621041 36.739631 33.190317 32.829349 31.848052 33.978152 31.375745 27.195791 37.390355 31.467828 29.949332 34.261107 34.680952 32.859700 34.426867 28.235903 30.131586 33.862310 29.212781 34.044095 28.749061 38.643229 32.774972 
36.090656 32.277216 33.334760 34.568418 30.742240 26.977559 36.604888 32.754957 29.531493 38.618576 32.271729 37.378743 38.408973 28.961370 37.485718 37.122880 32.091823 27.674574 31.016415 29.903339 32.082173 38.910828 34.693662 31.065397 28.501014 38.645714 35.301692 31.239277 36.083602 32.449634 38.915587 32.406885 32.090668 32.552296 29.287247 36.025329 29.394243 
35.950628 31.124959 27.847821 36.407690 31.298568 26.892050 35.920729 33.952247 30.182463 38.689869 30.125683 37.500860 30.958004 39.095248 34.340310 35.930242 39.613042 27.522897 34.140652 39.327502 28.527458 40.521888 34.483019 31.619567 27.841800 32.165646 
36.108789 34.420907 39.004080 37.632411 39.961611 26.667676 36.301892 32.455553 30.555593 38.983157 32.360231 37.500860 34.122294 31.415664 35.859805 35.921466 32.540234 27.702225 26.652556 29.571224 36.681544 30.568965 30.600731 29.496922 31.846189 
35.856896 34.411897 31.440316 33.173298 33.487701 27.036097 36.190988 36.368572 30.319382 38.791551 38.435364 37.650587 27.278709 31.796028 28.643330 36.971518 30.191588 33.410449 26.880418 38.957759 28.694288 33.298157 27.753247 32.550962 30.315134 29.871440 33.283132 34.925681 34.505744 29.530982 40.564376 29.323946 27.838289 35.533000 
35.436164 34.950113 32.809773 28.414037 39.567092 26.730442 35.913485 30.123670 38.618360 28.758628 38.887427 37.427457 27.379275 31.525638 30.950904 32.866331 29.913342 34.090532 26.541186 36.997402 38.917853 31.020059 30.273972 32.200926 30.164786 36.478153 33.722258 38.837966 
35.692365 34.815570 31.276089 28.748102 34.882407 27.391328 36.303330 28.814728 38.852821 31.690065 38.823126 38.097914 32.160431 32.112816 32.349259 30.829656 33.194980 39.978852 27.560668 30.812682 34.030553 34.789911 34.848707 33.146903 27.500904 30.009041 33.213180 35.015355 28.542696 30.774457 29.637536 38.808209 31.734468 28.636825 29.847960 35.228742 33.590238 36.813553 28.695865 27.751728 
35.520224 35.117891 31.740750 29.012908 40.475853 27.065267 27.953662 28.019283 39.432765 28.650659 38.869999 37.388058 33.831401 31.179795 30.267188 28.966030 30.213281 27.838888 27.739208 31.021557 36.970485 35.727751 35.070833 32.506323 32.556757 30.528888 30.910176 30.581129 34.633884 36.695060 39.106119 30.385908 31.832945 31.219129 31.993787 31.840408 35.245315 27.741085 
35.682153 35.008321 32.711636 29.332607 34.851870 27.316107 29.661908 28.619929 32.086741 27.619634 38.575788 37.173309 30.861331 31.545732 34.650698 32.753472 34.199811 27.440284 27.132135 30.943958 30.190224 35.499321 32.780438 32.193299 28.963866 30.960544 28.377124 30.644404 34.882977 36.506031 35.916269 39.634603 39.019251 34.610198 33.352898 36.554726 29.605093 33.534029 
35.697272 33.661627 30.498650 27.941169 36.768633 31.441381 30.544342 32.359716 30.839445 30.601144 38.805946 37.377535 29.536988 32.161379 34.532720 28.223779 29.737276 31.692117 34.112337 29.873322 29.985912 35.517009 34.707944 32.557317 30.553679 33.293762 32.268454 29.629753 34.114531 35.919674 26.896037 28.438567 28.210755 33.740733 32.869774 35.757419 32.454195 39.255343 32.373344 40.875765 36.888337 
28.011137 34.495255 35.332577 33.354811 27.903363 32.680285 28.536704 38.192938 29.790324 35.689391 38.878278 38.049859 32.527758 31.168169 33.574578 32.337270 29.739924 34.307447 30.415087 34.381172 38.965511 29.060197 35.311445 33.484357 28.941444 32.527367 29.527156 35.045093 31.640560 36.009071 26.806775 37.986213 35.523021 39.044962 32.323799 29.988001 30.292187 30.606099 39.180337 31.627041 36.681767 35.549127 30.255612 33.777173 29.778292 38.298201 36.576317 
35.244093 34.968266 35.707874 30.125433 26.813159 37.318324 32.281825 32.014466 27.365720 34.232658 38.341060 37.622541 36.302491 33.738622 29.554419 33.514681 29.259390 29.833720 29.584782 32.166965 38.330667 33.716974 39.409901 34.337628 27.865150 30.169556 36.897840 33.280248 31.949034 37.181535 26.602812 29.004664 35.514779 35.387435 32.588501 34.370514 29.418694 
30.516074 35.096003 34.653339 29.562239 26.570419 35.459594 27.743290 29.281689 27.063112 32.046077 30.498100 37.555839 38.442034 34.025222 35.328090 31.371236 31.946768 29.297862 36.632249 31.167733 39.216232 32.705273 33.964831 30.313996 33.874615 29.288994 30.515363 37.433372 33.437625 30.996536 
30.947636 35.075821 34.315672 27.572180 27.250805 35.506793 35.328304 28.703939 27.455978 31.658438 32.173997 37.513117 38.928904 35.789200 33.551727 31.527086 33.429928 31.380260 31.146561 31.165474 31.984575 32.783510 31.996634 30.880451 34.403027 30.826385 29.809033 28.046816 30.273575 35.743899 34.751289 27.691112 30.093868 33.911945 39.213302 30.453834 35.558175 
30.414882 29.311001 39.451950 28.080006 27.190469 35.588365 34.950269 28.592572 33.725447 32.507164 34.547376 37.564342 32.870046 32.117135 26.518140 39.061313 40.987149 30.414542 40.688192 32.399310 31.513445 35.087738 34.014363 30.527352 33.781558 31.074455 28.013321 35.207227 36.474853 34.315515 35.419631 36.698205 32.249116 34.572683 28.671837 34.056359 
35.848096 30.323932 34.466196 27.078622 39.321141 35.855913 31.858292 30.331882 29.991609 34.364128 34.887901 37.451436 39.162637 28.835266 26.671135 33.402269 30.465162 32.263423 31.163121 30.237968 35.079757 33.304018 37.480281 33.561570 33.409683 30.746013 27.047945 28.441928 38.832502 31.959072 35.805765 29.454275 28.986140 32.754159 30.421301 33.100562 36.632196 35.849804 30.900145 31.517404 33.383391 34.257355 34.908865 32.912606 31.462197 32.001689 28.144826 34.973224 28.673869 28.463020 29.948949 
36.232261 30.065046 32.948628 27.157502 34.474768 35.742089 31.340416 34.100032 35.233606 34.731563 35.701753 37.900453 38.775040 27.027015 27.114254 33.956969 34.198619 31.320535 31.859168 31.294697 28.280803 34.899834 33.138221 29.826720 32.090793 30.999998 28.250865 29.966390 40.952723 37.518923 35.895572 29.518397 33.014998 32.934463 31.412870 36.308390 39.073302 35.606062 29.913000 31.247152 31.148724 28.874577 35.523566 28.444988 
37.009244 34.571959 34.228636 26.857356 31.566813 35.669068 35.337878 31.952279 32.503986 35.420819 35.358491 37.861430 29.166682 27.785158 36.143374 28.557787 33.501361 30.538980 31.504562 32.062684 35.777968 31.396169 28.610391 28.648248 40.050611 29.842525 29.719000 30.405590 35.114312 33.488525 36.312602 27.046924 33.147036 32.039012 33.294613 36.704761 38.156675 29.934449 30.802417 30.943087 35.853456 38.971021 34.874275 28.095945 39.670817 28.608951 31.460575 33.253935 31.712392 28.235782 29.670475 31.715469 36.933412 31.874604 
34.525822 35.118780 35.042093 32.769462 32.392741 36.058737 27.180730 26.605905 35.972206 35.326988 35.201795 37.721432 38.512081 28.767214 28.407273 30.906126 37.197502 30.875813 29.595003 30.868399 29.605537 31.315085 31.165750 35.989858 27.431187 30.330502 30.194280 32.607018 35.530276 28.169616 36.312439 26.821729 35.722935 31.064250 33.412569 35.401239 39.976819 33.966662 
38.940564 30.154193 34.529875 33.247106 32.118128 34.971136 28.627763 27.398824 32.192808 29.931265 34.923728 37.539210 38.675988 34.622500 34.526196 30.367745 31.594732 29.891265 32.265739 31.437738 33.043303 34.624619 27.909372 34.761358 32.390617 35.860956 31.001369 27.385300 33.928951 29.044891 36.361379 27.141082 36.985164 31.699843 37.012879 40.930901 31.627055 36.902898 32.235366 31.703309 34.400642 36.200181 39.051478 31.462762 33.019821 32.464391 33.163180 27.547278 30.048695 30.464288 28.375781 30.761887 
39.381179 35.567948 34.529875 29.887738 30.129651 34.971136 28.088174 27.173262 30.941990 31.063414 34.482488 37.543763 38.553485 35.716351 28.076132 30.387955 32.156817 30.910095 31.024478 34.487906 26.988425 33.819801 34.391910 34.322381 39.541252 35.446694 37.367533 32.060211 35.780473 29.077027 38.244693 27.404282 37.869399 31.317538 28.342024 32.879569 28.176844 36.099647 32.407643 32.944511 33.799264 30.046708 38.913069 31.697079 34.064259 40.433415 31.354133 40.944625 27.676716 32.233744 35.820596 33.980866 30.567261 29.817991 33.995384 
30.937339 36.259257 34.521527 39.727175 33.325416 35.599126 27.684042 28.170423 36.267806 31.600280 34.344729 37.131637 38.607469 30.462254 37.499035 30.796295 31.416854 30.858867 31.596980 40.093674 28.425545 36.655880 32.948903 34.128956 36.023744 36.231206 33.212330 31.436744 37.880912 33.298722 30.405171 26.911187 31.492488 30.574310 28.078785 31.432647 38.865568 32.927687 37.943500 29.689479 32.569491 34.240326 38.630384 33.116028 33.672077 27.133225 32.535020 30.210159 35.560728 30.583825 32.892881 28.960837 32.601285 36.686688 
34.960025 32.972364 34.125248 38.469742 35.852889 35.194747 28.205269 27.589650 39.093946 29.637529 35.280046 36.947790 32.744781 31.042489 36.798718 38.432294 30.539845 30.141007 35.227426 33.569887 31.534849 37.369380 30.593293 33.106613 34.455456 35.146372 40.182479 39.256850 34.447177 34.162636 33.675708 27.071957 33.854686 37.497545 28.146967 39.670328 31.551770 38.659994 34.918506 40.029959 31.554662 33.949786 28.122064 26.986493 
39.551353 29.938202 34.341541 28.886684 34.856362 34.986113 26.930396 27.152208 37.564883 29.639181 34.000195 36.752788 34.436661 27.796515 37.172502 30.827282 26.666609 31.201063 30.157151 30.716599 32.497917 31.150259 31.868870 29.105381 32.438401 34.718215 33.165971 38.935105 29.359019 27.179745 36.434622 36.473361 31.002518 29.921198 30.534411 30.905455 
