0.840685 1.249652 0.807869 0.914897 0.983611 1.040902 0.820063 1.046799 0.843168 1.148383 1.234790 1.232010 0.894268 0.866132 0.799637 0.812726 0.871260 1.080744 0.904206 0.855062 0.909540 0.948588 1.254620 1.208314 0.947272 0.896922 1.026773 0.870320 0.828182 
1.097962 1.243830 1.248229 0.846194 0.813183 0.946369 0.847372 1.095178 0.946430 0.918744 0.985080 1.136071 
0.927069 0.850797 0.888822 1.234475 0.899618 0.902508 0.926678 0.988255 0.815263 0.985782 1.248549 0.838247 1.175516 1.241816 0.805306 0.807679 1.017165 1.072913 
0.894048 0.818147 1.133128 0.875318 0.839474 0.859510 0.935812 0.958535 0.840415 0.974869 0.970074 1.172789 1.147254 1.233545 1.070650 0.951076 0.894440 1.137388 1.233171 0.871491 0.835947 0.845541 0.876606 0.961739 0.984565 0.821078 0.940446 1.148505 
0.983093 1.084369 0.938098 1.049024 1.137244 0.804649 1.212916 1.113985 1.240285 1.099703 1.115686 0.900289 0.802840 0.827148 1.054824 0.933050 0.952050 0.880248 1.227905 0.814696 1.232763 0.884903 0.976367 0.875611 1.080819 0.825111 1.089183 0.887921 
0.848477 1.077692 0.890783 1.010414 1.146009 0.828889 1.105851 0.796222 1.168296 0.925180 0.910449 0.935447 0.929631 1.158748 1.003121 0.945683 1.045920 1.000355 1.236614 0.800831 0.968636 0.992475 
0.811241 0.938895 0.869889 0.987652 0.884781 0.883224 0.928934 1.252218 0.958430 0.848069 1.207575 0.839550 0.891585 1.249826 1.048882 0.958019 1.059041 0.997636 
0.898280 0.990763 0.878812 0.822916 0.954517 0.825511 0.831364 1.022745 0.910633 0.806828 0.995527 1.243280 1.129352 1.016647 1.017160 1.109089 0.919868 1.158923 1.096128 1.102142 1.081709 1.230789 0.981591 0.958329 1.238110 0.835342 0.971957 1.203417 0.908789 0.933232 
0.819068 0.805453 0.861313 1.255951 0.914805 1.208641 0.893599 0.841309 0.812745 1.131962 0.797194 0.977987 1.016126 1.225794 0.794621 0.822004 0.911596 0.861382 1.140324 0.959927 0.883807 0.865502 0.998914 0.915278 0.984785 0.817313 
1.008619 1.226747 0.854739 1.247428 0.821375 0.835058 0.819303 0.821060 0.907971 1.183947 0.873718 0.951257 1.147963 0.802222 0.817464 0.983345 0.946527 0.827439 1.016917 1.114847 0.863513 0.851265 
0.912856 1.203277 1.066823 1.249903 1.067777 0.867488 1.195788 0.847215 0.837228 0.871405 1.053398 0.918725 0.985592 1.100443 
1.086554 0.812167 0.806510 1.251023 0.819405 0.855047 0.801540 0.806241 0.970227 1.044772 1.041706 1.076065 1.237979 1.112981 1.005178 0.964031 0.881914 0.850776 1.255244 1.092011 1.036071 0.959925 1.136948 1.057118 0.886641 1.077452 0.876387 
0.931114 0.798404 1.057660 1.251023 1.159066 0.853710 0.829194 0.972299 0.829539 0.945365 0.808292 1.063699 1.116825 1.102205 0.807402 
0.827483 0.799465 1.002976 1.246682 1.038027 1.061847 0.937717 0.869985 0.840504 1.176938 0.820151 0.978636 0.903868 0.921971 0.803595 1.144447 
1.027365 0.844558 1.240529 1.176880 0.802202 0.817320 0.844175 1.016506 1.061493 0.921470 0.824136 1.032952 1.033217 0.975433 1.000783 
0.879360 1.219278 0.847152 1.069733 0.878308 0.834780 1.004075 0.986707 1.014675 1.016834 0.987612 0.947385 0.908573 0.985142 1.167299 1.104663 1.232911 1.111634 0.811625 0.905826 0.909427 0.918062 0.987791 1.153898 1.042699 1.088994 0.862258 0.911699 1.224343 0.950929 1.176767 
0.986601 1.251236 0.946052 0.952276 0.934968 1.029677 1.124264 0.927613 1.181705 0.956588 0.826985 0.922392 0.868667 0.865367 0.968189 0.922231 1.220606 1.224360 0.921650 1.093329 1.100007 0.939335 
1.042569 1.009351 1.248366 1.134665 1.086553 0.830794 0.899921 0.852481 0.888886 0.818417 0.830599 0.820644 0.891883 0.904848 0.804087 1.219282 
0.908718 0.794981 1.245274 0.807229 0.978167 0.941467 0.848271 0.879036 1.042198 0.859991 1.111490 1.138201 1.160179 0.814894 
0.989296 1.114043 1.257965 1.246817 1.251648 0.866061 0.826301 0.931437 0.800483 1.242941 0.874163 0.798472 0.881367 0.926255 0.942246 1.084846 0.815605 0.930447 0.848676 1.108644 
0.795575 1.253937 1.161280 0.798227 1.004838 0.982133 0.844168 0.796828 0.855962 0.939509 0.848868 1.044068 1.139867 1.097962 0.953192 0.955388 1.014370 0.994226 0.867010 1.012769 0.837847 0.937484 1.057279 0.879450 0.976092 1.225101 1.032232 0.883043 
0.845378 1.252951 0.859789 1.091205 0.811974 0.941712 0.805023 1.222820 0.884080 0.947647 0.905084 
0.797092 1.233151 1.173706 0.884298 1.051250 0.868475 1.082799 0.963121 0.799062 0.804707 0.807911 1.001127 1.213693 1.034345 0.875051 1.128818 0.935417 0.909829 1.114377 0.949422 0.829113 0.929127 0.828352 
0.976791 1.151549 1.155877 0.878253 0.852981 0.813982 
0.821538 1.257124 0.878518 0.840958 1.049651 1.252549 0.917725 1.122825 1.191180 1.155909 1.227158 1.194391 0.894312 1.085228 0.965891 1.198350 1.163664 0.938269 0.881115 0.834587 0.873833 1.074616 0.988801 1.109089 1.135058 1.136868 1.093066 
0.851330 0.933219 0.809870 1.033264 0.873237 0.907402 0.802809 1.101035 0.946427 1.233738 1.217439 1.029974 0.800726 1.255703 0.944445 1.248466 1.117239 0.993097 0.992051 0.851397 0.823724 0.985730 0.925406 1.113760 0.892326 
0.811452 0.896337 1.057646 0.897704 1.025765 0.861176 0.976518 1.064490 1.223541 0.944157 1.243796 0.936094 0.859523 0.841821 1.039056 0.805298 1.151347 1.098628 0.844181 0.958014 0.981325 0.809934 0.898672 1.072770 1.022328 
0.953427 0.851084 1.118523 0.822311 1.107778 1.242945 0.817462 0.971735 1.068525 0.945971 0.803909 0.941743 1.040718 1.001160 0.945403 0.877498 0.823567 1.183248 0.800580 1.114491 
0.823932 0.867050 0.947409 0.860090 1.010583 1.246566 0.888955 0.808257 0.811150 0.876220 0.988012 0.816074 
1.256490 1.111745 0.875454 0.813673 0.838516 0.999379 1.046207 0.969372 1.245622 0.974700 0.814709 0.844470 0.802976 
1.256248 1.086736 0.844007 1.058728 0.905358 0.829476 0.876142 0.888150 0.844055 1.090790 0.806440 0.953427 1.004974 0.831140 0.900484 0.823216 0.984679 0.946993 0.997486 
0.900865 1.006845 0.931410 1.016165 1.102563 0.900532 0.906097 1.254640 0.816070 1.027389 1.176398 1.242315 1.246109 0.826501 0.878268 0.944750 0.865865 1.240761 0.812490 0.877305 0.953332 0.960232 0.826222 0.947979 1.010108 1.250860 
0.803989 1.164717 0.920132 0.794717 0.818425 1.057938 1.103145 1.222017 0.920853 0.838992 1.099308 0.894123 0.971022 0.813640 0.833638 0.975494 0.957434 1.159685 0.905734 1.117319 0.985421 1.136010 0.836560 0.958078 0.965890 
1.016373 0.799071 0.809630 0.892138 0.857267 0.853977 0.861960 1.190875 0.865364 1.059575 0.977861 1.232183 0.890710 0.811063 0.948068 0.972138 1.100093 0.808373 0.901436 0.989253 0.832566 0.801008 
0.969657 0.946696 0.802106 0.963396 0.931397 0.975431 1.084460 0.885178 1.211418 1.094597 0.849206 1.080950 
1.218928 0.810392 0.903852 1.022206 1.017211 0.868681 1.146400 0.876652 0.849992 0.819931 0.877053 0.890798 0.896620 0.856772 1.255242 1.145821 0.927407 0.915050 0.957140 1.240380 0.973929 0.799501 0.813840 
0.798950 0.802185 0.868883 0.819178 0.903544 0.979837 1.217897 1.245845 0.980006 0.810596 0.813449 1.053631 1.137456 0.929403 1.144545 
1.092917 0.961931 0.916089 1.001837 1.041295 0.971674 1.250300 0.805967 0.961747 1.115932 0.820813 1.106662 1.125761 1.099695 1.004605 1.048152 1.055423 0.844975 0.904505 0.845838 1.250817 1.013655 0.929791 0.871334 1.147221 1.018678 
0.828189 0.804687 0.868532 1.181847 1.053645 0.903694 1.241547 0.796677 0.873900 0.885343 0.894529 0.863034 1.083353 1.185351 1.078327 0.992092 0.894817 0.942641 1.122792 0.940320 
0.881389 1.207351 0.930093 0.928978 1.138193 0.973478 1.248702 0.797850 1.041920 1.072951 0.940079 0.897014 0.987433 1.050065 0.807938 1.256934 0.853271 1.073597 0.893599 1.114896 0.973284 1.140730 0.912063 0.880628 1.199005 0.902199 1.162426 1.016436 0.985269 1.117856 
1.253991 0.847030 0.849376 1.170727 1.005852 1.039413 1.236198 0.913937 0.869102 0.889139 0.907564 0.893536 0.872453 0.884646 1.091953 0.892634 0.814377 0.845011 1.127026 0.867029 1.146181 1.092678 0.847387 0.953418 0.810912 
0.972782 0.870417 0.827048 1.141834 1.070093 1.221927 1.028155 1.092176 0.993683 1.234872 1.014946 0.964665 0.824186 0.892757 0.870763 1.220757 0.829590 0.892127 1.153052 0.822134 0.995899 1.196491 0.859757 0.810070 
0.875169 1.026071 0.870980 1.244141 0.834757 1.205958 0.922399 0.818585 1.067156 
0.842662 0.999760 1.255848 0.912974 0.941359 0.942477 1.134877 0.796753 1.010496 0.846168 0.903522 0.949144 0.838975 0.964120 1.002489 0.928332 0.878953 0.831322 0.946496 0.881786 0.820176 0.824208 0.920662 
1.094346 0.834672 0.821471 0.914018 0.908998 0.853746 0.899272 1.216147 0.798473 0.871228 1.157123 1.012710 1.080797 1.034471 0.883337 1.245916 0.926896 0.897806 1.239212 1.031084 1.034508 
0.861281 0.836251 0.800561 0.975767 0.825028 0.809262 1.258891 0.836174 1.116523 1.071810 1.132113 0.811761 0.951055 1.013498 0.880388 0.837731 0.814482 0.947345 0.916308 
1.083921 1.231082 0.839618 0.988003 0.903209 0.962553 0.837982 0.857983 0.922425 0.983948 0.828830 0.871919 1.257000 0.927990 
0.939283 1.252141 0.913310 0.812771 0.967923 0.794559 0.932359 0.852695 0.834205 0.926992 1.175815 1.081997 0.952985 0.974630 0.987108 1.041723 0.859182 1.231639 0.809147 0.900978 0.823633 0.896524 1.129866 
1.094596 1.214661 0.825414 0.838347 1.060895 0.815217 0.810711 0.850845 1.079827 1.001903 0.991587 1.249440 0.949266 1.099711 1.033083 0.951801 0.799018 0.882958 0.898556 1.017945 0.878703 1.086266 1.050726 0.991389 0.862320 0.947376 1.030182 1.064893 
1.149011 1.243813 0.943117 0.959458 1.178673 0.843528 0.952317 0.994576 1.032044 1.048097 0.804717 1.049175 1.090508 0.928994 0.850981 1.072167 1.043797 0.858019 1.200606 1.082040 0.906106 0.912293 0.883377 
0.893907 1.223677 1.001854 1.140283 0.812672 1.055678 0.978924 1.045645 0.816686 1.000819 0.990213 0.804716 1.246277 1.002876 1.029567 0.970184 1.249133 0.806735 0.975358 
0.824440 1.113761 0.987120 1.112048 0.886210 0.907196 1.009913 0.814927 0.881107 0.909309 0.853333 1.076910 0.887393 0.878396 0.849905 1.257727 0.989867 0.899771 0.909516 0.817900 1.063533 1.081760 0.832940 0.894457 0.797396 1.129781 0.897853 0.822254 1.168991 1.084680 0.856826 0.993779 
0.815912 0.810961 0.808373 1.135021 0.909667 1.127843 1.029757 0.994737 1.029426 0.796818 0.887089 0.802890 0.963768 0.801746 1.030642 1.257727 1.198685 1.175163 0.979855 1.129842 1.007840 0.998454 1.225221 0.925380 
1.089664 0.979191 0.972919 1.180742 0.834073 1.010191 0.930566 0.814683 0.804493 0.918811 1.188152 0.884364 1.139188 1.132510 0.956993 1.257727 0.841579 0.975884 1.040663 0.832126 0.907244 0.828027 1.108291 1.041876 1.253842 0.794502 1.049826 1.074709 1.016647 1.256688 
1.237238 0.865466 0.812967 1.235250 0.905772 0.797598 0.823013 1.053030 0.840790 0.869660 0.889696 0.929089 0.804071 1.097597 1.194722 
0.796033 0.937894 0.826764 1.200701 0.829487 0.985441 0.893465 0.833775 1.143836 0.926292 1.014409 0.800490 1.095306 0.922442 0.892674 
0.806197 1.121183 0.840846 1.247341 0.846318 0.829845 0.801776 1.033403 0.930848 0.961965 1.068330 0.836414 1.200424 0.894477 0.866911 1.128454 0.807059 0.970222 0.807571 0.855521 0.853831 0.974702 0.871383 0.859461 0.797157 0.816374 0.963485 
1.128860 1.121387 1.096027 1.251112 0.864811 0.868614 0.820028 0.834175 0.849431 0.884260 0.905784 
1.086750 0.829219 0.830465 1.240839 0.884233 0.957026 0.993162 0.828499 0.885293 1.239042 0.930877 1.207015 1.138752 0.949312 0.908701 0.856247 1.139105 1.135088 1.027420 1.027910 1.069420 0.995733 
1.098441 0.880360 1.136189 1.237765 0.844198 1.183579 1.090169 0.877943 1.010027 0.839426 1.019360 0.894674 0.978239 1.005739 1.115142 0.863651 1.028112 1.184663 0.869552 1.201458 1.229825 1.085936 0.894082 0.910249 1.068542 1.196698 0.885964 1.012496 0.830718 0.914272 1.017023 0.943539 0.888716 0.825051 1.038756 0.825050 0.916428 0.922982 0.863034 0.994799 1.057935 
1.223382 1.158120 0.882653 0.883519 0.916646 0.949404 0.930680 0.949314 0.979707 0.996523 0.868710 0.847583 1.249504 1.097135 1.136742 1.232039 0.887047 1.212670 0.818325 1.240882 1.101378 0.827302 0.918823 0.997591 0.865695 1.088059 0.885005 
0.836992 1.152414 0.811219 0.851622 0.804319 1.153094 0.908886 0.850974 1.240274 0.877786 1.074015 0.925917 1.244981 1.106885 0.836630 0.899293 0.817371 0.836928 0.900043 0.943881 1.159190 0.813427 1.003627 0.807117 1.002656 0.889387 0.803558 0.890296 
0.821450 0.949272 1.154129 1.005060 1.227337 0.866801 1.028117 0.828493 1.075580 0.891718 1.250337 1.113320 1.235033 0.856968 1.161364 0.973099 0.830218 1.236419 0.987842 1.037334 1.075999 0.830515 0.814294 0.867402 0.949702 0.862642 0.808181 0.925547 0.881092 
0.857731 0.826327 1.222484 1.223115 1.256394 1.033531 0.822959 0.854087 0.844659 0.961749 1.104633 0.874920 1.005620 
1.256190 0.895749 0.830117 0.839792 0.873083 0.873313 1.196257 1.020898 0.913709 0.823130 0.831351 
1.256068 0.992965 0.819645 0.822142 0.852223 0.814201 0.944777 0.861775 0.811855 1.093453 1.125408 1.011709 0.861548 0.866187 1.129207 0.935034 1.115698 0.895969 0.805485 0.898598 1.055053 
1.248616 0.806492 0.944934 0.867684 0.852744 0.824619 0.805611 1.094238 1.203875 1.146984 0.909166 0.904641 0.814180 1.019296 1.097968 0.884668 0.846142 0.935073 0.872313 0.924437 1.096413 
1.237054 0.797691 1.132957 0.908470 1.043390 0.828688 0.804652 0.889274 0.892503 1.101098 0.971893 1.149357 
1.232245 0.903765 1.131744 0.906149 0.936314 1.077810 1.072987 0.825915 0.883090 1.035279 1.205091 0.912276 1.130944 0.903956 0.958352 0.916108 0.941117 0.978234 1.249999 1.202778 0.869704 
1.108366 0.992236 0.835991 0.855452 1.077221 0.967344 0.936917 0.897701 0.835280 0.837065 0.797435 1.246933 0.945694 0.818100 1.238749 0.827032 0.858946 0.850449 1.146530 
1.206350 0.974769 1.239518 0.903619 1.123214 1.255955 0.823426 0.896249 0.888550 0.859839 1.054924 0.875471 1.124245 1.095464 0.818207 0.886636 1.045694 0.883781 1.255961 1.148099 1.183857 0.932603 1.157667 1.122266 
1.223644 0.870957 1.193100 1.043345 0.799167 0.871306 1.140732 0.835884 0.942106 0.802735 1.179679 0.806164 1.246814 0.998788 1.081798 0.858775 1.020769 0.866686 
1.201740 1.112110 0.840591 0.831719 1.135311 0.918877 0.849671 0.825473 0.845739 1.238078 0.905172 0.890894 0.836502 0.885478 0.946452 1.072837 
1.213478 1.036299 0.832499 0.799537 1.056058 1.223165 0.901612 0.910338 0.841834 0.822028 0.795047 0.959445 0.834392 1.187658 0.896324 1.240696 1.199346 0.864153 0.795678 
0.991056 0.846199 0.886660 1.075664 1.257021 1.127576 1.229630 1.193978 1.020867 0.992830 1.035592 1.096373 0.805889 0.937547 0.991646 1.011453 0.916737 1.042543 
0.950153 0.806984 0.796461 1.012243 1.067500 1.258567 1.084854 0.979158 1.012439 0.843127 1.113077 0.875386 0.944770 0.933862 0.904138 0.929311 1.014120 0.897212 1.213750 
0.851798 0.822308 0.856768 0.938413 1.148560 1.255851 1.155371 0.824955 0.844173 0.871022 0.866657 0.915430 0.805548 0.797998 1.065336 0.992070 
0.894393 0.997185 0.941971 0.858869 1.236191 1.254000 0.810087 1.014763 1.068766 1.182958 1.149184 0.823221 0.998720 0.865731 0.862569 0.843649 1.095931 0.941847 1.043556 0.981505 0.870085 0.977445 0.923061 0.934252 
1.062915 0.914223 0.983703 0.907475 1.124297 1.257940 1.216184 0.946704 1.235142 0.965636 0.871950 1.144916 1.030868 0.864160 0.941693 0.812289 
1.146642 0.815551 0.890098 0.871729 0.895510 1.238027 1.013230 0.809013 1.152179 1.073578 0.896110 1.052205 0.972620 0.835566 0.832973 
0.832624 0.907472 0.885860 0.812676 1.218813 1.255298 1.094391 0.808690 0.795329 1.011654 1.031125 0.832136 1.250768 
1.174124 0.931299 1.233388 1.147222 0.826581 0.920871 0.967476 0.920683 1.169576 1.040311 1.086289 1.209040 0.917013 0.799438 0.807765 0.912019 0.899562 0.857387 0.976263 1.080527 0.798189 
1.077851 0.804989 1.176964 1.257371 0.914465 1.068854 0.796252 0.893865 1.227242 1.057289 1.158144 1.151205 1.020232 0.862583 0.912531 0.868575 0.880562 0.806975 0.887202 
0.906099 1.121659 0.833247 1.030443 1.057122 1.025172 1.224982 0.919181 0.951213 1.218743 1.005370 1.256562 0.844717 0.853157 1.204395 0.946337 0.839492 1.067034 0.819250 1.158124 0.976471 1.224899 1.242319 0.855797 1.116760 0.802711 0.886749 0.871606 1.205784 0.855129 0.839376 1.224807 0.932816 
1.234470 0.842196 0.861384 1.028627 0.970012 0.963650 0.815005 0.960624 0.989332 0.821732 1.067580 1.061740 0.921316 1.040929 0.841092 0.947679 0.959085 
1.248756 1.166455 1.091473 1.211939 0.949116 0.929197 0.976012 0.796557 0.835629 1.016698 1.070429 0.829037 0.833655 0.801946 1.093459 0.833476 0.858780 0.944073 1.052219 1.064745 
1.244373 1.017484 1.247048 1.139436 1.098123 1.026540 0.851864 1.027395 0.974030 1.008383 1.188063 0.946565 0.967615 0.931774 1.134687 1.248023 0.891926 1.200484 0.978183 1.013350 0.828758 1.209115 1.087231 0.957208 1.243319 1.121182 0.924338 0.992113 0.807152 0.986898 1.017156 1.023361 0.808215 1.054182 1.091117 0.907224 1.067740 0.904100 0.916903 1.131700 0.970221 
1.119713 0.836994 0.901804 0.808758 0.923725 0.872626 0.943660 1.165932 0.871495 0.892554 1.034395 1.047320 1.167086 0.804828 0.846822 0.936509 0.918712 0.815292 1.099452 0.864562 0.979125 0.923109 
0.928039 1.011147 1.213212 0.820836 0.872698 1.244568 0.950294 1.244392 0.876263 0.946082 1.030297 0.933941 1.255146 1.035868 0.886528 1.041364 0.983687 1.111722 0.899386 0.994864 1.107926 0.866681 1.063866 0.825176 0.833662 
1.257506 0.838223 1.160405 0.901156 0.903055 1.246499 0.967805 0.834998 0.891736 1.043185 0.880848 1.111555 0.858004 1.163830 1.068088 1.049603 1.121188 0.794375 0.890990 1.203809 1.113463 0.948102 
0.794962 0.820329 0.815132 0.901285 1.128849 1.228919 0.799302 0.889123 0.935878 1.167200 0.922374 0.860158 
1.156278 0.939750 0.860837 0.965718 0.866317 1.256439 1.057146 1.256105 1.044612 0.872419 0.955343 0.801174 0.800927 1.085265 0.801383 0.865379 0.925177 0.841591 1.069039 1.080004 1.074419 1.155156 0.826877 0.817396 0.840921 0.957428 0.889097 0.971223 1.107884 1.183494 0.806343 0.872545 
1.258335 0.997927 1.020145 1.102703 0.887700 0.971150 1.236780 0.825717 0.996879 0.978491 1.042270 1.077198 1.028597 0.865854 0.858793 0.811069 0.845311 0.868729 1.200183 1.177502 0.948986 0.960465 0.806577 0.866188 1.081870 0.993500 0.977571 0.891816 1.044527 0.837894 1.250344 
1.203895 1.042430 0.950792 0.811932 0.803148 1.257827 1.081261 0.864297 0.915194 1.095232 1.116782 1.169986 0.848007 0.973103 0.914638 1.043315 1.186335 1.069669 0.922949 0.910795 1.054182 0.804080 0.865128 0.896295 1.052319 
1.234970 1.084858 0.988776 1.167178 1.095104 1.117437 0.804961 1.132199 1.055571 0.855966 0.894373 0.887872 1.227520 0.884148 0.824809 1.120193 0.860370 0.803877 0.919024 0.984143 0.865771 1.106481 1.123406 1.255609 0.859902 0.797020 0.858885 0.940675 0.817269 0.959217 
1.248299 0.814637 0.966882 0.856519 0.799630 1.034669 1.081122 0.848781 0.935555 0.960734 0.855828 1.209647 1.039346 1.168863 1.045535 0.932930 
1.247046 0.801378 0.924391 0.885392 0.875875 1.135504 0.820907 1.123460 0.878303 1.120636 0.996009 0.995565 1.215104 1.248668 1.143201 0.838005 0.819267 0.835898 1.239462 1.155377 0.848036 1.040623 1.181421 0.941840 1.202438 0.812092 1.049984 1.051823 0.852923 1.170525 1.090483 1.222493 
1.248407 0.879817 0.824942 0.975291 0.943455 1.130276 0.913184 0.872394 1.049287 0.890169 0.805300 1.208248 0.822165 1.089007 0.986184 1.077281 0.890316 0.798628 0.866805 0.875059 0.908766 1.127804 0.996899 1.102661 
1.247113 0.865220 0.897174 0.833100 0.916261 0.870576 0.951776 1.253811 1.162950 0.930457 1.051896 0.914363 1.033973 1.178710 0.905403 1.121269 0.841672 1.108414 1.176620 0.879213 1.049962 1.146062 0.917669 1.105109 0.863993 0.868759 0.966485 1.016071 
1.256162 0.863616 0.891466 0.989527 0.839754 0.796391 0.931639 1.234184 0.824168 0.810552 0.932874 0.810478 0.829025 0.901864 1.137535 0.835320 0.927519 0.822216 0.999424 0.949309 0.863643 
