0.000000 0.029688
0.000000 0.059291
0.000000 0.029199
0.000000 0.021203
0.000000 0.020118
0.000000 0.035950
0.000000 0.079411
0.000000 0.027505
0.000000 0.031081
0.000000 0.033809
0.000000 0.035866
0.000000 0.018224
0.000000 0.043551
0.000000 0.034310
0.000000 0.038696
0.000000 0.026269
0.000000 0.032457
0.000000 0.016730
0.000000 0.048934
0.000000 0.031280
0.000000 0.018467
0.000000 0.075792
0.000000 0.023699
0.000000 0.128625
0.000000 0.026645
0.000000 0.024052
0.000000 0.015170
0.000000 0.043021
0.000000 0.102855
0.000000 0.048996
0.000000 0.023528
0.000000 0.024820
0.000000 0.021902
0.000000 0.027692
0.000000 0.024065
0.000000 0.023259
0.000000 0.043088
0.000000 0.017505
0.000000 0.035610
0.000000 0.017669
0.000000 0.027382
0.000000 0.030405
0.000000 0.064364
0.000000 0.012633
0.000000 0.016314
0.000000 0.018539
0.000000 0.032901
0.000000 0.029654
0.000000 0.031877
0.000000 0.021684
0.000000 0.039334
0.000000 0.025148
0.000000 0.026480
0.000000 0.017074
0.000000 0.052465
0.000000 0.082380
0.000000 0.024216
0.000000 0.028250
0.000000 0.023726
0.000000 0.014614
0.000000 0.027531
0.000000 0.023343
0.000000 0.019619
0.000000 0.039374
0.000000 0.038711
0.000000 0.029185
0.000000 0.044488
0.000000 0.039193
0.000000 0.024777
0.000000 0.018139
0.000000 0.017283
0.000000 0.025667
0.000000 0.025686
0.000000 0.029810
0.000000 0.032397
0.000000 0.023693
0.000000 0.028709
0.000000 0.017355
0.000000 0.048730
0.000000 0.052755
0.000000 0.082883
0.000000 0.037226
0.000000 0.015509
0.000000 0.023087
0.000000 0.017532
0.000000 0.027348
0.000000 0.011451
0.000000 0.021721
0.000000 0.023430
0.000000 0.025417
0.000000 0.065052
0.000000 0.031480
0.000000 0.010812
0.000000 0.027870
0.000000 0.024506
0.000000 0.072062
0.000000 0.047532
0.000000 0.017137
0.000000 0.013381
0.000000 0.020573
