 75.129382 852.158494
 41.155469 856.275492
 56.106195 855.635251
 58.831707 856.550077
 65.548114 851.815114
 62.486697 850.342244
 59.558304 847.992334
 83.898531 861.970367
 70.587342 857.095667
 65.211329 853.310297
 33.834804 856.003354
 62.614640 863.413447
 47.973132 862.615338
 41.630045 863.849899
 37.793068 852.328971
 78.358741 858.454513
 62.296289 844.897603
 39.744215 841.902747
 50.790482 843.900282
 64.115743 869.703800
 74.175104 849.097039
 38.927285 863.406853
 59.873544 858.861747
 26.409283 844.618467
 78.801057 844.615495
 60.962143 856.366928
 58.415998 854.447255
 56.472638 855.416679
 35.398211 868.387464
 29.835702 858.019670
 40.862114 861.271896
 63.049606 861.147370
 46.256214 848.683910
 59.473225 853.101464
 40.822812 859.268868
 62.042199 858.325100
 53.517729 857.837494
 61.982879 848.769506
 49.229897 860.980744
 73.643608 854.695378
 67.736664 862.791893
 60.412139 858.283997
 25.754852 851.581122
 47.885129 841.900599
 51.370124 850.481910
 50.688313 851.974840
 38.226328 854.992396
 62.258449 864.838131
 77.782834 852.989121
 61.941469 853.592953
 51.640245 861.379292
 80.308045 847.037260
 44.787925 861.336771
 70.653600 848.658775
 45.418572 856.938307
 40.215272 859.580745
 72.853855 849.158528
 38.926440 855.271296
 60.102226 844.711692
102.849793 854.646769
 81.117345 854.349311
 77.926061 846.622995
 76.512253 849.715702
 41.340067 847.784895
 28.869944 851.810000
 59.394207 854.918734
 65.757116 861.144438
 39.523239 859.670685
 58.890609 851.144369
 46.522963 860.406877
 55.148503 853.668246
 42.117020 852.930281
 46.551529 857.409040
 58.615093 857.283032
 50.413352 850.462499
 51.617822 851.025551
 48.939623 852.631309
 61.436104 851.944176
 55.316476 854.228405
 54.980921 852.378159
 45.089610 861.656966
 68.319862 867.726980
 42.306580 849.915334
 86.703945 858.534965
 43.105041 857.663401
 51.306862 854.198665
 86.835499 857.749386
 53.647887 852.781255
 71.384616 853.779040
 58.610574 857.447919
 40.896913 853.556147
 76.095312 849.709855
 67.051543 860.861995
 55.957364 850.002598
 78.357296 857.973584
 38.267713 850.485266
 73.882313 856.766879
 50.629043 845.957184
 60.814448 846.367803
 55.487559 856.876982
