77.141927 77.706170 90.043681 71.997716 92.823829 90.646646 94.937273 81.312238 96.903472 87.795443 72.603572 87.050285 84.480444 87.953032 85.384069 101.684738 75.226546 95.133570 95.067923 68.910204 73.018189 95.284903 88.428815 80.098437 73.466242 92.689419 68.962332 86.077275 101.172776 
69.294045 72.186025 89.925650 69.344529 73.947415 101.522273 94.943791 95.624827 79.510810 82.396674 80.967579 84.013514 
80.144332 79.563479 72.923278 68.182711 82.461411 68.552072 96.069174 68.343858 69.685567 74.636927 93.879762 78.306867 85.014394 71.476100 96.836959 76.065540 69.476860 74.817735 
101.023134 76.874493 92.503621 79.295364 78.018077 99.088148 71.716870 68.597155 79.368376 95.531476 76.838732 79.434910 79.644107 72.089670 76.609543 87.777246 79.361307 100.899087 78.148201 69.056625 78.353711 86.759519 101.762612 91.798427 95.464635 86.623310 101.008118 78.594527 
81.284522 79.546887 72.551367 73.758493 97.135490 100.661510 85.790153 77.456848 72.644996 68.310852 81.765029 93.258107 74.947585 78.873506 72.658466 71.638544 75.524136 86.958888 71.771506 75.390624 80.107097 81.291238 86.315301 71.764338 78.250420 90.144295 73.416726 79.257570 
76.253201 95.033683 72.128416 99.112900 73.213965 100.537872 89.311413 77.653184 80.494070 75.561197 72.576550 80.232152 79.721606 77.591447 99.608335 68.527108 76.013073 85.193461 71.070699 89.413399 88.308811 100.977634 
77.988522 98.108394 72.887226 80.549527 84.310827 71.958265 68.258338 70.419622 70.400310 100.791057 87.360367 90.220931 94.923249 93.736974 71.857338 71.531937 83.115854 71.809028 
81.918697 79.300468 74.327714 101.212670 86.685860 80.175948 73.573404 74.409609 91.381726 68.296533 71.695121 95.943618 74.200829 97.262404 80.684552 68.892273 97.644645 70.692096 73.040150 91.561111 91.058592 72.709329 80.403558 73.282886 74.700587 78.938272 92.804900 94.895447 83.950070 80.063989 
69.314925 81.285246 85.182240 71.605298 87.273695 97.565097 86.033088 68.560252 75.173684 93.789537 71.128468 90.269213 89.213365 70.235736 100.236706 72.912953 94.906784 86.244666 90.717257 81.972061 75.123774 78.001047 84.113766 95.993752 79.482287 68.230972 
68.798480 75.354949 97.444545 70.838951 75.726564 100.226055 82.589934 77.319409 93.045169 69.246182 73.313565 82.208648 82.614024 83.376507 83.624095 70.077654 83.440940 79.082380 86.988254 70.925183 75.817787 96.483329 
76.492351 69.075772 89.727714 71.082185 92.455995 68.696802 72.555334 101.501916 69.644118 69.980492 94.618948 81.043561 71.535729 87.564376 
88.722658 84.862196 79.344108 71.082185 100.830972 86.850319 77.524232 75.829143 79.478372 70.053344 96.302653 81.215104 70.034537 93.269696 76.083834 91.866325 95.202354 73.548399 87.001215 84.057503 95.151657 94.367052 92.233762 79.366986 80.841773 93.450545 101.605781 
75.675473 76.172789 76.322663 71.109206 84.110883 97.860135 99.362842 69.897017 72.676597 91.105350 81.492068 97.033602 69.554502 75.451580 85.204920 
84.760197 98.103004 84.715740 71.991527 91.382908 93.310536 76.208585 92.794467 78.599718 92.984939 68.780482 80.401698 73.736117 96.773933 82.871281 94.296520 
73.988640 71.327375 85.086598 72.990489 84.737070 85.928112 75.576109 101.280076 97.327147 71.835160 99.918776 92.842905 80.991765 72.625318 96.537047 
72.400333 71.718191 74.794826 75.346726 78.228476 92.903899 71.289962 91.590315 95.279769 89.572467 81.829200 78.394062 94.523371 68.170301 96.662543 84.710384 88.137027 89.766857 101.093507 74.442831 68.262190 97.685256 76.400556 76.660828 72.166117 83.633794 77.216134 79.260824 69.654822 87.516367 89.703179 
73.207970 70.924656 79.753018 84.721835 87.680097 86.779331 81.025250 84.051298 84.900053 97.202801 74.737212 99.463109 94.468773 83.291627 76.506794 76.706674 89.490609 69.110910 69.582953 82.408219 72.316846 76.261890 
89.293375 89.546460 69.071742 89.930358 85.383376 85.815218 75.597626 71.337593 87.093076 77.376020 101.605206 78.349507 86.477349 75.826373 75.754523 91.003939 
70.063805 101.326072 73.498143 72.552083 72.326410 93.986280 75.160780 80.512185 83.022084 74.074207 99.629671 91.020088 75.353794 99.801423 
69.747508 79.563437 69.268500 73.789859 80.270606 85.581034 85.205827 68.955638 75.156229 83.660930 100.618547 81.897850 75.252399 71.765015 95.006706 69.872923 101.156005 86.627924 72.016595 74.386910 
99.927286 82.815827 69.261907 75.024758 94.519848 98.472822 69.824114 87.785714 68.514959 87.255743 93.626828 75.075332 88.350825 78.165954 93.335886 82.865490 76.899189 91.404226 87.929318 81.002394 79.403663 88.256474 91.610643 77.150535 74.232711 95.697982 81.743034 78.378007 
101.908025 68.782064 72.837740 85.899724 81.166212 70.205058 84.622759 82.881619 84.213730 98.605899 99.525842 
71.267145 68.605140 81.540076 97.467583 80.500468 72.574577 91.524294 91.675128 79.659094 77.860126 100.696951 82.973025 93.985646 94.940979 84.149851 83.339438 93.198634 93.756047 87.655617 96.723630 80.517145 82.590125 78.508433 
94.397425 71.000552 83.004320 80.416630 99.420925 74.052040 
70.778164 71.129814 89.760735 87.224848 72.399920 89.909371 89.686332 77.217366 79.142541 71.555478 89.114577 88.858733 75.327021 70.398735 79.156374 84.752909 69.361874 77.855361 71.568504 97.936306 87.402759 79.777081 80.763433 71.170701 89.689597 84.241931 88.819950 
73.859727 93.955363 71.267936 86.432242 93.399890 81.860731 85.108051 87.099207 72.127680 98.124550 92.680014 70.335479 100.004581 70.672408 85.654302 72.305207 93.399679 90.127727 84.302888 68.318953 87.371109 73.040785 78.472510 89.138244 70.692921 
96.435099 92.571118 70.250755 73.472539 82.056402 79.028511 95.263031 84.077509 74.852012 87.682602 72.014634 84.220712 101.983091 73.449863 82.360350 84.594723 73.250605 79.539727 69.441188 100.241278 92.008926 87.919508 75.096790 84.069113 86.605780 
84.599071 90.895416 91.628954 92.429966 96.027311 70.070343 72.489794 69.270433 78.633867 72.275573 98.822029 68.627968 69.473445 68.401741 95.578692 69.626769 76.236125 88.485418 73.888490 89.408792 
72.826556 89.153564 81.919344 84.892478 70.687869 69.858583 82.086748 77.585550 79.529045 84.726207 71.109378 70.121561 
70.499163 68.974849 91.796868 71.935788 76.344807 73.367627 76.411591 81.880739 77.337096 80.939161 85.995517 100.463712 79.185082 
69.582915 72.364960 77.542062 69.051860 70.608029 100.409916 74.129062 99.271344 71.164602 93.973867 73.437183 73.525074 99.970642 100.996917 77.615397 68.971289 79.997324 79.516644 81.209716 
95.799533 68.298677 69.328837 79.780894 94.786084 72.760596 85.709388 70.582277 76.834918 84.249728 83.521058 84.386627 90.717322 85.230695 78.832423 68.747041 101.894281 94.177888 90.131009 68.108427 83.308860 86.093985 85.978874 68.207440 71.895911 81.860293 
76.409283 95.214176 80.131552 70.920293 70.949080 85.578181 78.656033 70.858920 77.800037 71.510618 98.195967 95.121996 68.214862 75.555961 101.417777 87.284195 80.525129 87.097606 79.473936 87.853360 86.770085 90.581414 80.426705 88.740353 87.183005 
85.195148 73.132512 68.779963 90.120681 79.023457 95.463890 76.265727 90.556942 96.818288 77.864961 70.543519 69.804422 84.299310 84.300699 88.347539 84.178113 85.617628 84.375718 86.898034 77.055592 85.394997 92.312596 
68.227571 72.206312 101.219231 68.463664 93.192697 93.085556 86.685721 73.965258 69.448446 70.680590 88.569343 97.633321 
81.672146 74.104134 96.430614 92.030465 82.187205 69.903641 97.795849 96.700486 78.484705 85.352633 81.025904 74.292179 88.783989 79.247673 71.869078 90.765744 94.039520 73.077090 70.163178 93.912382 68.596432 100.856606 78.260723 
96.268875 99.075491 75.444555 98.107004 82.902341 72.399549 71.232368 73.669612 85.142881 79.011574 73.915457 70.483604 80.126171 82.114032 97.905342 
79.865891 68.394940 88.759918 76.021078 75.167320 92.989160 72.435367 98.375402 83.952790 81.831338 74.009896 94.288781 89.548702 77.350112 96.416805 99.502935 82.769843 69.883810 101.016758 94.234715 90.485456 86.866673 70.000864 80.353273 79.630481 86.836717 
79.249829 74.112916 69.582512 98.666121 95.457039 84.191636 73.330065 100.564328 68.524339 75.631612 78.067982 78.410935 89.085362 72.257208 94.240337 80.408146 82.146766 78.712460 85.325405 76.977658 
70.101662 93.805530 72.560533 99.135799 68.894130 71.707537 70.183254 91.346112 97.854283 82.313700 85.341584 73.547452 81.776792 81.409824 74.630489 87.523511 83.090110 72.814830 98.168661 88.202143 80.314336 87.770843 76.116378 100.016578 88.070723 97.172742 87.614301 68.799070 83.949218 88.172087 
83.571504 75.176792 101.533660 95.649130 90.008067 94.504310 72.298577 90.088814 94.806227 76.312406 73.169516 75.635004 75.452469 81.044420 96.421353 85.174998 68.080174 72.894074 81.065596 72.336942 80.147215 92.234368 96.535529 72.947224 78.641598 
95.268646 73.757220 73.880834 90.706929 80.377524 85.035010 83.328085 84.177233 85.793805 92.104946 83.058983 94.096437 88.216600 81.920611 84.940327 97.241676 89.172352 86.718008 85.421102 70.685093 83.336785 69.616795 99.568076 82.106928 
100.384426 96.182382 75.011792 68.448786 76.089759 86.868337 81.562301 80.115734 89.381351 
73.938586 68.035333 70.116557 84.274577 80.917245 93.761834 96.935712 101.775091 88.009513 69.793618 99.696471 85.449104 69.234561 81.772911 79.167520 75.530240 80.065909 87.387321 73.451400 73.207859 73.989406 79.247810 81.439151 
95.070832 73.728147 86.428362 86.506570 68.765877 93.476057 82.405841 86.994647 99.665356 79.948886 87.427691 84.497330 68.799376 83.626349 69.037309 69.255062 70.455473 84.484156 85.568834 72.348975 84.062566 
76.431490 76.573076 83.219559 76.937325 100.339401 72.097199 69.404577 74.004392 80.736905 98.469493 101.221099 101.209800 81.111522 88.154837 78.079439 73.948292 85.589237 87.824884 92.023811 
79.460318 68.384867 74.118979 84.629961 68.356118 84.035949 77.901251 70.084969 71.575437 91.500582 78.604341 99.409745 88.784822 94.364336 
73.650078 71.451544 76.909184 69.368178 75.727937 88.217094 79.666500 87.176884 72.663365 84.097234 91.121640 93.878423 90.365855 93.627354 82.076125 87.420535 94.105911 76.966229 78.304024 79.452567 73.835647 73.264355 81.903610 
68.902115 71.381048 100.053795 72.732399 93.766580 99.710582 78.366838 75.804610 93.230266 89.235132 88.209368 75.225241 76.776457 96.591420 82.312779 69.609841 77.991191 81.033489 92.080856 73.252808 71.102181 83.268246 96.111236 69.022310 89.723030 84.764603 89.278706 96.165463 
72.649736 70.434715 91.915658 81.431258 86.924720 101.696848 86.443644 91.304600 69.414217 85.605658 69.240564 89.819384 91.608480 89.391629 86.516755 94.631166 85.680708 86.904342 68.369786 71.283708 78.747383 70.097159 72.854659 
79.254151 70.612245 79.841057 77.772435 98.311622 84.773660 82.504022 88.120315 76.030766 90.366939 72.158961 89.585522 91.627220 69.791008 81.605348 83.529204 80.560425 100.296862 86.601252 
89.522057 94.874356 69.214410 95.167919 69.508400 101.077776 90.227190 71.029308 94.667716 93.074206 71.389869 80.324202 68.670182 76.308802 80.954585 71.299796 87.180197 89.711430 88.354010 73.420273 89.038257 75.133651 74.767538 84.077414 84.364309 72.358685 87.372614 71.058088 84.796229 77.239854 76.438253 94.919177 
93.388686 96.386471 72.305265 97.120204 92.054176 80.920090 78.614154 69.709493 78.671090 94.317626 83.807835 78.225250 92.941762 98.879632 68.090855 71.489791 88.887242 91.185547 95.370629 83.828773 89.253268 87.623111 83.707588 91.230475 
89.573021 85.223094 69.058151 68.777833 69.736630 87.475363 75.930381 80.979074 101.437566 85.767935 82.109680 101.489163 82.078199 78.238834 89.923769 70.477634 94.328292 82.069032 79.137044 75.371247 68.177479 76.436976 76.657765 72.265545 84.885238 91.683912 81.324705 87.134815 78.558338 83.015445 
74.539280 74.844730 83.591223 72.870952 82.058764 76.550271 70.522318 94.179342 97.795581 96.651854 81.582863 87.404962 92.133042 80.396841 76.417731 
88.716495 80.483479 75.194812 73.885809 85.875926 92.645645 68.541228 92.694282 83.996904 80.110055 78.365301 93.885150 74.021570 87.701533 85.462268 
68.314065 91.781469 77.636677 71.452155 101.282016 76.429542 68.261167 94.648353 68.449976 87.401271 98.808320 82.455769 92.011677 70.152710 94.594416 77.594620 82.142911 94.898469 101.984794 84.843104 88.930129 91.347270 93.799225 75.729594 88.348677 75.627320 97.183553 
85.273092 81.543313 80.435107 72.793917 78.689170 68.090060 74.202156 87.517963 74.166165 93.685612 85.961880 
95.653587 70.953656 72.639289 70.260488 73.532294 68.910729 82.284220 75.833152 74.703881 82.104498 83.503367 82.574896 88.338541 75.047587 81.493335 99.125644 85.072154 72.175890 92.029327 83.227606 70.502565 72.272174 
77.986264 78.783144 88.568884 70.914338 71.277592 87.994943 72.077048 79.036903 80.142434 82.890513 77.590004 78.702819 99.092501 90.732746 82.166427 95.932309 71.022233 84.215353 100.493350 85.729204 88.183909 69.482828 68.947343 74.001478 88.636882 97.997932 69.199880 70.216347 81.207479 86.147608 86.246523 85.104761 69.912164 76.613189 89.790446 74.742559 80.956483 89.455576 83.270836 73.903356 97.556852 
75.216170 98.375742 70.533509 77.217530 76.884144 68.890893 72.077048 83.221726 77.613513 89.216712 74.569770 77.704496 71.912736 76.595821 84.370350 78.031801 78.399420 71.801534 75.144945 75.780815 92.906536 99.379235 70.137211 77.287024 78.635681 94.796922 70.007378 
74.470997 80.829252 82.890328 69.507691 80.369272 75.803980 68.579907 71.033904 94.327692 76.646098 86.862303 80.090198 70.128206 80.697996 100.517155 95.784774 75.102514 94.602898 99.146508 82.137519 85.032248 96.426630 92.343576 74.104921 76.724713 82.855073 75.808583 96.970330 
78.086882 97.446332 76.806866 81.775587 79.929505 86.777942 77.282594 84.090624 88.030945 88.076000 85.291117 72.071929 70.933585 99.119795 77.787928 69.529820 68.547320 72.527458 91.470395 85.749055 84.953663 75.335747 69.611572 91.317388 72.506612 80.136395 84.887236 99.354794 72.901736 
94.271048 75.840655 80.798555 86.856897 68.696940 84.180409 69.848518 74.488525 99.170599 83.605121 94.367367 93.545948 96.551222 
70.657623 87.182783 69.760442 84.996734 74.026080 87.915827 92.297638 93.724559 80.928721 100.082352 79.223682 
71.927106 82.895598 68.696385 91.502799 73.690233 76.470142 69.398167 86.412261 71.523205 71.961833 88.707345 74.354115 87.622956 69.420219 70.459388 74.056511 75.327303 84.350244 92.368444 83.773744 86.516080 
73.067534 76.328639 77.255558 101.174463 75.056074 73.643206 90.468892 86.494895 92.671221 83.761781 70.188158 81.171283 90.403818 74.468517 77.340083 94.613889 69.289185 72.353736 90.520066 89.560103 76.868622 
70.143356 100.624564 76.310557 87.666534 80.322377 76.254158 73.138660 72.463767 69.066319 79.306277 81.061889 84.693723 
70.457438 76.628206 83.834144 72.888356 70.821448 83.586085 84.946444 88.472560 71.082805 72.851764 89.414352 73.543752 92.740409 92.906098 84.708433 79.534670 95.312668 86.169372 84.405128 68.493291 79.914095 
89.594843 92.681681 72.137304 96.278697 71.153307 82.111103 71.671231 101.521794 82.345370 91.056195 81.215713 94.309178 95.035860 80.058319 70.194489 69.289137 70.225577 79.120365 91.240551 
83.845896 69.539888 72.251208 73.976718 99.519321 88.442909 74.702117 83.813174 71.470261 77.285612 71.739113 87.251834 85.598165 97.327453 100.807593 85.057035 71.215485 80.240104 71.943399 84.253008 81.606907 100.864064 87.662982 96.924151 
70.857137 81.450961 88.452156 100.992390 83.756420 75.676591 96.671396 70.003010 70.879844 72.061682 71.967829 93.972244 92.321516 92.450731 71.915376 85.304692 69.763142 82.804805 
75.412814 88.811733 99.024429 73.257252 90.203881 94.134944 77.402569 88.714656 69.577466 71.677675 89.186878 87.343105 81.388568 76.795893 99.616837 72.960729 
89.991384 95.575381 95.427708 79.054881 83.470941 73.993398 85.976771 84.761418 69.377278 74.557757 99.764374 95.134620 81.207686 83.330099 74.989062 73.714208 87.498559 77.983578 84.230454 
87.426898 76.127567 68.349141 77.703182 70.591447 85.946820 74.476464 98.386529 68.181970 79.416613 93.138714 99.462864 98.123113 79.334303 89.391770 89.625224 83.470214 94.702020 
69.821008 69.145752 75.762298 75.501184 92.279555 70.660351 76.372927 90.287697 88.229014 101.817844 94.032468 94.090648 76.725665 73.764483 90.814802 96.469119 93.931870 77.544272 82.829707 
69.000873 80.940924 82.610985 86.371080 92.350611 69.422058 79.916294 73.815921 74.930354 80.971756 78.196501 73.755899 93.523465 81.896547 68.005000 73.360618 
70.167666 69.619477 92.569020 74.049025 82.885003 70.209080 77.598343 83.926242 80.274714 75.793881 96.495601 95.898881 75.024229 84.586799 99.911475 73.152061 90.806166 90.914766 86.922577 80.437675 86.255069 72.933069 83.276404 74.932326 
85.504992 75.979215 71.826859 91.855426 94.071481 73.141764 94.600791 73.928902 95.428077 80.852964 81.192836 80.368495 68.635362 77.006161 98.071314 79.282879 
81.384009 81.810464 69.638658 79.287506 101.287680 69.528993 68.832691 71.538730 79.830962 86.877031 86.815202 69.137353 89.446767 79.534656 91.362589 
73.610059 69.083762 85.596975 99.889941 71.185841 70.501364 97.224767 81.467108 72.834234 71.046418 75.907675 81.388647 69.893926 
87.653064 79.082173 72.293495 86.871147 72.637328 79.969151 80.547594 70.466111 84.677775 88.184442 82.932558 84.043715 91.633277 101.467509 82.606718 99.298254 80.355857 85.921676 84.457919 73.982741 79.775146 
92.659894 75.930157 87.158620 76.275885 73.642352 80.384912 80.021290 86.752273 72.673042 82.262910 74.677150 78.711424 88.681285 90.057595 70.329656 92.476115 78.297110 85.208159 83.547241 
69.930812 68.529163 88.064806 72.603451 77.112373 96.680673 71.485707 96.115486 71.656832 92.359045 77.869960 74.216838 83.206933 72.152814 91.358977 101.760129 89.621793 68.722932 92.993350 76.552581 70.703259 84.189251 73.842694 73.832390 87.709192 101.376812 75.696883 79.129944 71.784784 87.601266 94.422650 93.517842 96.472490 
69.647733 98.262300 76.798811 68.332627 73.579016 96.591005 88.706266 73.120364 70.547413 80.188442 90.704600 68.923471 69.252207 86.867501 82.847788 75.199526 68.855859 
72.198619 82.830962 69.168831 84.572396 84.087641 69.360929 73.983368 88.840953 70.598033 93.975656 90.292510 79.775766 99.799469 71.810319 91.636479 87.521564 83.464556 101.591244 83.827385 91.781115 
72.359860 74.500843 83.084372 82.851882 79.018954 83.949417 73.650951 72.990519 87.524669 80.791992 87.674658 73.745930 94.942552 68.119652 78.772310 75.179624 96.513348 68.826560 93.596245 87.510430 78.479062 80.573456 80.948858 80.280653 82.438521 69.403182 73.239615 76.665892 70.175368 69.418091 83.445771 72.006164 99.571112 75.069871 93.357376 83.832255 80.419234 96.935791 77.932522 87.573680 99.171918 
78.469023 72.618510 74.686073 79.188955 81.404953 73.538567 101.153098 71.720876 96.407189 100.876532 76.908460 68.948425 98.959494 81.909238 78.094227 68.612906 101.056421 75.649207 73.663275 74.357137 75.906861 84.838632 
68.623336 96.681878 96.779993 79.476707 69.153087 79.884093 73.509806 70.835668 93.809514 79.830896 88.453460 71.847622 83.162773 83.487055 101.818419 87.470324 87.139536 79.345530 86.310725 73.092727 84.790629 69.280390 82.189653 73.384678 92.875065 
81.521516 75.177944 75.511660 80.098443 72.627992 73.104819 94.636219 100.969432 90.071336 68.724664 85.388804 86.093239 82.892256 81.862879 92.365831 91.335391 95.456659 92.320362 82.165755 82.331631 81.444163 79.563650 
84.146224 85.387237 70.868855 98.459392 96.205209 71.601155 73.425144 93.357336 85.895674 86.252991 100.836925 77.936633 
70.226554 93.266610 88.407205 79.018035 95.114651 71.022012 94.787862 83.214280 69.792241 71.683737 79.902322 98.601055 70.381933 80.889885 79.190025 75.169240 76.068496 79.270871 73.677618 89.028423 71.086392 87.249144 88.858646 82.756360 81.752961 94.799723 76.537976 82.522720 74.358162 97.098573 80.520876 72.127526 
70.693390 83.670213 87.065911 83.985016 73.365618 84.889917 75.111287 69.768708 90.034373 68.217911 82.090828 87.101111 85.397021 98.926510 91.974213 100.908771 79.072952 73.679188 96.859579 92.543320 92.486826 86.230595 84.569955 74.899066 91.650707 70.397893 95.145383 79.323092 89.622713 81.043054 81.906749 
69.846268 85.301141 96.105563 68.453824 70.617935 71.632225 98.729059 69.025031 83.140896 93.098760 78.421540 81.062040 99.161338 89.041093 74.737604 75.938283 68.300955 83.166081 76.403467 80.969547 86.674287 86.076530 78.647936 86.238498 74.220489 
69.435403 90.139570 82.465085 86.582027 82.022390 75.200041 78.053711 87.686615 86.117077 69.082646 76.004227 98.555778 97.901351 74.860321 68.841055 88.348811 81.169905 99.512860 82.760692 83.462923 78.730078 97.488574 82.300910 84.000873 94.390060 71.883410 84.711552 91.793850 80.339467 94.415330 
71.075921 76.684687 82.078994 83.541436 100.937447 98.268512 82.747034 75.031401 72.344202 91.158596 69.480197 88.920818 79.103010 96.105886 89.470128 75.786191 
70.673002 90.968528 72.110798 72.141637 81.796577 74.171256 101.465426 80.474866 68.368898 97.358381 69.044891 74.359168 82.475825 94.564617 88.958565 98.938043 86.353221 75.607328 72.903453 89.274082 80.475545 84.579080 89.612392 83.246995 75.754457 99.124577 74.725494 82.761427 68.634839 85.906250 99.641602 80.588861 
71.050650 94.870339 79.053423 75.539112 100.869558 76.260459 68.937528 71.609028 78.169489 80.387667 81.453254 89.613116 76.643442 87.321878 98.210891 94.140521 90.063916 98.891658 79.038254 83.338783 74.930178 79.419905 93.733487 87.363627 
71.342084 92.364018 72.214094 87.853006 83.954696 92.820492 70.020392 96.750923 83.885287 77.725797 74.785481 97.882984 79.807299 72.805149 79.334325 91.408160 94.784336 78.519686 81.702053 82.643447 88.865617 82.384751 90.572982 95.691438 101.451550 80.373574 99.837702 75.892022 
72.090162 77.041400 68.997042 95.777686 90.007583 93.547097 70.434939 73.681648 86.558158 73.882424 69.871999 68.673063 74.157058 83.522414 71.642078 69.879009 80.225081 98.930896 93.043540 85.421820 81.486080 
