36.006594 31.782440 30.014226 33.574896 32.443335 34.318174 32.412451 32.437342 27.295284 30.153541 35.304993 31.384303 30.355013 34.486314 35.060341 27.890965 37.330842 31.196858 29.317391 34.039332 39.915671 28.345484 32.380763 30.657610 33.637012 33.030323 36.511466 35.179399 28.484489 
40.384510 35.171036 32.817972 34.918724 37.642522 27.746771 29.390087 29.597187 35.400724 33.056885 30.654338 31.282230 
30.568023 37.794720 37.803728 36.498817 34.459850 35.663502 30.136457 37.599639 33.892548 32.728829 31.608149 35.424795 34.444214 36.410573 30.791964 38.901877 37.451466 31.782865 
26.677842 36.382660 32.885751 32.997755 32.979527 31.059968 37.635258 37.163139 37.452806 30.217291 34.815221 33.914198 31.134143 36.673059 32.425623 34.363856 33.829978 30.304623 37.766348 35.440813 31.682815 30.732146 29.822614 31.398765 29.666037 29.059748 29.157225 37.727256 
31.749403 33.975018 37.315970 33.214057 27.824553 26.877742 31.529188 31.844186 37.080920 38.105015 30.918940 29.421125 32.866747 34.306131 33.352123 37.935064 31.532629 29.498668 37.094868 34.014994 34.337156 32.110466 32.711578 33.611888 32.994655 30.962634 32.601232 34.749450 
34.989722 31.675845 38.423143 28.520059 34.140887 27.071212 31.682673 36.353204 36.707648 33.684465 35.902829 34.334233 33.909691 31.261232 27.356798 38.363776 32.989811 33.949189 38.406677 33.285200 32.698841 29.034573 
36.630216 31.477743 38.382259 33.428410 35.935652 34.820398 37.261847 38.082759 40.178418 31.058837 34.127227 34.212954 27.802321 31.764036 33.609535 39.178473 30.372037 39.925740 
31.557696 37.715202 32.337711 26.596105 30.623396 34.874439 36.394258 38.659716 28.199306 36.182223 38.341712 28.365141 34.580720 31.652885 35.488165 38.205877 29.557549 39.042626 37.451395 30.902775 31.550374 36.714844 30.449363 36.870481 32.184798 33.435345 31.048165 31.811237 34.893612 36.359087 
33.750826 35.806190 32.442843 36.611280 34.386636 30.877994 29.897366 38.903423 38.265343 31.511961 38.088714 29.762468 28.609946 38.533686 27.895306 40.020359 27.934584 30.813749 33.585931 36.221958 36.630515 31.650813 30.999919 27.475794 31.314978 38.275544 
34.884219 38.815682 27.698478 34.694805 38.220341 31.336562 32.992729 34.225439 31.063094 35.476185 39.534581 35.145063 35.866702 29.496713 31.858422 34.772889 30.653660 36.438428 33.797069 40.134964 38.467932 30.704116 
33.221616 39.623057 29.835510 34.927859 31.165783 34.139906 39.745127 26.752493 40.404824 34.305287 33.067370 29.889085 39.311139 30.462618 
28.709525 30.063430 30.793881 34.927859 28.893796 33.657668 36.248448 33.289358 33.440486 34.330511 31.264511 34.895731 39.263748 32.833096 31.983905 29.476712 30.656966 36.435817 32.339728 35.142450 31.231229 27.812308 33.114397 33.702748 34.414420 31.682578 27.759515 
32.200034 35.886792 36.982095 34.973832 30.298469 28.768816 28.355609 40.962150 40.047014 32.848049 35.041366 30.779950 35.101373 37.871901 34.489559 
35.353614 28.010125 31.290084 34.929888 30.708121 30.619448 32.540510 30.349908 36.123301 27.819868 34.626752 36.990207 35.692784 31.065039 33.195030 28.697452 
37.896001 34.480437 31.059507 36.741333 31.488681 32.504789 36.460348 29.595426 29.225892 39.336351 27.561874 30.314895 36.307542 33.520214 32.165757 
38.135266 35.600935 36.283159 32.478468 33.825725 33.060474 38.978508 30.960374 28.237857 30.636644 30.127537 31.027440 29.150221 34.301879 28.577110 30.203574 29.369628 29.433855 27.343170 36.559022 34.257146 30.090063 33.557408 38.773316 39.036524 32.324868 33.502222 36.320631 35.923358 35.229826 33.977523 
38.075647 36.078201 37.091008 33.275063 32.106579 29.068775 33.804042 30.774381 35.616291 30.069289 35.563992 26.794403 29.636743 30.248051 34.399966 34.848213 32.251771 36.059768 35.007060 33.631565 35.313936 33.356158 
30.938192 29.648076 36.913657 30.408997 34.395061 32.511014 37.733553 39.852906 34.400144 32.963372 30.903099 35.493344 32.615845 32.661330 34.940666 31.949059 
34.912823 28.706646 37.033894 39.139156 34.701682 30.621261 34.835671 37.207867 32.869524 36.759917 30.744554 28.084429 38.574473 30.475685 
39.787338 31.109651 37.505192 39.723024 30.712172 35.665150 29.118388 34.200876 33.494019 32.066107 31.155365 33.062469 33.046836 40.106417 31.166374 34.530978 29.064561 32.450155 39.187652 39.514552 
28.572595 30.980702 38.217631 35.547785 30.841969 28.539377 39.029228 31.794791 36.679233 32.356094 31.440148 33.175471 33.425590 32.111700 32.100228 35.489183 38.350637 31.707408 31.643925 32.579890 34.421114 29.980651 30.451450 32.751217 38.622768 30.911569 35.303043 37.283312 
28.028520 36.166779 39.873770 32.870387 33.545708 34.428820 32.291968 32.640330 35.929406 29.007087 26.903750 
40.381575 36.108115 32.632186 27.555462 31.617715 33.475560 30.334846 33.154148 32.960283 35.787090 27.860793 35.615273 29.028207 29.218845 33.310578 36.185695 32.611463 29.462061 33.522849 29.060422 37.358529 36.267419 36.866405 
32.410566 35.013626 32.948501 32.743074 30.687725 38.102550 
36.219063 36.021552 29.521402 30.841562 35.434466 30.883059 29.784801 31.532026 32.806632 33.341582 33.107894 34.678451 34.943448 34.986013 33.061415 31.845601 38.222512 35.751627 39.445632 29.621554 28.711937 36.646000 36.514065 35.968141 34.532040 31.332057 30.964197 
36.875791 31.492964 39.761382 31.458901 31.533564 29.885845 35.221263 29.951007 34.805800 29.844686 32.420727 35.251391 29.308308 37.347049 35.108082 39.422140 28.954816 31.890028 35.266326 37.701884 29.149233 39.343196 37.345718 33.687042 38.506164 
28.094648 33.404306 34.563401 37.576947 36.535709 35.460435 29.425772 30.734097 32.730510 31.864243 35.513367 29.455529 27.517274 34.583517 29.970835 32.395047 34.714957 33.106103 40.247966 31.426387 33.668044 29.706046 33.329780 29.690836 33.899518 
34.389993 28.227158 30.423462 29.708546 28.044902 37.568537 38.835530 36.393122 38.112096 33.742508 26.948336 34.290943 38.410449 40.627821 29.618865 37.893925 33.739846 29.140914 38.036428 29.067183 
39.180110 31.110602 31.914230 34.045733 39.055377 37.651639 34.287447 33.757412 31.679870 35.097588 40.417048 34.932530 
35.747102 35.817280 31.502385 38.630756 35.891188 37.581760 32.636601 35.200359 31.004216 37.140802 30.525903 27.819491 35.094594 
37.815348 33.132675 36.542491 40.473688 35.021436 28.911524 33.871055 29.602747 39.437635 32.647352 37.435117 38.533410 29.135423 28.557001 37.826084 35.486788 32.093505 30.806405 32.468330 
29.141467 37.778957 34.979689 31.591757 29.016983 38.351211 29.761733 37.096948 36.026663 29.724028 30.048521 31.618847 30.133641 32.691698 36.853687 40.762091 26.967517 30.006578 34.177200 40.478804 36.515635 34.152311 32.732914 39.840787 33.994348 30.072666 
34.925241 32.863385 32.613404 38.498509 35.159207 33.131688 33.200830 37.534774 33.084922 38.144398 31.673002 30.010143 37.697915 34.810454 30.921699 31.436319 37.136143 29.084854 30.829178 29.514286 28.956353 29.633161 32.405788 33.045463 32.358947 
29.102502 39.191096 39.667208 34.487651 37.390187 30.903398 34.296897 32.202052 30.377902 36.067780 39.826881 37.911037 34.431633 30.809363 34.591883 32.485628 29.660373 31.306595 33.947545 38.441102 33.918365 28.159349 
39.064851 39.571051 30.896637 34.218758 29.120256 32.582084 30.801395 33.128892 38.587362 33.246210 31.578797 30.823921 
31.900507 38.478858 30.709389 32.031004 30.628586 33.731328 29.765115 27.646785 30.871132 31.635085 29.918893 38.117318 33.315136 36.684767 34.248718 33.718236 30.997125 32.350229 39.595134 31.798553 38.859529 27.982907 31.154330 
30.537640 27.312018 38.041010 31.771509 35.144634 34.797086 35.170979 34.575036 32.058655 32.006304 37.032707 34.274249 36.422933 31.238645 31.567430 
31.354496 37.492042 33.751614 33.387142 33.973187 31.415052 35.180038 28.307814 32.567498 36.606198 37.499790 29.302904 33.270910 38.414004 31.025744 29.137128 29.744862 39.803094 28.622598 32.451171 31.384946 34.046578 39.944952 31.173349 36.399948 31.148556 
36.435276 36.789825 38.596556 28.818150 28.667804 33.283348 35.791720 28.055940 37.754373 34.246072 38.205571 31.351955 34.222905 34.438628 29.846276 35.646649 30.372953 33.796522 29.719974 36.296212 
33.683126 32.868366 38.751159 31.362701 40.443939 39.674678 36.609715 34.076992 30.798767 33.903154 34.814148 36.794045 32.500194 29.756171 35.840524 33.134254 33.460939 39.776230 27.263034 32.625107 33.844852 35.040091 35.471235 28.092996 31.159944 30.069918 33.326016 34.816425 32.490662 29.446099 
35.388514 37.618446 28.272271 27.825826 31.578859 30.943814 35.348729 32.787026 30.171402 32.514873 39.350482 32.887560 34.140635 34.683726 31.542380 30.439139 35.632677 33.448673 36.893832 39.758779 34.227299 29.357564 31.501073 32.817275 34.872854 
28.661665 37.988258 34.510929 33.902180 31.545246 34.563654 36.149794 29.413285 34.107617 33.012352 36.504820 30.456857 34.830542 31.304400 32.639564 32.078073 32.915921 34.204724 32.391273 38.983496 32.803042 37.471250 29.348173 33.659087 
28.498974 27.994873 36.718682 38.608736 34.998099 34.839622 36.188898 32.272330 31.487994 
37.383321 36.285540 35.269022 33.040411 31.389042 33.197506 29.857203 26.563714 33.003764 33.896967 30.378998 34.671532 35.190605 31.613603 33.274285 38.529880 36.135356 31.199903 39.114776 39.783737 33.709136 35.241658 34.602272 
32.870793 37.327871 31.290839 31.826980 38.622531 32.354621 35.375174 30.598783 29.901790 37.249749 31.054174 33.441599 35.161016 32.538635 39.937504 37.405022 33.462413 31.061433 32.358086 34.457868 34.754579 
32.261714 32.732875 33.529545 32.341387 27.392139 34.129310 38.159403 37.978809 32.937695 27.652464 27.417533 28.528594 31.682708 28.753112 34.656298 37.513536 32.977351 34.827891 29.666734 
34.515744 37.181911 38.871319 35.295276 35.649068 30.160770 33.354789 34.198698 33.480771 30.160272 36.785984 30.927182 29.169683 30.930104 
33.193274 36.691490 36.793245 36.923229 38.852589 28.719470 31.836854 31.443694 38.117571 35.568608 32.336204 32.167951 33.951750 30.519050 34.032290 33.166679 29.904011 32.884020 33.909928 37.389743 36.948055 39.044182 30.947425 
39.162877 37.891785 28.985429 36.729377 29.434445 28.210918 34.182823 36.597827 31.615590 30.988541 31.724962 34.770003 31.939204 31.950636 31.815267 36.635360 34.455246 35.906148 29.286754 39.499596 34.119706 32.014432 31.353946 38.869296 30.033689 33.088766 30.400138 31.221457 
38.450077 37.707844 29.936750 30.377148 35.392867 27.208988 31.313375 32.503190 39.152871 29.965203 40.422530 28.971180 31.427309 30.608829 34.533144 32.105363 32.179947 35.362123 40.407009 38.601540 35.591276 33.645659 36.643020 
36.098232 35.366399 35.402669 32.050295 29.027426 35.982604 36.414403 31.782207 33.998184 32.170387 38.712709 28.964445 28.972789 35.574652 30.781056 32.654554 31.322960 27.404513 34.789749 
29.545891 29.612315 39.260068 32.805321 39.753780 26.559493 30.920094 33.588904 30.866249 27.886736 37.325210 33.466975 38.158711 36.061892 35.519811 37.012553 32.805650 28.896347 30.252294 35.904183 30.655798 31.646067 34.031991 30.763836 33.014166 35.477060 33.908617 33.274270 33.215694 32.455142 36.232300 28.750090 
33.298097 30.755198 37.908557 30.930197 33.427052 30.985586 37.901318 35.695272 33.525607 32.216541 35.493622 35.905368 30.575141 29.105944 39.504557 36.795548 30.123894 28.072871 30.501452 33.355072 31.650898 34.648542 34.713355 32.850242 
29.701407 31.893716 35.066118 38.647804 39.823972 33.595212 38.088237 36.552499 26.679566 32.411363 36.018913 26.642554 31.522012 35.776967 32.258902 34.458348 32.553863 30.921937 34.222392 36.715496 39.723009 33.465120 36.960897 33.085337 35.632328 31.504223 35.727481 33.687544 33.042627 30.560047 
33.555078 38.406096 31.678726 34.131848 35.028469 34.696130 33.315842 31.093480 29.138404 32.119532 32.408176 30.888291 32.787959 33.381627 31.753434 
33.363037 37.505837 36.973511 34.544071 30.930347 30.015747 34.651350 29.717309 30.183490 36.019752 38.048481 29.679068 32.194840 30.465968 34.817675 
37.974863 30.459608 37.891981 33.802988 27.783905 36.995219 34.570845 30.059642 40.285885 31.738982 28.134021 34.922416 33.355378 39.964188 32.759564 38.306142 32.856716 32.121266 28.040317 32.869413 33.271581 28.714814 32.707884 34.150666 32.992612 38.754029 30.577862 
29.928181 30.710367 34.886829 35.252531 36.050885 34.821782 34.379819 31.720464 37.341984 32.099469 31.321713 
32.346795 38.606557 39.240402 38.107264 38.336425 36.441979 29.873056 36.072885 32.157178 29.816869 30.816881 33.337994 33.039227 37.129481 31.638684 27.373710 33.985715 34.262584 32.717624 31.290274 33.680278 34.690115 
37.919717 38.066481 29.726300 37.157190 40.150805 34.973273 37.568991 31.932123 35.774154 33.313607 31.075828 31.586958 31.697536 28.622791 36.869262 27.668355 39.258906 32.074163 28.386940 31.860977 28.631422 36.989620 40.052329 35.180854 30.372011 27.606744 34.085970 37.089992 36.205059 35.090758 31.717704 32.874997 37.845311 34.828806 29.819638 34.897477 32.264368 29.241066 33.321855 37.259090 29.856922 
33.135576 31.574165 40.281254 35.588671 37.598588 40.223216 37.568991 33.729562 36.629505 30.194814 35.366632 33.835984 37.308219 37.802938 32.893183 30.926277 33.720659 33.739538 33.036073 33.536652 30.818461 27.587477 36.717557 37.917797 32.782976 30.835257 40.414600 
32.823836 32.835146 32.560158 34.218407 31.813677 38.294296 38.171289 39.378880 30.629899 38.104415 33.112291 35.678673 36.843438 34.145779 29.399569 29.863317 33.231845 29.484351 31.436175 33.515877 36.006489 28.031365 32.478356 36.789672 37.465713 30.445107 32.900599 29.579532 
36.867608 29.152180 31.315182 30.105124 32.802353 32.542763 31.154038 31.192866 30.633349 33.069838 34.176829 34.906318 38.163669 27.079761 36.468167 36.860645 40.029101 38.917575 29.533223 29.377100 34.090969 34.907888 35.520012 33.052308 38.333865 31.092818 30.051166 28.863428 38.440434 
31.208552 36.068513 29.875955 30.989904 36.693775 31.591703 33.878225 39.469357 29.564834 34.732294 32.956965 30.074520 27.251435 
35.195517 29.492963 35.458821 31.771260 36.976590 32.046675 31.209961 30.233605 32.683926 29.443983 35.122214 
35.515387 33.609474 35.202525 29.691531 37.486989 34.667849 40.683551 33.226935 38.764736 33.206329 33.108780 36.256900 29.386462 39.504204 38.377252 35.323743 32.345141 31.527369 33.528291 31.449195 30.938020 
36.116543 35.139000 31.829844 29.228754 33.705091 36.970748 29.810885 34.885375 31.485353 29.713998 40.799323 31.540630 34.379130 34.554380 31.618554 28.494404 35.189378 32.703096 32.897197 34.137486 31.162682 
36.793286 30.637649 31.307446 32.857550 35.066335 34.249132 37.113961 40.084894 35.988062 33.522268 31.848704 35.207349 
38.104049 38.311050 32.429506 38.082800 39.024873 29.438577 33.213010 31.267391 34.571086 32.527034 28.827492 36.912724 31.681694 28.207158 31.459566 31.462628 31.795301 30.724273 29.732348 38.596477 36.729227 
32.153450 29.147952 34.597245 30.358192 34.115338 30.907051 39.297254 27.265913 33.878881 30.458422 35.705427 33.080838 30.812516 34.288094 36.692713 34.950393 40.515275 30.422946 32.533239 
30.900819 37.362107 35.562928 33.595990 27.821302 34.831822 36.201159 35.901261 38.017902 36.486016 35.221348 34.857611 35.904322 28.872165 28.199571 30.744782 39.791679 32.138893 36.326377 36.061365 36.275267 26.804231 30.858570 31.429466 
36.735349 30.727165 29.605262 28.698067 33.614701 37.749193 28.742476 34.645091 37.262669 37.436270 34.789377 32.037341 30.285391 28.949017 40.091961 34.300202 39.712076 33.413033 
33.831675 34.654648 27.273341 37.470519 31.405257 27.931907 35.586290 28.605016 36.244207 36.190245 33.889855 29.749898 32.567546 38.324191 30.059736 34.606334 
32.793194 30.940927 31.116281 35.409367 34.372608 34.908959 29.404298 34.124821 39.886476 35.184898 31.280281 30.863621 30.975444 36.457054 36.189976 34.852579 33.427683 37.852982 34.249754 
33.230479 35.629954 38.694091 32.365781 33.669584 29.344726 32.323433 30.098530 34.877006 30.401571 32.671631 30.464867 27.441071 33.790752 31.867794 29.965641 33.377475 29.226199 
39.802269 34.632801 33.608249 36.840597 31.197662 34.771195 36.775417 30.134277 32.096423 29.746883 32.612791 31.905088 38.620822 35.934407 29.799554 27.746905 28.044118 37.058543 32.446835 
34.645085 34.230003 35.520957 31.512584 33.800000 35.371168 32.453238 34.596618 33.148210 33.054324 31.609750 38.685852 30.179181 35.051054 39.381111 39.079684 
35.578804 34.397682 29.433929 33.157498 34.848768 37.157061 36.012024 34.214158 34.079855 37.669220 29.310425 29.337114 37.074518 34.854851 28.701331 39.685754 32.034932 33.649640 32.740863 32.580506 30.152420 36.489316 35.835641 36.808517 
34.332745 33.331120 40.019251 31.574387 28.339574 35.792384 32.522390 35.246032 31.233382 30.358904 29.948719 32.701582 36.583042 34.233692 28.891441 35.049441 
34.548017 30.565253 35.626387 32.863696 26.509195 37.618426 38.110945 39.017014 30.910934 33.109034 32.320141 39.381807 34.663623 32.326253 28.980994 
39.763159 38.365269 30.611957 29.060659 34.264820 38.069562 27.634356 34.116030 37.755271 35.289129 39.027606 34.801016 37.177616 
31.187317 31.572870 36.341031 33.638132 36.964591 37.591513 31.732593 35.709451 35.092432 31.664612 34.634566 31.062864 33.158699 28.618482 30.752978 30.952776 33.890909 35.780378 31.699186 33.425059 31.777964 
32.844158 37.431237 30.465907 37.575180 37.662288 30.363377 36.538102 29.512214 35.439263 35.839592 38.553634 37.969841 30.575512 33.847511 39.694548 32.123420 38.090712 31.065648 36.550271 
33.437354 35.021680 33.770865 37.758458 34.396451 27.972115 34.705675 31.474722 39.871954 29.710931 32.222709 38.841275 36.177489 37.504509 28.061379 27.687565 29.724190 36.552583 33.275357 38.274838 35.208794 31.456111 33.214201 35.520182 30.433986 27.741940 33.772128 34.886988 36.275372 29.597772 31.252565 28.481802 27.616703 
35.995775 27.662110 35.343863 39.146849 38.190800 29.037492 32.300178 32.994485 33.628490 31.417552 29.300799 35.640966 36.517938 32.848581 32.976965 33.912591 36.854969 
35.047851 32.635593 40.083366 33.377546 33.959254 39.866584 37.349953 33.212329 39.182193 30.859908 33.106117 34.007842 28.460809 33.710889 31.866199 34.404108 29.455715 29.714268 35.838954 28.764071 
35.455596 39.071515 34.352007 33.259361 36.587600 33.292900 39.137570 34.237339 30.488090 36.267874 34.308475 37.232976 30.309704 35.864874 37.223994 34.176005 28.193706 40.869288 31.405569 32.093717 35.489911 33.644947 34.768338 29.979444 34.191409 38.736043 37.806172 32.214429 40.935736 39.972517 35.081126 34.668863 28.520331 33.241831 28.958306 33.622744 31.285881 28.294706 31.737327 31.479695 30.281132 
30.871401 38.291456 38.993862 35.177509 29.830134 39.052648 30.326991 35.940342 28.148998 27.362787 35.902624 35.524389 28.642780 33.628762 35.055945 34.769124 26.716557 36.171906 37.133595 39.460030 38.502189 32.386811 
39.625738 28.456575 29.555355 36.211337 35.148268 31.214468 35.793180 38.395300 31.837432 30.875276 28.954215 38.671380 32.893598 35.836661 29.351584 34.687299 32.130409 30.237339 32.575461 37.705458 35.212769 35.379867 34.395240 39.817742 31.489706 
32.146843 35.990399 38.259073 33.658322 39.021393 35.509885 30.162757 27.849747 32.674006 33.805047 30.158494 32.777918 31.597686 34.538970 32.023667 30.777619 27.883796 31.661876 30.890580 34.457535 31.013856 32.411897 
34.556377 29.154127 34.155145 27.293295 28.747495 35.646754 37.596206 33.079707 34.408992 32.382291 29.970165 36.005172 
33.534083 29.710220 28.697814 36.022351 31.101134 36.381658 31.451337 30.260235 40.338014 38.899533 33.229583 26.852662 34.718895 33.315232 33.883020 35.779400 34.412145 31.819999 32.591962 30.684861 36.332020 33.773755 34.899992 33.610891 34.981622 30.530866 35.895119 31.834758 36.639991 28.657382 35.604298 38.748492 
36.333037 31.540136 34.494071 34.140787 37.569456 33.440105 38.303635 34.835979 33.556902 39.136502 31.189436 34.264754 32.497133 29.833837 32.306985 29.757344 34.109930 36.175192 30.870879 27.967635 29.386701 29.038512 35.371075 31.929298 33.115583 33.980866 29.170652 37.426916 29.603633 36.972307 36.819885 
37.121485 32.914594 31.848383 36.968093 38.676719 33.523878 30.071565 36.358281 31.800147 28.525867 35.879668 37.335963 28.699936 32.440036 38.106466 32.606114 37.310655 35.181879 32.276119 35.811607 30.971012 35.640729 34.899574 29.371526 35.210692 
36.752789 30.224607 33.682121 32.754632 35.424458 33.675726 36.015842 29.555242 35.367044 39.704882 38.086444 28.767412 28.549533 32.870135 34.925465 28.611702 30.686244 26.977483 30.838406 35.120875 34.300684 30.737252 31.467123 36.012412 28.834960 40.190967 35.687543 33.411502 30.632471 28.776060 
37.257223 34.884588 32.400446 33.233389 30.362208 30.317797 36.484827 34.957831 38.145641 31.107564 36.064567 30.086520 36.097122 30.610988 33.018348 35.475159 
36.824278 32.853492 36.506413 33.188598 30.793402 33.481886 27.928416 36.009172 38.742076 32.093578 38.162111 33.037719 30.393299 30.513905 33.037468 30.067373 32.128265 35.995606 34.060921 34.141071 31.549773 30.480565 30.497261 35.079528 36.531758 28.798844 33.778429 36.833099 35.373412 30.252665 28.832435 30.924585 
35.931544 32.936413 30.509520 33.077464 28.834496 32.858569 36.535864 38.362285 31.098737 32.587498 34.717328 32.265445 33.644202 35.046863 27.731466 28.509966 32.289299 28.174650 34.442453 35.774900 34.751855 32.641973 29.517763 29.982531 
35.519280 30.473542 35.218704 30.189397 35.262508 28.014705 36.601609 30.185845 36.251387 34.895323 32.522868 30.695689 36.899830 39.309768 33.288148 33.942700 32.088613 30.677117 34.070707 33.935484 34.010581 34.869539 31.610311 27.746285 28.154354 31.843295 27.875845 38.109313 
36.205668 38.259522 40.342869 27.358511 29.235861 32.996004 38.557049 33.457745 34.636157 37.542888 34.067958 34.388557 35.158637 35.971054 34.532362 40.461668 35.704817 29.422331 31.908002 31.772880 34.705302 
