0.190003 0.493105 0.501196 0.367583 0.389647 0.405257 0.431477 0.506710 0.474447 0.371614 0.440912 0.313264 0.383583 0.291209 0.273984 0.221458 0.308544 0.314428 0.490656 0.443890 0.465177 0.426042 0.302730 0.505065 0.503591
0.493105      nan 0.708731 0.465893 0.470154 0.479630 0.517920 0.710638 0.546968 0.479958 0.523148 0.438604 0.451496 0.522282 0.496061 0.474009 0.418704 0.291180 0.571627 0.521804 0.604022 0.510779 0.497898 0.139944 0.137945
0.501196 0.708731      nan 0.611072 0.629331 0.629669 0.664820 0.059293 0.707230 0.597469 0.658249 0.557845 0.615765 0.444466 0.418499 0.522385 0.540487 0.577160 0.723106 0.671397 0.357376 0.651947 0.557525 0.725703 0.728317
0.367583 0.465893 0.611072      nan 0.168675 0.224468 0.236697 0.609295 0.267986 0.207652 0.214848 0.392581 0.266303 0.410665 0.387553 0.379223 0.385256 0.366892 0.311481 0.256870 0.430868 0.239964 0.425567 0.492050 0.497043
0.389647 0.470154 0.629331 0.168675      nan 0.201651 0.242613 0.629493 0.251252 0.192969 0.229844 0.404829 0.244236 0.427662 0.397956 0.398306 0.393258 0.377643 0.293347 0.240979 0.426406 0.213063 0.449967 0.496237 0.488554
0.405257 0.479630 0.629669 0.224468 0.201651      nan 0.210785 0.634679 0.212093 0.194620 0.198351 0.423761 0.252952 0.447262 0.418697 0.412285 0.399908 0.398460 0.257979 0.185578 0.404942 0.188731 0.455470 0.504526 0.497037
0.431477 0.517920 0.664820 0.236697 0.242613 0.210785      nan 0.662569 0.201185 0.172143 0.153551 0.456451 0.291562 0.466808 0.440861 0.439552 0.438214 0.420219 0.232133 0.189179 0.423951 0.192322 0.485649 0.535837 0.542322
0.506710 0.710638 0.059293 0.609295 0.629493 0.634679 0.662569      nan 0.708106 0.598272 0.666007 0.563373 0.614597 0.444895 0.420010 0.520627 0.546707 0.578495 0.724800 0.671054 0.353363 0.654845 0.553368 0.722510 0.725373
0.474447 0.546968 0.707230 0.267986 0.251252 0.212093 0.201185 0.708106      nan 0.219717 0.201557 0.494306 0.329513 0.513728 0.488023 0.491534 0.469995 0.463484 0.162463 0.190617 0.457135 0.211177 0.523758 0.562975 0.566208
0.371614 0.479958 0.597469 0.207652 0.192969 0.194620 0.172143 0.598272 0.219717      nan 0.177414 0.404139 0.229175 0.416718 0.385472 0.386978 0.383111 0.366496 0.247270 0.202962 0.398871 0.200285 0.420410 0.479921 0.484567
0.440912 0.523148 0.658249 0.214848 0.229844 0.198351 0.153551 0.666007 0.201557 0.177414      nan 0.460192 0.305867 0.470962 0.453208 0.449390 0.441594 0.427435 0.235756 0.182066 0.424267 0.183692 0.483603 0.533526 0.539639
0.313264 0.438604 0.557845 0.392581 0.404829 0.423761 0.456451 0.563373 0.494306 0.404139 0.460192 0.157953 0.409232 0.356195 0.348025 0.276408 0.167786 0.314931 0.510994 0.461237 0.504584 0.443276 0.211123 0.466651 0.459061
0.383583 0.451496 0.615765 0.266303 0.244236 0.252952 0.291562 0.614597 0.329513 0.229175 0.305867 0.409232      nan 0.423933 0.395243 0.395517 0.385756 0.365735 0.360123 0.299282 0.447932 0.282373 0.445387 0.464886 0.469287
0.291209 0.522282 0.444466 0.410665 0.427662 0.447262 0.466808 0.444895 0.513728 0.416718 0.470962 0.356195 0.423933      nan 0.111183 0.290943 0.343614 0.369859 0.524185 0.487197 0.456215 0.478749 0.342729 0.528284 0.531150
0.273984 0.496061 0.418499 0.387553 0.397956 0.418697 0.440861 0.420010 0.488023 0.385472 0.453208 0.348025 0.395243 0.111183      nan 0.286932 0.335022 0.338741 0.505897 0.454002 0.429317 0.442672 0.332089 0.514618 0.508048
0.221458 0.474009 0.522385 0.379223 0.398306 0.412285 0.439552 0.520627 0.491534 0.386978 0.449390 0.276408 0.395517 0.290943 0.286932      nan 0.288101 0.244153 0.498818 0.453849 0.476558 0.438854 0.271163 0.495728 0.500414
0.308544 0.418704 0.540487 0.385256 0.393258 0.399908 0.438214 0.546707 0.469995 0.383111 0.441594 0.167786 0.385756 0.343614 0.335022 0.288101      nan 0.302140 0.490856 0.442231 0.491331 0.426477 0.225580 0.432556 0.431367
0.314428 0.291180 0.577160 0.366892 0.377643 0.398460 0.420219 0.578495 0.463484 0.366496 0.427435 0.314931 0.365735 0.369859 0.338741 0.244153 0.302140      nan 0.482406 0.430870 0.493716 0.412203 0.321517 0.334105 0.325695
0.490656 0.571627 0.723106 0.311481 0.293347 0.257979 0.232133 0.724800 0.162463 0.247270 0.235756 0.510994 0.360123 0.524185 0.505897 0.498818 0.490856 0.482406      nan 0.207816 0.471158 0.220037 0.524484 0.579771 0.576030
0.443890 0.521804 0.671397 0.256870 0.240979 0.185578 0.189179 0.671054 0.190617 0.202962 0.182066 0.461237 0.299282 0.487197 0.454002 0.453849 0.442231 0.430870 0.207816 0.167251 0.421626 0.176416 0.480094 0.535338 0.538797
0.465177 0.604022 0.357376 0.430868 0.426406 0.404942 0.423951 0.353363 0.457135 0.398871 0.424267 0.504584 0.447932 0.456215 0.429317 0.476558 0.491331 0.493716 0.471158 0.421626 0.653107 0.411794 0.510804 0.615273 0.619178
0.426042 0.510779 0.651947 0.239964 0.213063 0.188731 0.192322 0.654845 0.211177 0.200285 0.183692 0.443276 0.282373 0.478749 0.442672 0.438854 0.426477 0.412203 0.220037 0.176416 0.411794      nan 0.463181 0.514827 0.513528
0.302730 0.497898 0.557525 0.425567 0.449967 0.455470 0.485649 0.553368 0.523758 0.420410 0.483603 0.211123 0.445387 0.342729 0.332089 0.271163 0.225580 0.321517 0.524484 0.480094 0.510804 0.463181      nan 0.484842 0.492112
0.505065 0.139944 0.725703 0.492050 0.496237 0.504526 0.535837 0.722510 0.562975 0.479921 0.533526 0.466651 0.464886 0.528284 0.514618 0.495728 0.432556 0.334105 0.579771 0.535338 0.615273 0.514827 0.484842      nan 0.068794
0.503591 0.137945 0.728317 0.497043 0.488554 0.497037 0.542322 0.725373 0.566208 0.484567 0.539639 0.459061 0.469287 0.531150 0.508048 0.500414 0.431367 0.325695 0.576030 0.538797 0.619178 0.513528 0.492112 0.068794      nan
