 94.741573  29.722222   3.000000
 98.179775  30.527778   1.000000
 77.168539  34.555556   1.000000
 79.842697  30.527778   1.000000
 77.550562  33.750000   1.000000
 72.966292  36.972222   1.000000
 69.910112  35.361111   1.000000
 74.876404  36.166667   1.000000
 69.528090  41.000000   1.000000
 74.112360  36.166667   1.000000
 68.764045  34.555556   1.000000
101.617978  29.722222   2.000000
 77.168539  37.777778   1.000000
 90.539326  32.138889   1.000000
 79.460674  36.166667   1.000000
 97.033708  31.333333   1.000000
102.000000  30.527778   1.000000
 96.651685  32.138889   1.000000
 69.146067  38.583333   1.000000
 71.820225  37.777778   3.000000
 71.438202  36.972222   2.000000
 72.584270  37.777778   1.000000
 99.707865  27.305556   1.000000
100.471910  27.305556   1.000000
100.089888  26.500000   1.000000
