 0.335637  1.013355
 0.961714  0.720975
 0.277453  0.653522
 0.713488  0.979827
 0.201770  0.331239
 0.445075  1.109975
 0.449473  0.808486
 0.031110  0.846727
 0.458296  0.859908
 0.598521  0.836674
 0.635194  0.844815
 0.420863  0.552550
 0.430552  0.786558
 0.647518  1.118934
 0.326092  0.746057
 0.635750  1.133887
 0.492066  0.599805
 0.546294  0.759335
 0.696825  0.875074
 0.332034  0.945302
 0.445515  0.743203
 0.300113  1.116416
 0.461278  2.052044
 0.592761  0.888416
-0.120357  1.026318
 0.389968  0.669295
 0.803543  1.092796
 0.539878  1.165184
 0.637925  0.785757
 0.369443  0.495373
 0.804394  0.830388
 0.499089  1.559566
 0.153295  1.267278
 0.261471  0.920549
 0.353112  2.123799
 0.772425  1.422501
 0.118549  1.469849
 0.608517  0.863570
 0.677011  2.540136
 0.221924  0.885590
 0.112473  2.311051
 0.223848  1.191811
 0.319121  0.480881
 0.840118  0.807303
 0.457052  0.719634
 0.526475  2.269624
 0.879238  2.114417
 0.291232  1.358457
 0.772323  2.313291
 0.614193  1.324948
 0.473537  0.791498
 0.521166  1.137189
 0.348127  1.105044
 0.692330  1.118389
 0.759802  1.082036
 0.144718  1.165743
 0.064151  0.819682
 0.390673  1.948971
 0.700606  0.967797
 0.254504  1.259771
 0.608557  1.150423
 0.469106  2.099336
 0.644473  0.864798
 0.003519  1.252206
 0.229181  2.022639
 0.116801  1.628921
 0.600429  0.939464
 0.606875  2.058765
 0.219795  1.797117
 0.336784  0.991458
 0.677755  1.038823
 0.240828  1.248719
 0.349249  1.532050
 0.618050  1.096963
 0.145095  1.506293
 0.507410  1.054698
 0.584010  0.626683
 0.016528  1.491039
 0.475403  1.055981
 0.422114  0.796898
 0.740519  1.208419
 0.545267  1.076540
 1.019837  2.499745
 0.566389  0.420106
-0.022045  2.247498
 0.576107  0.843371
 0.477958  1.153881
 0.828983  0.905875
 0.884787  1.328891
 0.795694  0.562981
 0.665754  0.707084
 0.645287  1.421393
 0.604491  2.513743
 0.427378  1.074017
 0.398835  1.344837
 0.601042  0.812702
 0.373019  0.946233
 0.523634  0.791793
 0.311095  1.611603
 0.200013  1.268662
