 0.131057 52.672776
 0.128408 50.653078
 0.125375 50.291456
 0.139204 50.052234
 0.123734 49.847187
 0.137212 51.360702
 0.135380 52.238433
 0.104247 51.743271
 0.133562 49.985371
 0.134319 49.770129
 0.135370 46.256099
 0.127908 46.972948
 0.139312 46.522119
 0.157786 45.111650
 0.129588 49.141088
 0.133425 49.998317
 0.136242 53.703400
 0.117269 51.271579
 0.128666 49.746324
 0.127599 52.762492
 0.123802 50.854790
 0.121421 51.150065
 0.138205 49.805859
 0.120617 49.653260
 0.126596 57.928846
 0.124443 48.790763
 0.125600 55.224439
 0.116797 53.337579
 0.132573 52.282501
 0.134155 50.382456
 0.133446 49.421128
 0.132209 49.802165
 0.132106 48.964602
 0.127128 49.853344
 0.120081 49.118906
 0.124376 54.577205
 0.123704 49.117032
 0.116463 49.849910
 0.140782 50.456626
 0.137084 51.584408
 0.130294 46.913970
 0.131661 51.930429
 0.133041 51.104127
 0.141108 46.943990
 0.125648 55.181744
 0.129622 56.297627
 0.123646 48.758630
 0.118934 51.211688
 0.131230 52.637697
 0.140261 49.740008
 0.140226 53.765170
 0.127235 49.313969
 0.126624 53.092740
 0.125903 47.618198
 0.134025 53.267327
 0.117443 51.235966
 0.132722 52.506507
 0.136392 45.235856
 0.122622 53.696391
 0.128097 56.775265
 0.111051 46.149235
 0.121267 48.671492
 0.122178 51.601384
 0.126128 53.500469
 0.116895 52.083026
 0.123956 51.529998
 0.120562 49.866005
 0.134921 54.090328
 0.120211 55.403567
 0.136706 55.394893
 0.113035 56.857822
 0.123935 48.675260
 0.125679 54.673886
 0.126655 55.126306
 0.116249 56.397983
 0.115064 49.463827
 0.138589 46.373578
 0.120477 55.300373
 0.144556 52.151802
 0.127709 51.819133
 0.137758 54.799662
 0.124776 48.924991
 0.144085 47.313864
 0.131857 46.687838
 0.110033 51.078644
 0.136276 49.642988
 0.129972 52.098426
 0.137164 50.511621
 0.137694 49.706922
 0.125217 51.456399
 0.130236 48.645404
 0.111989 48.341231
 0.131617 47.518845
 0.121508 52.315352
 0.123369 53.571512
 0.131572 51.373404
 0.122700 57.383167
 0.117589 54.018581
 0.119933 54.352074
 0.115807 60.551410
