19.761984 0.935544 3.897987 0.443062 43.442106 0.490934 0.079370 5.873635 2.236695 23.279115 13.166421 0.097842 0.893444 2.057784 9.816035 4.490225 2.486782 0.353848 0.162140 0.043601 1.026425 2.950454 23.610914 0.408968 
82.244508 7.161728 19.990837 8.881333 15.277479 0.712941 0.095010 2.017865 10.131192 29.936646 199.294574 28.018403 0.877992 10.438565 0.614782 0.424166 0.216527 2.425901 
22.384119 2.583342 17.618776 8.405437 0.084430 3.266177 1.703900 6.909186 4.496227 0.412323 10.390096 17.479923 3.482000 2.184103 7.501479 4.052437 0.883751 
10.934922 1.036068 3.841969 0.146870 0.082083 136.151587 17.003166 13.147252 52.201243 2.878031 25.922158 0.977776 48.153522 22.087719 1.416327 1.333380 41.513037 0.152188 4.223352 4.668029 3.210064 1.605274 3.930930 9.544825 
3.271451 0.264257 1.783473 0.983443 0.078332 0.292618 1.251200 3.046073 5.389766 0.383810 2.080337 33.562599 51.370544 23.117346 3.207450 13.513019 2.170097 0.706515 2.159664 1.601271 0.934859 0.593861 0.102685 5.558014 0.477689 1.602068 1.685295 0.332543 3.611593 
55.672933 26.960846 0.056881 8.943345 0.081058 2.338301 25.303286 27.537071 36.754678 0.368329 1.076704 4.243632 15.036865 0.102917 15.606900 4.442095 3.549973 0.191957 18.362089 0.232119 0.974445 107.422689 4.209085 21.373706 4.640797 24.542143 7.851948 6.547373 10.191429 
0.464605 35.032180 0.146685 7.418621 38.281407 3.262992 0.983887 0.867851 1.663487 0.276181 0.351020 7.576501 3.795985 0.102268 39.742019 4.628124 10.457204 0.130068 3.583063 0.070029 61.437054 1.614130 24.995694 85.488552 0.097604 9.333860 3.691743 28.370788 6.581449 3.744359 18.001084 1.226381 11.953665 
27.698564 16.089491 12.042720 6.138448 0.093515 1.369564 0.459522 0.054826 0.896907 0.669883 9.642876 2.735506 0.197944 0.033564 32.428548 8.163773 0.130595 0.204052 0.301430 102.467920 9.617986 0.081380 33.375026 2.868404 98.168997 0.055463 0.051247 66.760047 1.344095 
0.663137 27.887037 0.770156 1.367389 2.286508 3.173342 3.474627 0.265705 10.944175 80.870759 9.277521 42.124581 4.444614 59.013840 0.815447 0.421004 18.600760 1.296036 0.092795 1.077661 0.992235 0.095660 5.343030 4.369865 0.581661 0.105786 0.325396 1.056591 3.871687 
0.166213 0.669389 17.044590 0.139302 1.838450 2.892467 5.157893 377.100613 7.103396 3.668739 0.101136 0.337359 5.622565 34.525490 32.688493 0.059692 46.263035 21.011575 2.048863 0.099986 19.035913 21.205770 2.312841 2.153063 57.380266 1.302093 42.795888 6.633107 52.550487 1.226708 8.881373 0.243090 0.126392 
3.288577 0.107160 18.806256 3.478372 16.531406 41.978288 14.472485 0.099410 6.845023 1.927456 1.497066 1.002755 1.040261 3.068446 1.589133 21.583729 5.243467 2.127891 3.965650 4.361685 9.894597 3.350309 8.495222 7.748899 5.043364 2.090737 4.785599 
10.436029 0.104907 4.901877 0.630918 0.401923 0.053232 1.014432 0.234495 0.089821 0.564870 13.172001 13.080946 3.167104 0.229473 4.505755 14.173800 20.686160 0.484214 2.702847 3.684621 1.202896 4.348433 4.100110 7.452188 2.243737 4.591403 16.473589 5.758582 23.190819 
11.693849 0.104768 35.778462 2.986013 0.162491 2.749969 0.152941 0.076164 0.271194 1.383228 70.837536 0.359119 0.109809 5.186997 44.402307 3.799353 0.115659 1.319137 0.233088 1.362022 73.461502 2.991851 27.032172 0.927605 11.807252 66.086598 2.072944 0.704579 1.020069 241.583767 0.792765 16.203115 0.251101 5.878837 13.504684 1.108265 0.964858 5.141608 
3.491626 0.129117 10.798447 1.083978 1.585230 3.312010 1.796482 0.159560 4.395775 53.198521 15.153750 214.472812 15.815130 21.664789 0.485773 20.689092 1.528513 39.694191 1.860759 3.024745 2.382673 46.122811 11.105471 0.076281 6.583550 13.424287 6.874261 88.934519 13.439482 3.143462 137.004130 2.374859 14.903997 
0.815203 10.373016 63.730203 20.369980 0.057267 65.783728 1.793577 2.241392 0.079525 0.119362 26.576109 2.026750 1.303217 0.676486 11.457497 1.896080 0.496645 5.144097 0.399589 2.343849 20.937585 10.076179 2.117888 5.425348 0.174025 0.454210 
10.880892 0.751146 21.971896 20.902094 0.237914 12.974007 0.056823 13.433732 6.919141 0.095004 36.338303 126.438412 13.876996 15.012444 2.753538 17.073842 0.387267 7.255879 1.887596 8.429585 5.777086 0.562210 3.533007 45.556495 
0.315075 0.450287 23.769525 1.946784 0.069888 22.103399 18.007650 25.937756 37.071142 0.515488 1.378603 9.676863 0.794145 2.475659 1.751084 0.460966 16.455575 6.586011 3.504921 0.608641 4.310110 1.700869 
1.622086 5.120538 1.076900 2.473205 0.071036 0.525588 0.628492 150.072304 10.774028 1.931595 4.190908 2.906902 103.385886 2.299826 5.980241 0.088936 0.593560 33.634388 0.772353 
81.655593 5.390566 0.062619 38.999835 0.108181 0.107255 5.589040 51.745430 0.752987 0.778846 3.141105 1.006037 116.680939 11.356327 15.103592 3.181593 1.487209 2.899691 20.120493 0.573207 0.226162 3.910460 
11.505977 145.830421 0.080786 1.027063 1.208288 0.032875 3.075689 19.555334 0.262305 1.312940 1.814762 0.147738 17.502063 41.055997 0.867572 4.967153 2.565646 0.759069 2.353834 1.795691 28.848732 8.849857 0.370900 2.936338 0.422675 0.231139 3.583382 
36.316211 20.468761 3.974852 0.388965 0.193834 0.200888 27.533907 0.061235 2.285290 1.188073 0.505751 0.588925 14.544090 2.061910 2.221641 5.255739 5.120970 25.460720 2.047168 5.594554 
0.320965 45.383619 16.010996 2.045827 17.970456 0.178333 1.121896 0.112170 0.353430 3.286968 2.016964 60.727413 17.839751 6.035391 0.422453 0.337606 12.930802 153.733280 2.200980 1.832593 0.528626 0.039052 
3.153196 88.465306 1.999869 0.832206 0.212038 6.361452 225.411449 0.085947 0.031260 50.335630 126.221970 1.017741 13.645844 
0.057294 7.640282 7.846044 1.476862 15.976577 1.604508 1.846453 0.090390 0.483624 20.208352 10.765033 1.978163 209.690372 33.015284 0.599261 0.288117 9.533591 10.491754 2.365925 1.031894 4.122903 0.120543 
7.007400 13.946179 13.330242 2.003112 13.248336 0.896406 0.523414 0.028815 1.895195 0.032675 0.010473 0.045150 47.519278 7.829424 0.054274 0.595789 19.807282 1.088468 4.506716 3.820616 5.520146 
0.648225 0.115733 5.219779 1.113766 1.717959 0.024773 22.175036 0.069563 0.058951 27.536212 19.457003 3.921895 9.440481 10.243423 0.061626 0.297275 0.867715 1.042464 0.430780 225.278455 44.764729 33.352099 6.820854 21.492037 1.557889 101.040454 0.315747 1.076917 1.083749 1.343602 3.308684 
4.837462 0.879440 64.114658 0.087649 0.929958 106.392857 8.776198 0.063976 4.395936 500.062253 5.153624 32.630394 4.193610 1.454499 
94.203251 15.342806 15.277166 28.622138 3.633094 0.957023 0.182980 0.082032 2.082520 0.210101 1.054099 
9.402896 47.060298 1.413379 0.685330 7.062822 2.814981 0.090891 0.057583 3.199868 14.340561 3.013719 65.143242 3.058356 16.830516 23.595875 169.728351 0.055711 1.232332 
4.379515 6.695514 7.347665 1.753737 0.091363 13.250757 2.277751 0.178000 1.206331 0.483135 0.744476 1.786564 37.481098 1.802341 20.130605 1.040553 0.970244 1.204138 3.343236 35.623830 6.956463 29.473855 0.280414 11.537504 2.767524 1.337164 
31.264059 2.716074 18.795144 61.574695 0.094271 33.332692 40.516887 0.205443 5.488375 5.470604 0.938881 16.874821 54.464127 0.980736 
0.116071 4.795887 15.415452 103.136473 0.142769 3.599418 4.544592 1.326328 0.944913 2.664125 9.183020 1.102877 6.209910 15.667916 7.352326 10.741326 1.572383 5.915361 
0.076090 23.789465 1.331221 60.762160 8.720644 4.233968 86.131138 0.663227 1.780110 103.530522 0.069671 1.910977 3.474038 3.340646 
0.073901 1.654308 28.007267 0.051210 4.147626 0.067290 10.568377 12.980350 13.515109 0.125434 1.643489 0.591413 3.077842 1.023906 
0.066662 2.959827 1.112299 0.146236 11.806946 0.103090 0.934742 0.223897 13.459087 6.582078 18.615224 37.916325 0.054229 125.133551 0.094409 22.323407 0.047304 107.048967 42.377497 0.249240 0.242346 
0.072128 23.903026 12.744368 1.420110 307.215086 1.451669 3.856897 5.104938 6.907180 0.078595 1.991387 
0.045317 1.422751 1.797891 10.028443 15.198677 2.520895 5.912822 1.558672 32.532387 0.126912 7.117012 1.394322 36.447080 0.469191 3.421091 0.131477 13.262993 0.343664 
0.064842 52.171698 24.948687 0.464361 9.551878 273.215382 102.132164 1.882332 11.197389 0.090740 0.233373 38.822084 0.080384 93.451992 2.123724 4.578865 281.034379 4.114060 2.133325 0.850801 11.003150 1.294498 
0.052612 0.360321 22.772895 11.885589 0.080888 2.141668 34.093562 80.545929 256.234901 14.440301 0.455225 3.996658 
0.112403 1.056102 6.308541 24.818816 5.389625 73.586134 113.021225 55.842253 1.371942 0.888688 0.186104 
11.268436 4.127378 8.775808 115.265134 0.027000 0.561560 12.740531 0.464862 2.574296 33.877108 0.290603 0.957710 0.029598 0.904968 27.704652 
2.168828 1.582907 1.052958 116.205852 0.106086 34.891515 2.434851 0.850729 0.022309 86.808359 2.887766 123.243683 
1.302783 12.709390 0.082185 0.540274 8.853701 8.419541 2.493755 6.630452 3.381876 13.119131 0.736907 1.541173 5.747575 2.491161 16.320760 0.470522 6.991724 2.850066 1.344857 9.350183 2.267198 3.112258 1.131212 
7.558929 34.682162 0.088414 0.929676 3.215846 5.865544 153.313506 22.929759 146.281402 0.281332 1.679766 0.366128 11.103629 1.109254 7.166549 2.716020 1.588100 5.402217 0.745682 2.702308 
26.406905 4.646975 0.079760 0.401211 0.060625 1.713501 67.026660 1.142253 1.105975 0.587178 13.398603 1.993694 0.100373 49.129524 1.525195 2.805675 17.227400 1.889539 2.319770 1.200005 45.034075 9.659735 0.410339 
9.786886 82.953825 0.074370 0.038216 49.726511 6.571755 93.975676 27.008804 2.404948 114.439632 3.169461 1.488176 29.095449 
0.122384 1.213850 0.080404 22.562242 151.746126 32.044405 8.140874 20.746222 12.390314 1.225780 192.025141 
0.021391 26.865441 0.068658 1.011866 4.641093 17.986399 0.433837 65.517057 3.778389 9.364747 0.210058 6.253021 18.896686 0.654902 
140.270540 0.087230 0.074730 9.299713 38.607923 46.673616 4.328196 0.673456 0.623275 537.443913 0.240837 3.915171 0.450054 41.819643 10.530130 0.970958 5.112144 159.770533 6.598452 3.149179 0.478259 2.702815 
49.866335 0.045200 0.102466 0.853539 12.326560 60.682289 4.455241 12.699229 4.078729 6.610453 0.320169 28.687213 8.671574 1.657452 19.965349 43.392132 0.139501 0.530979 9.552230 0.572327 3.004113 
1.501884 118.928143 0.085577 83.923995 67.570936 30.475540 1.728022 5.894936 11.185434 1.073283 0.070463 9.022273 1.913191 3.865049 175.400585 69.551586 1.266511 3.943387 36.408742 
34.662021 8.729141 0.071518 0.143430 14.338358 148.764679 2.180125 0.138522 25.150819 1.183618 78.116938 0.793742 1.573586 3.096076 7.851438 5.177770 7.777466 1.747095 2.070167 
0.054777 11.742088 0.025226 8.682318 2.980819 3.997090 2.179689 0.337354 83.725429 2.463277 86.147993 0.816800 0.209463 98.580529 1.173549 15.310572 7.498765 1.130198 
0.065681 2.615822 0.079460 6.872308 58.105904 16.568978 0.083013 0.148738 17.141642 1.499300 4.770318 42.449044 0.781726 2.784844 0.452340 111.167148 0.262326 7.233307 6.496056 8.723239 1.565766 202.427506 2.399878 
0.111520 24.768766 0.119395 475.315569 0.387296 330.243487 27.884704 50.215899 1.812592 2.303988 9.314964 0.078814 3.359420 189.699978 127.601883 3.660476 27.829221 0.908378 4.820561 1.067545 6.082319 2.459703 2.603390 3.911550 4.943827 
1.553160 0.035431 0.053741 0.039243 106.110054 1.915708 11.841579 0.021997 2.015271 0.159921 48.620449 2.615632 15.181098 4.164775 0.980470 23.823060 2.160548 
3.189729 11.169056 0.058381 16.569764 43.014803 40.935024 1.138860 0.150835 0.228880 0.753692 
0.457744 75.365952 0.083647 1.843280 2.643628 0.200708 4.733026 0.054211 6.150540 147.285816 79.335601 54.531729 0.261833 11.564135 64.037954 1.815775 
0.230691 0.335280 0.080875 32.733105 0.988523 2.077096 15.211540 0.055521 4.433789 65.564367 5.142708 251.936419 0.074013 0.395719 1.466582 0.412805 63.339788 0.646730 2.835716 2.234299 316.789827 
46.311505 16.285272 0.108095 43.607709 5.604162 1.278868 3.645443 26.479386 4.252698 49.962204 1.049338 0.078357 0.045129 5.097297 104.623497 0.194506 1.882110 0.059530 1.448125 1.065892 
3.331242 0.191691 0.053398 296.688584 22.124498 0.115250 7.787341 9.916461 1.603834 18.113891 77.367223 2.842752 5.218548 2.855544 2.547777 105.906790 0.666332 0.165636 0.446002 0.438362 10.960148 19.030468 5.098229 2.127391 4.387918 10.191837 
1.485817 0.085859 0.096279 0.532833 20.130703 0.093720 0.116973 7.282029 133.174253 19.192758 5.254969 2.274467 19.599439 84.498096 39.057523 218.656488 7.425610 8.379683 0.302649 1.868348 35.979368 2.251313 63.902966 0.466932 2.958332 32.098771 
2.220131 0.678819 0.056061 5.559992 375.227946 0.088902 0.298915 28.701732 0.047274 55.924614 1.097168 0.309433 11.051174 2.298124 6.252559 3.862848 35.625569 24.572927 0.477269 14.887154 116.869418 0.128536 1.838867 23.503712 
0.206735 0.045091 0.011346 0.019936 28.928939 7.405269 0.037249 3.067296 0.338010 20.933223 0.024469 0.268727 0.318857 1.209971 0.318713 19.790799 13.421356 19.426759 1.247445 2.571667 6.505137 1.945055 0.543257 13.368211 58.418224 0.063885 2.159128 13.143652 
0.232846 0.077354 0.124691 14.108388 110.448910 30.231067 2.540145 161.883189 5.010601 3.749776 0.191879 0.595622 8.218767 61.586846 0.035975 1.134801 18.168830 0.101263 1.598089 1.199233 4.280347 3.043124 2.475812 0.866511 0.518150 1.686500 26.996853 
64.069031 0.017003 0.097039 0.218571 22.123005 0.729484 28.530476 1.362657 94.430797 5.403613 9.524757 6.124590 4.153426 0.022157 0.013537 0.721711 1.309216 0.191257 6.074319 14.167984 4.254386 43.567881 0.241803 7.524614 0.314890 0.442900 0.110991 68.045508 60.413770 4.831888 7.347385 0.515213 16.982239 
24.979142 0.365378 0.058820 0.043617 14.777760 2.817578 2.283833 6.347131 1.857055 1.430092 5.136579 14.091095 0.088117 4.783299 1.153959 4.224331 8.095990 
4.715299 79.390968 0.053454 1.723346 119.106876 28.084224 0.057365 0.962511 
0.852877 9.295651 0.071387 0.819943 0.111779 55.613047 0.023214 2.297511 29.148361 2.162850 36.906723 1.354072 3.428214 
0.516501 1.845393 0.071050 2.909454 34.978392 17.438457 0.041615 26.161159 1.178188 1.747450 85.593713 0.076637 0.765725 0.656261 6.109248 0.068263 0.761400 14.537834 2.579201 3.347181 17.340618 96.600210 0.485272 0.175026 5.658702 0.126493 10.382133 6.826263 1.383585 5.824213 25.385414 0.120469 1.610064 62.064436 10.957130 1.606363 17.707299 0.112868 16.158351 2.755459 1.035540 28.443978 161.800505 
0.105857 1.083988 3.865964 12.323326 1.658503 0.164749 50.459089 0.087227 7.797210 20.673195 57.716618 51.014817 0.091998 0.312885 1.121641 0.068246 1.731038 170.347840 34.589797 3.889064 0.218496 173.739530 0.725541 4.735753 94.858497 
46.324734 0.058247 78.861233 0.109455 1.049255 0.831647 35.889750 0.052898 9.874792 0.079059 0.364973 2.270785 0.408536 9.479227 22.665940 10.520809 2.808302 1.528995 0.394128 3.082511 0.954841 0.276558 1.642203 1.389250 5.136313 0.080459 
4.688374 0.056108 142.586631 0.080934 89.978913 0.471011 5.181615 5.519085 0.181011 1.492697 8.541574 72.821729 0.114166 0.465730 10.889244 2.968013 0.168583 98.681685 2.378708 27.021211 0.048159 0.083920 0.248300 0.646899 
191.686281 114.614568 104.688335 0.196270 2.423790 0.454583 182.466920 1.852205 0.088626 105.576850 1.384235 22.663528 0.074145 108.692672 42.300257 0.277748 1.491461 10.489041 6.032681 0.216979 65.447155 45.075163 1.163815 1.089846 7.555998 23.584115 0.241699 1.018455 3.203749 3.802943 26.495183 
0.038292 6.152987 2.643956 20.630525 1.472887 0.653621 94.966014 0.370359 2.150711 7.718447 2.870465 15.086046 0.066518 12.628462 3.944120 0.028952 14.002477 108.366952 1.134679 1.485340 1.075260 0.048035 0.091386 23.962847 62.577083 11.729240 82.358008 1.673760 2.743038 19.126337 
0.299416 1.458810 7.602492 134.907269 2.965060 0.625889 43.179290 1.386771 0.258143 5.120743 46.182481 1.446885 9.758332 0.058946 10.326299 16.210926 5.542648 143.998513 4.823748 1.298949 9.279592 
0.080918 0.062845 12.011803 2.970836 1.102148 3.721989 16.878464 26.404695 11.083897 0.315254 2.490216 0.092641 9.236851 3.700452 0.291485 7.261413 1.395681 3.693845 9.336505 43.309430 
0.150850 0.055346 36.710017 87.064365 95.877380 0.684427 13.243846 0.038758 0.039859 9.820190 46.458513 13.939323 2.897817 2.013192 2.041432 74.104976 0.383437 0.229487 0.489061 6.323681 0.029979 0.299813 1.372197 8.013170 82.603208 
1.998047 0.102360 21.317908 0.222504 8.424365 2.969721 0.936184 0.032677 66.665385 4.989946 0.189958 6.163158 0.301636 2.904092 11.783055 0.517933 2.976144 21.564751 30.869437 23.538284 
0.348610 0.061167 2.304919 0.385390 0.142337 0.889375 2.799625 2.298664 16.440544 7.806136 0.089858 4.716089 11.515345 0.360519 32.481105 1.101969 4.579432 5.358321 1.868562 3.973289 0.286264 2.270377 9.927163 1.564876 1.473826 7.852715 0.678222 
45.693246 0.073045 1.347255 0.880172 0.975202 3.924362 24.185999 0.069876 12.373427 75.085007 1.178200 14.125062 0.124936 4.322544 125.826872 2.681193 1.454924 11.779721 0.343451 43.509374 16.161891 51.791460 1.374346 0.146860 101.057788 1.277473 18.532404 
8.827273 0.099275 0.189227 0.746649 7.970253 71.340703 0.815920 0.072661 44.641645 87.190561 4.032520 104.991120 1.886116 48.423688 52.348734 1.444674 2.933676 0.609778 
103.181929 0.132150 0.533353 33.595335 98.923915 2.449225 1.834302 3.027071 80.126282 10.497004 0.455544 
1.456910 0.117364 4.753163 7.568876 0.433181 11.317431 18.997075 7.794007 9.918223 3.116337 1.279483 2.420344 17.296724 1.395949 0.264125 4.848327 0.648627 5.461671 4.786135 
22.342363 0.079855 0.420241 5.819507 0.842823 1.370937 0.919298 0.025503 19.056269 2.403691 0.063364 7.471210 26.359303 11.091991 1.622827 3.440166 0.273094 0.152315 0.207038 0.861354 
61.915511 0.144038 2.127015 6.648806 0.226692 2.354998 0.171080 16.350314 355.770849 96.866926 5.636366 66.796953 1.301303 89.533013 3.717046 9.562038 2.485734 0.171279 5.428004 
4.827765 0.068955 10.442155 4.973140 3.902961 0.096702 76.841843 144.416772 276.107708 0.559110 1.626305 0.127369 20.069203 
5.121505 0.081870 0.383903 24.473129 56.207203 4.964816 3.723616 0.806259 2.098590 11.595329 66.679614 1.521990 3.029626 112.115364 20.604777 14.123497 10.408326 1.540920 0.574140 15.275157 2.259622 
4.685660 0.139335 24.759599 70.872107 5.909431 0.091343 419.599052 130.552459 0.607478 101.845558 0.114382 7.707741 1.970015 4.542616 
14.127748 0.069296 0.076995 1.297881 2.346549 84.122555 30.078151 15.759591 6.208414 30.796355 12.131415 1.203150 5.121586 18.848918 0.457260 22.227643 7.529997 11.743497 
3.046085 0.077422 38.558827 1.010022 17.026554 4.592775 1.422501 9.258181 2.781577 1.467216 16.937658 0.445561 2.440832 0.517877 48.653280 52.189400 0.254104 
0.633220 0.079555 39.830316 78.288439 1.378108 2.766414 8.816167 218.436205 0.059477 265.073772 28.312174 0.774965 3.984528 113.406212 39.157050 0.782943 
2.182668 0.047711 8.289707 1.029038 0.517677 77.294173 165.201888 7.347405 5.238097 18.070264 13.966655 0.125185 0.597071 0.624881 
5.702810 0.080094 5.793390 0.651487 0.061533 27.399925 118.894710 1.444961 13.929601 7.889065 16.295985 
3.040703 0.098863 25.561567 1.464090 0.628336 107.211658 172.348495 0.881646 6.754825 0.033772 0.152333 8.845696 8.425254 0.076496 0.431096 4.619699 69.910782 
1.980500 0.055255 0.838095 1.135632 0.661299 27.627142 14.441716 147.612022 8.023508 0.190688 1.263673 0.401754 0.098452 17.189837 60.599817 0.814107 1.152600 179.708135 58.363370 
0.400331 0.096591 0.410222 0.118262 2.983783 1.594920 132.009063 0.612284 11.831447 0.034171 4.794234 104.907760 1.015518 22.696504 2.461059 5.386003 3.531419 11.082514 0.362369 0.352961 0.936294 22.890969 0.823015 0.800874 86.196213 7.843186 1.701414 11.992643 0.380133 16.893225 10.689282 0.147216 5.953773 1.869065 0.043571 
0.249846 0.088397 0.517101 0.110873 2.507969 9.225930 36.905409 51.540486 0.178039 0.056103 9.675819 0.450553 3.830745 9.553203 74.716175 49.468554 8.263149 3.599721 1.196834 38.504838 1.980275 1.439693 5.576535 25.384742 0.171962 
5.440679 0.040250 0.330957 0.046467 0.050632 0.106326 17.666707 6.167431 4.852820 0.021375 0.179253 5.578830 38.672644 0.149771 6.507611 201.918029 5.490439 0.578474 39.820700 6.019761 0.906506 25.161478 2.543566 0.080270 9.055052 1.526266 35.070982 3.011385 1.820832 0.689865 
8.276675 0.050981 0.250678 0.058417 80.905525 77.469417 0.025026 8.401182 62.838991 1.601227 3.571809 0.112890 53.554191 0.098158 13.544558 0.242711 0.543824 0.017901 0.180946 107.698449 4.217810 26.462134 0.453132 10.479229 4.594921 0.380250 0.181126 0.645928 
