 88.800000  49.900000
 89.238384  49.900000
 89.676768  49.900000
 90.115152  49.900000
 90.553535  49.900000
 90.991919  49.900000
 91.430303  49.900000
 91.868687  49.900000
 92.307071  49.900000
 92.745455  49.900000
 93.183838  49.900000
 93.622222  49.900000
 94.060606  49.900000
 94.498990  49.900000
 94.937374  49.900000
 95.375758  49.900000
 95.814141  49.900000
 96.252525  49.900000
 96.690909  49.900000
 97.129293  49.900000
 97.567677  49.900000
 98.006061  49.900000
 98.444444  49.900000
 98.882828  49.900000
 99.321212  49.900000
 99.759596  49.900000
100.197980  49.900000
100.636364  49.900000
101.074747  49.900000
101.513131  49.900000
101.951515  49.900000
102.389899  49.900000
102.828283  49.900000
103.266667  49.900000
103.705051  49.900000
104.143434  49.900000
104.581818  49.900000
105.020202  49.900000
105.458586  49.900000
105.896970  49.900000
106.335354  49.900000
106.773737  49.900000
107.212121  49.900000
107.650505  49.900000
108.088889  49.900000
108.527273  49.900000
108.965657  49.900000
109.404040  49.900000
109.842424  49.900000
110.280808  49.900000
 89.019192  50.422222
 89.457576  50.422222
 89.895960  50.422222
 90.334343  50.422222
 90.772727  50.422222
 91.211111  50.422222
 91.649495  50.422222
 92.087879  50.422222
 92.526263  50.422222
 92.964646  50.422222
 93.403030  50.422222
 93.841414  50.422222
 94.279798  50.422222
 94.718182  50.422222
 95.156566  50.422222
 95.594949  50.422222
 96.033333  50.422222
 96.471717  50.422222
 96.910101  50.422222
 97.348485  50.422222
 97.786869  50.422222
 98.225253  50.422222
 98.663636  50.422222
 99.102020  50.422222
 99.540404  50.422222
 99.978788  50.422222
100.417172  50.422222
100.855556  50.422222
101.293939  50.422222
101.732323  50.422222
102.170707  50.422222
102.609091  50.422222
103.047475  50.422222
103.485859  50.422222
103.924242  50.422222
104.362626  50.422222
104.801010  50.422222
105.239394  50.422222
105.677778  50.422222
106.116162  50.422222
106.554545  50.422222
106.992929  50.422222
107.431313  50.422222
107.869697  50.422222
108.308081  50.422222
108.746465  50.422222
109.184848  50.422222
109.623232  50.422222
110.061616  50.422222
110.500000  50.422222
 88.800000  50.944444
 89.238384  50.944444
 89.676768  50.944444
 90.115152  50.944444
 90.553535  50.944444
 90.991919  50.944444
 91.430303  50.944444
 91.868687  50.944444
 92.307071  50.944444
 92.745455  50.944444
 93.183838  50.944444
 93.622222  50.944444
 94.060606  50.944444
 94.498990  50.944444
 94.937374  50.944444
 95.375758  50.944444
 95.814141  50.944444
 96.252525  50.944444
 96.690909  50.944444
 97.129293  50.944444
 97.567677  50.944444
 98.006061  50.944444
 98.444444  50.944444
 98.882828  50.944444
 99.321212  50.944444
 99.759596  50.944444
100.197980  50.944444
100.636364  50.944444
101.074747  50.944444
101.513131  50.944444
101.951515  50.944444
102.389899  50.944444
102.828283  50.944444
103.266667  50.944444
103.705051  50.944444
104.143434  50.944444
104.581818  50.944444
105.020202  50.944444
105.458586  50.944444
105.896970  50.944444
106.335354  50.944444
106.773737  50.944444
107.212121  50.944444
107.650505  50.944444
108.088889  50.944444
108.527273  50.944444
108.965657  50.944444
109.404040  50.944444
109.842424  50.944444
110.280808  50.944444
 89.019192  51.466667
 89.457576  51.466667
 89.895960  51.466667
 90.334343  51.466667
 90.772727  51.466667
 91.211111  51.466667
 91.649495  51.466667
 92.087879  51.466667
 92.526263  51.466667
 92.964646  51.466667
 93.403030  51.466667
 93.841414  51.466667
 94.279798  51.466667
 94.718182  51.466667
 95.156566  51.466667
 95.594949  51.466667
 96.033333  51.466667
 96.471717  51.466667
 96.910101  51.466667
 97.348485  51.466667
 97.786869  51.466667
 98.225253  51.466667
 98.663636  51.466667
 99.102020  51.466667
 99.540404  51.466667
 99.978788  51.466667
100.417172  51.466667
100.855556  51.466667
101.293939  51.466667
101.732323  51.466667
102.170707  51.466667
102.609091  51.466667
103.047475  51.466667
103.485859  51.466667
103.924242  51.466667
104.362626  51.466667
104.801010  51.466667
105.239394  51.466667
105.677778  51.466667
106.116162  51.466667
106.554545  51.466667
106.992929  51.466667
107.431313  51.466667
107.869697  51.466667
108.308081  51.466667
108.746465  51.466667
109.184848  51.466667
109.623232  51.466667
110.061616  51.466667
110.500000  51.466667
 88.800000  51.988889
 89.238384  51.988889
 89.676768  51.988889
 90.115152  51.988889
 90.553535  51.988889
 90.991919  51.988889
 91.430303  51.988889
 91.868687  51.988889
 92.307071  51.988889
 92.745455  51.988889
 93.183838  51.988889
 93.622222  51.988889
 94.060606  51.988889
 94.498990  51.988889
 94.937374  51.988889
 95.375758  51.988889
 95.814141  51.988889
 96.252525  51.988889
 96.690909  51.988889
 97.129293  51.988889
 97.567677  51.988889
 98.006061  51.988889
 98.444444  51.988889
 98.882828  51.988889
 99.321212  51.988889
 99.759596  51.988889
100.197980  51.988889
100.636364  51.988889
101.074747  51.988889
101.513131  51.988889
101.951515  51.988889
102.389899  51.988889
102.828283  51.988889
103.266667  51.988889
103.705051  51.988889
104.143434  51.988889
104.581818  51.988889
105.020202  51.988889
105.458586  51.988889
105.896970  51.988889
106.335354  51.988889
106.773737  51.988889
107.212121  51.988889
107.650505  51.988889
108.088889  51.988889
108.527273  51.988889
108.965657  51.988889
109.404040  51.988889
109.842424  51.988889
110.280808  51.988889
 93.403030  52.511111
 93.841414  52.511111
 94.279798  52.511111
 94.718182  52.511111
 95.156566  52.511111
 95.594949  52.511111
 96.033333  52.511111
 96.471717  52.511111
 96.910101  52.511111
 97.348485  52.511111
 97.786869  52.511111
 98.225253  52.511111
 98.663636  52.511111
 99.102020  52.511111
 99.540404  52.511111
 99.978788  52.511111
100.417172  52.511111
100.855556  52.511111
101.293939  52.511111
101.732323  52.511111
102.170707  52.511111
102.609091  52.511111
103.047475  52.511111
103.485859  52.511111
103.924242  52.511111
104.362626  52.511111
104.801010  52.511111
105.239394  52.511111
105.677778  52.511111
106.116162  52.511111
106.554545  52.511111
106.992929  52.511111
107.431313  52.511111
107.869697  52.511111
108.308081  52.511111
108.746465  52.511111
109.184848  52.511111
109.623232  52.511111
110.061616  52.511111
110.500000  52.511111
 97.567677  53.033333
 98.006061  53.033333
 98.444444  53.033333
 98.882828  53.033333
 99.321212  53.033333
 99.759596  53.033333
100.197980  53.033333
100.636364  53.033333
101.074747  53.033333
101.513131  53.033333
101.951515  53.033333
102.389899  53.033333
102.828283  53.033333
103.266667  53.033333
103.705051  53.033333
104.143434  53.033333
104.581818  53.033333
105.020202  53.033333
105.458586  53.033333
105.896970  53.033333
106.335354  53.033333
106.773737  53.033333
107.212121  53.033333
107.650505  53.033333
108.088889  53.033333
108.527273  53.033333
108.965657  53.033333
109.404040  53.033333
109.842424  53.033333
110.280808  53.033333
102.170707  53.555556
102.609091  53.555556
103.047475  53.555556
103.485859  53.555556
103.924242  53.555556
104.362626  53.555556
104.801010  53.555556
105.239394  53.555556
105.677778  53.555556
106.116162  53.555556
106.554545  53.555556
106.992929  53.555556
107.431313  53.555556
107.869697  53.555556
108.308081  53.555556
108.746465  53.555556
109.184848  53.555556
109.623232  53.555556
110.061616  53.555556
110.500000  53.555556
106.335354  54.077778
106.773737  54.077778
107.212121  54.077778
107.650505  54.077778
108.088889  54.077778
108.527273  54.077778
108.965657  54.077778
109.404040  54.077778
109.842424  54.077778
110.280808  54.077778
110.500000  54.600000
