  0.087003 265.132524
  0.081608 290.986793
  0.077860 258.286115
  0.084374 238.751368
  0.072881 283.010568
  0.079160 248.266187
  0.076364 295.463856
  0.077225 305.574662
  0.080428 302.287108
  0.079063 289.261539
  0.088174 296.195920
  0.081012 224.317123
  0.074736 222.292301
  0.075547 322.236498
  0.080743 232.976647
  0.075924 254.727895
  0.080172 278.336411
  0.075686 236.882713
  0.084286 239.573903
  0.083152 228.465297
  0.078000 278.454394
  0.081200 239.000718
  0.073072 292.588248
  0.078742 268.612180
  0.076906 251.743206
  0.079835 254.145206
  0.075879 278.356309
  0.088237 198.637983
  0.080331 247.937197
  0.078663 206.863904
  0.082597 273.900535
  0.089878 252.478915
  0.084225 302.800927
  0.082156 291.154666
  0.078539 274.235861
  0.079584 233.754966
  0.080134 236.492321
  0.082365 274.460403
  0.082856 379.900962
  0.079351 252.187745
  0.081847 289.370575
  0.066446 253.485494
  0.080915 322.342673
  0.078304 232.078231
  0.081270 235.913374
  0.075312 236.756894
  0.071016 248.342626
  0.074371 227.694419
  0.074966 285.620249
  0.070384 293.922244
  0.077410 249.822995
  0.082489 262.624199
  0.083803 246.727442
  0.087321 245.475708
  0.081253 262.981793
  0.080190 237.094007
  0.074699 247.294685
  0.078103 350.779736
  0.082762 260.439980
  0.082672 264.805960
  0.082594 299.011539
  0.082134 233.555273
  0.080146 239.504732
  0.076299 275.511613
  0.077976 297.651826
  0.080359 237.879607
  0.079230 242.984917
  0.085028 275.242693
  0.078759 201.168111
  0.084402 286.622085
  0.091161 292.844880
  0.085335 287.051452
  0.079090 236.289422
  0.076520 227.950275
  0.079540 330.739374
  0.083663 326.697853
  0.071117 296.532652
  0.085907 272.573743
  0.086389 261.028662
  0.071506 325.337940
  0.091909 264.644891
  0.083752 345.615602
  0.079605 295.479548
  0.090492 230.090965
  0.085415 270.692235
  0.078921 298.208143
  0.071147 265.351776
  0.089473 329.232037
  0.075868 302.732801
  0.074344 244.900505
  0.074318 256.870146
  0.084039 286.066335
  0.075888 234.987107
  0.079503 315.752211
  0.077874 241.143176
  0.083275 289.664631
  0.076064 267.997605
  0.080968 244.891690
  0.077801 257.092428
  0.085357 255.915879
