108.951668 94.545789 96.573553 88.957054 89.590487 98.368227 95.010198 102.605313 109.627936 101.642409 93.372769 106.152358 101.419817 105.020197 95.193026 105.800268 92.416276 91.384536 96.733653 106.159077 95.621088 103.228951 108.210120 108.944611 
96.703539 93.662383 100.701973 100.650857 94.928408 104.206858 104.905689 105.705424 109.771645 104.417854 108.083694 91.570344 100.742191 93.053614 105.034399 107.949742 107.387259 96.713364 99.955044 106.723461 100.856883 90.161562 96.148246 89.422810 
108.167636 101.944883 105.967302 100.237563 108.846589 107.507622 102.796560 107.647246 103.226056 105.136852 91.661425 
100.137582 92.332967 105.790423 93.792656 102.979097 90.029447 96.245687 103.444582 99.255432 88.875304 92.220542 103.283050 109.096361 96.862957 100.498128 100.899191 103.413408 109.649949 92.307968 106.495208 89.674283 108.832807 93.234586 98.006069 96.714235 92.155088 102.822203 90.613947 
110.368106 90.758442 89.384910 100.825928 92.293017 106.729353 106.030368 101.292748 106.411477 100.384009 96.743007 105.143395 96.065567 97.475994 99.051946 
91.196789 95.181160 100.566455 98.615467 105.376615 103.323208 102.693679 109.516503 91.616696 107.736386 101.743911 102.736682 98.805880 105.046524 95.379023 104.314903 109.187675 105.892256 102.118293 109.734244 95.524800 92.233650 105.207735 97.690983 110.459085 106.528249 97.059568 110.029155 104.775486 
104.028579 102.854919 90.482630 105.104934 107.464939 99.808746 102.722821 105.496559 103.314068 93.782414 108.924173 108.802483 105.831034 
96.222515 102.547547 107.019568 104.017633 101.063735 109.008772 107.255428 99.259947 103.247929 103.221765 101.482661 100.676792 96.746172 103.781109 101.327465 
100.248252 107.137937 106.444024 107.179004 104.041264 96.940207 89.386791 101.888117 104.701039 109.935796 94.162028 97.124478 
104.814642 100.690185 105.793122 107.516785 89.992790 101.997414 106.408257 103.248850 109.212607 93.660494 93.385643 103.527636 107.625592 101.414531 110.334700 92.910759 108.602584 103.143393 107.029125 93.944386 109.590268 106.260700 
99.253641 100.460075 104.338045 103.596136 102.994277 96.690536 103.209401 103.625760 95.483607 105.459249 99.138538 108.863476 
91.827752 97.155183 105.299263 108.101310 105.618299 96.168690 99.693557 100.188949 96.854791 101.768907 107.844539 
92.936467 97.194853 105.564823 106.297967 95.933169 103.513656 110.191539 107.000758 102.660546 110.425441 94.776085 101.256232 
109.987064 108.244920 89.773535 101.652665 101.236840 102.561957 104.896095 110.286686 102.530066 106.053149 103.296887 93.719888 108.583996 103.822580 104.254895 94.117561 108.457696 101.541317 109.246101 104.668403 
92.321408 106.928537 105.061426 93.291585 92.191609 94.345838 90.087743 102.561256 97.710769 93.047215 106.558308 110.369446 104.914675 98.201608 100.084471 100.964066 93.421509 104.258762 103.144943 89.819668 106.638909 103.857033 100.127810 
99.000103 103.860914 104.969772 109.580365 93.298718 102.010934 110.279630 98.652027 100.007896 95.539566 97.901774 99.704993 
105.996345 104.133210 110.200907 105.758000 99.333517 108.524474 108.468937 110.284530 102.162988 95.231850 106.052141 95.854690 96.381806 102.622005 99.537130 102.755864 93.683496 110.054746 95.876525 99.562836 93.702427 90.778096 107.151992 
89.936713 105.780743 97.483473 106.028430 109.342795 103.187103 108.121945 91.945554 103.307244 110.388443 100.526849 104.389777 105.161869 99.595237 98.609473 93.386846 109.516485 97.615252 89.695006 104.801064 108.126468 96.919097 91.722708 100.812459 107.609878 88.946297 103.924767 
107.338769 108.297154 102.377846 99.138851 96.209603 96.395620 109.463352 103.113506 98.851329 94.586494 102.930711 97.165604 96.653945 
109.948586 101.158039 108.250590 107.799609 109.416197 90.259304 108.368936 97.851740 103.592714 101.683131 96.394085 101.208761 98.521031 96.730017 101.823097 96.782290 107.584516 108.256980 107.888582 99.051355 100.362602 
103.145472 101.389353 104.371559 100.677455 96.982797 98.833384 107.506183 108.620418 95.741916 107.174690 99.882556 91.767045 91.548462 107.390893 103.083473 107.547952 109.058637 99.503167 109.605125 99.102042 100.283963 99.590967 
104.382673 98.962162 97.343030 102.821040 104.491332 101.325143 105.841978 108.365175 109.526593 96.147073 95.348647 93.772876 90.909506 99.576454 105.598699 96.514468 91.717982 95.159003 94.967418 95.170896 
103.664715 98.415711 98.518191 93.213907 104.937742 105.126698 108.252916 88.860588 99.212395 91.261252 
91.921736 110.122302 101.862034 98.454603 103.807159 98.929116 108.482302 97.247656 110.111655 99.795615 110.481777 109.545137 92.005272 108.157001 98.790254 
98.439417 108.989099 99.332984 108.133422 108.118118 105.020686 106.467562 89.142578 92.040485 105.018125 109.312999 91.548070 109.707784 106.430853 103.224350 93.425988 107.074210 105.493575 100.409731 102.033847 92.457733 89.003863 107.173975 100.429510 95.411934 
103.931249 109.478859 107.821296 101.692318 100.260387 108.895072 109.756439 108.044175 95.553456 101.900349 99.575173 108.982144 
95.325696 90.943423 106.989427 95.224020 107.813965 108.279334 103.210942 
102.520537 94.455150 89.522342 102.540059 106.386264 99.552330 109.186585 96.280056 93.778629 96.984495 97.139998 
102.160162 104.504831 98.883623 102.015389 94.597656 107.718086 104.595878 
104.536045 103.510861 104.095415 108.040355 105.085846 99.926837 107.511648 91.261809 110.038671 
95.787838 105.976407 110.241750 110.201682 103.915365 101.322114 109.375120 105.857412 106.133222 106.806185 97.147111 103.264640 105.113495 94.427315 102.242674 104.327659 91.242943 109.617774 88.986588 92.799238 
110.047804 99.741344 94.130149 100.187050 108.850356 106.845167 108.921517 106.064857 100.715226 104.635777 101.922108 107.980568 97.263951 98.986609 102.116891 105.161229 104.458517 107.727932 106.146335 101.250835 102.593053 104.971902 105.723807 
108.419275 101.220360 90.665093 89.066033 93.982980 105.136903 96.168055 95.434996 105.877732 95.659142 101.555760 106.680429 93.293661 98.231175 93.815047 95.693111 104.088301 96.513939 100.530168 99.983004 90.479077 91.758775 105.630672 
110.248881 106.249864 101.497105 102.614952 103.202631 92.026794 105.865414 105.628909 110.444505 92.847523 92.461847 103.739718 108.547525 108.821914 106.314614 105.548625 107.312814 107.020901 105.726118 101.066653 100.238402 109.769928 90.145467 105.685004 107.749101 94.563494 
105.653856 108.814250 103.504440 101.059476 102.781049 107.973417 98.897548 97.154742 103.015301 94.794473 95.756660 103.183532 105.234784 94.823841 94.310483 99.027655 89.375043 93.571661 101.927811 89.664206 
107.229516 92.202713 91.538541 96.741171 105.598310 102.947813 96.638441 102.242980 108.014721 104.446926 94.101422 98.748630 95.826417 108.279536 105.642943 109.576469 102.922088 91.533811 95.376812 99.704939 108.233324 106.023871 104.145173 97.016962 102.919802 98.489060 100.049410 92.809972 106.447526 104.473036 
106.188454 102.181273 95.260248 106.126728 99.095434 100.066738 100.013116 107.992141 90.905585 101.514934 105.125434 90.715749 96.409626 97.571410 102.654890 96.942150 107.603149 104.582606 107.110386 99.203175 98.944508 
103.528638 109.533681 105.167376 98.226855 94.450073 105.416218 98.690273 101.740227 92.840353 106.797612 93.522107 103.995530 100.027581 89.921879 102.232217 103.570283 108.396262 92.500845 93.482944 89.541282 
107.912756 108.138704 104.104493 93.361087 104.449960 95.848199 107.497895 104.120772 107.380144 90.979234 97.492617 91.344853 91.758011 97.168891 107.846869 93.219335 102.708009 101.204563 102.801987 109.189360 
102.089060 95.380042 109.947742 109.227589 102.744982 107.707168 107.172128 92.560284 95.174070 90.920960 109.797713 101.820999 97.799942 91.536973 98.251259 105.668102 92.915993 110.239442 106.193165 106.195374 99.025118 99.636256 109.604527 99.668741 92.457934 108.675234 95.864135 100.712761 110.470637 101.907926 101.972079 101.766795 100.833561 100.086608 
102.056932 99.074253 106.221654 102.110937 104.021154 100.992276 108.287456 101.607034 91.239812 102.556967 89.521741 89.275314 109.927168 104.703294 99.296345 91.237965 94.755853 109.433828 97.856570 97.220547 98.229904 100.177048 107.553186 96.476114 103.205795 93.990278 103.482542 106.433951 105.190013 100.242244 88.828078 
91.596924 100.334286 93.150575 94.787095 108.694357 106.182587 105.708029 106.074325 104.847092 105.931891 100.268967 98.829913 93.410810 96.183066 98.837397 101.925344 110.234069 95.747234 104.377447 96.977171 106.782338 102.534809 107.413062 105.828464 109.299508 
105.981131 106.178914 97.751223 108.048906 103.310216 94.901020 104.063441 102.980925 107.264093 106.356906 106.125393 97.733074 106.708671 106.262713 98.984690 98.370867 100.994750 108.952516 109.615146 96.263582 102.437538 109.268821 110.440537 106.236120 108.507047 
110.250252 104.464956 104.514730 108.084818 104.462794 99.798650 99.058140 104.849545 92.068114 94.931990 90.190546 104.598761 
105.113025 105.360854 106.118118 101.562368 91.879641 96.273374 102.061408 110.280927 103.843227 104.452964 96.895969 106.662858 103.969474 92.483735 97.046091 102.763034 106.070829 91.527561 107.117784 108.634951 103.927797 98.462869 96.114256 98.173575 103.632636 102.581423 
108.712716 99.016323 97.640269 99.415311 92.208049 95.990916 104.272695 104.435628 105.533999 95.078299 95.055060 100.559097 99.356066 107.087142 95.875894 
92.148014 103.324792 99.229409 92.743493 102.242289 108.751313 105.363490 109.418282 95.863611 99.640796 102.254391 93.185656 101.700478 99.020423 95.603629 104.382081 107.795105 102.579876 108.099930 99.775573 101.441978 103.319310 108.582848 101.118757 
107.487431 109.749247 107.940648 100.883602 104.236029 99.331618 107.719783 96.419197 96.929258 93.850392 90.533496 99.113634 101.776107 101.661783 97.913853 92.184256 90.149556 93.839576 
101.738580 98.555856 103.187931 92.978042 99.174410 95.779727 100.242903 96.880003 93.125382 95.903867 105.706969 102.103730 109.206654 91.536796 107.084924 91.501218 105.093763 103.052378 104.812697 110.023225 89.655460 94.037637 96.332140 101.087283 98.812016 
95.132690 96.740230 106.586670 96.437232 102.913646 102.672423 109.078214 93.287211 96.455755 91.538871 95.276821 96.286361 100.387004 91.696173 105.441289 98.119471 109.888832 92.961560 92.131589 104.830497 97.142239 107.730881 101.977167 98.452324 109.519719 96.459102 100.798716 109.749054 110.153004 94.020639 94.972195 96.963873 96.336073 
100.190361 106.213353 98.880055 108.019892 92.705937 103.978437 104.373565 88.825436 110.316866 90.526965 97.908146 108.357725 106.272121 107.518390 96.880872 92.862065 109.191589 97.123720 94.524607 100.773542 109.173106 100.630299 109.363763 102.500780 103.951564 101.930155 108.768368 104.869396 108.316040 97.918965 106.611585 103.792865 101.476656 93.797130 98.596973 94.293884 89.871314 89.556052 
109.135468 107.817270 97.841721 110.007017 107.459590 109.728973 96.931452 101.309579 100.166794 99.274936 94.697656 102.037417 103.959647 103.991057 98.838602 101.939359 105.101338 109.595509 109.548729 
96.267298 94.273443 104.856168 90.332070 96.708335 95.320907 90.285844 92.791344 109.054837 109.607574 89.951665 105.350004 109.408945 110.450772 105.204842 99.375969 91.224858 92.770451 
110.333316 103.764989 90.160158 103.365760 110.350012 98.880163 106.533747 97.525694 107.552854 100.763813 109.074070 102.862842 98.590302 103.514456 101.118905 97.554327 97.337086 107.722177 93.691894 96.741582 100.574693 99.934051 109.334538 101.483770 90.170467 99.082951 92.679245 94.213190 96.605028 108.059147 101.587035 89.083135 92.713805 104.379560 96.703903 108.671274 95.477930 109.076821 103.164405 95.161261 
102.770609 106.162846 96.256668 103.846910 109.333356 103.652696 104.752121 93.476985 102.891445 108.943834 108.478179 102.125877 100.541534 94.982558 106.566680 105.066780 108.986636 107.031006 109.499041 102.401390 109.596180 92.567611 103.306736 93.818114 104.677210 101.503028 89.996648 95.906476 97.081694 102.323696 109.244295 105.003218 106.085457 100.684587 102.749590 95.671824 95.525325 109.293198 106.916525 100.641607 104.433171 108.951477 106.626133 
105.155845 105.837021 99.745276 105.985849 91.889830 
94.596148 100.751785 110.031650 97.389915 108.623188 109.940922 102.449100 96.889074 102.197958 107.717245 95.011418 100.929607 96.316405 104.938729 90.346001 89.400916 108.417856 100.849566 108.934658 
99.258318 103.640335 96.924661 99.839373 104.340166 93.923371 95.503028 100.717831 99.628590 96.033109 101.776746 91.950210 102.477044 107.218149 105.855711 109.431544 94.043816 106.744001 96.319471 93.789895 109.497240 110.434281 107.213789 
94.286421 109.336424 97.969036 102.965843 101.382666 99.057870 103.013101 108.542260 107.883297 93.221031 95.509142 97.134514 97.963974 102.571062 109.313030 100.716875 107.958740 91.807648 94.209466 97.782763 99.721930 96.473815 91.836418 109.268524 96.954209 109.760014 110.266054 93.406542 89.188217 
100.616871 102.488668 103.845303 103.461331 99.339721 105.552463 109.998955 103.425739 103.926333 102.334165 94.582161 96.182381 97.352438 110.187263 109.260649 98.457160 
93.009283 101.241926 100.837141 100.186518 101.821793 108.041233 108.641233 97.434310 101.979128 90.880731 97.424786 103.284063 109.033413 
108.005104 99.379517 102.464723 109.968234 94.110353 110.064930 106.127342 98.195030 96.188912 106.888248 100.568457 100.317414 103.442820 97.457781 100.822983 101.429836 99.500497 102.797566 103.832182 105.446775 102.576454 91.755607 106.658336 109.158543 106.290906 
101.162128 105.131655 93.009510 110.002410 100.092043 106.601959 100.858560 108.332287 103.353856 106.189250 109.566809 102.154144 96.256062 99.013459 104.401489 92.004388 92.745426 97.421893 102.325649 99.064079 101.527090 93.393146 106.382949 108.865047 103.887285 91.596799 104.709820 89.058415 97.669661 99.741437 108.420082 96.545540 103.281297 94.913591 94.160644 100.292298 103.722688 96.364364 
103.794176 90.475187 108.984625 100.840701 106.896037 91.106447 91.629571 106.162445 99.116905 109.261255 108.447730 104.819307 92.514295 107.053781 101.630325 92.086348 109.938570 104.909138 109.369704 103.883484 91.850032 103.590179 92.592870 103.008184 99.807464 96.134295 95.662165 105.554952 94.404158 96.220875 110.424989 96.805647 101.826222 106.531870 108.115850 99.669466 109.116589 99.444879 90.906010 100.747311 99.206255 109.161488 99.655264 89.688433 108.355727 106.596894 97.476463 
108.741034 107.813336 97.542707 106.243605 100.932748 98.932342 102.907408 103.469740 91.001386 104.536741 98.696783 102.959480 96.185856 98.377515 98.360857 107.987780 96.811976 91.840830 98.697732 108.166037 104.085791 102.350022 110.298760 88.927663 103.219774 105.087990 100.730047 103.523059 96.521808 94.799138 107.599052 
102.330430 107.908171 89.666713 93.269749 90.642904 102.147817 95.381148 102.808983 100.725154 96.353356 107.426701 102.754459 110.171034 110.413687 106.426806 103.401966 109.665101 97.158167 103.842398 102.502529 91.277548 92.813998 88.901779 
102.498138 108.647846 102.164636 109.114143 109.089465 106.811659 105.238456 95.329710 104.198277 109.882083 108.535157 100.538589 103.880915 97.952242 97.816406 100.430542 105.480192 104.802197 105.155508 98.566230 92.810820 103.073594 89.092379 108.230359 104.769969 101.967769 94.160681 101.259604 99.708919 106.852922 93.094839 100.304421 107.089993 103.539246 89.537338 90.233972 91.158335 105.325202 99.425221 97.901023 106.156979 
102.429209 90.677072 101.058641 90.436306 92.828637 93.666007 103.501484 110.163008 99.005180 95.960791 109.452752 96.160389 101.535654 98.265367 104.594610 90.574392 109.574607 104.134441 106.708814 97.947560 98.728415 100.984342 99.367834 90.602717 
99.992340 94.781200 108.964613 99.538681 105.678885 105.096408 100.365537 107.342084 101.525183 97.579696 103.455076 99.375304 104.668479 99.123454 108.448453 89.103825 103.211284 104.239647 101.807551 101.158123 109.169609 105.793623 91.106372 101.984573 106.087121 100.378525 91.256511 107.899497 105.713010 109.188434 93.784125 
109.821615 104.380923 100.090831 107.963690 96.900600 93.971375 103.019192 107.855797 102.713918 89.083026 101.977194 94.519063 
106.791892 101.084752 99.973204 106.011059 96.607679 101.792850 109.633177 110.372669 
89.836404 92.595158 104.604975 100.979943 95.688301 109.042003 109.198336 93.328719 108.721332 108.185907 100.259812 97.152564 107.730375 102.154911 89.963965 105.835209 106.020128 95.324485 102.620940 107.456766 100.978194 104.559627 100.689727 96.334141 91.167228 103.562797 105.559181 102.789195 
98.621758 105.137134 100.334856 109.248472 110.084495 91.186928 106.656261 104.436839 108.275373 106.434145 107.433478 102.118632 100.365456 92.251693 108.746628 103.871013 109.745406 90.300140 96.755847 106.450649 108.981314 103.287452 102.816013 110.157452 98.429159 100.670047 110.194211 99.908226 92.821383 102.190724 107.915958 94.401558 89.617194 92.277947 92.674476 102.353969 107.729465 89.429392 103.165316 108.857398 97.141292 106.604996 109.432448 101.268845 
102.893375 102.762875 107.850100 92.132967 108.072040 107.370394 100.962032 101.949023 99.997864 106.704034 100.919537 101.978388 96.317793 
97.293163 96.098315 94.983752 95.811461 110.000827 107.568361 108.511163 101.491734 103.922589 109.966278 94.406021 107.980886 101.474060 109.993295 97.797073 101.430544 91.496369 110.061433 94.603326 
90.943990 110.450176 107.904011 97.608843 106.501126 106.241581 103.898801 103.522469 109.571837 92.791826 98.384687 90.110898 109.425886 103.386420 108.993247 
104.705807 103.358078 108.293229 94.173842 109.106494 106.008353 102.923796 99.645245 
104.902019 103.132912 110.400862 89.302770 102.408519 103.104705 101.873551 95.903035 
102.820965 108.658478 95.692136 101.507705 91.146214 106.061218 90.740345 103.820239 102.072637 106.120812 102.401234 96.150888 
89.256581 96.277065 95.092096 109.219188 
90.868733 103.782995 109.213751 105.256384 104.698426 107.753610 104.178670 94.765264 99.299421 108.297161 106.719355 91.207070 97.153647 106.579105 105.427209 108.511924 
93.631332 100.210631 102.414796 94.964643 107.638454 100.072891 103.015753 91.363604 100.712544 102.164188 102.848888 105.789778 
93.636370 106.546650 103.687720 93.500102 106.303721 102.048517 105.251206 93.946187 105.996450 103.032144 91.981344 100.510628 94.254296 104.196002 108.148759 103.493036 98.918444 109.093403 109.910977 88.879855 
100.644255 103.625941 100.548504 98.940185 103.836246 104.855021 104.511735 101.843306 99.192454 102.763023 107.581718 99.777266 94.003215 94.503186 98.105844 106.663229 108.390301 
95.248284 106.234796 101.945094 102.963586 101.912938 105.675458 101.117917 102.552979 89.669340 
103.938254 108.619077 108.089758 99.174110 110.218629 89.909357 107.829853 100.976400 110.159887 
96.132939 94.209468 91.526742 110.384618 102.600514 109.123654 105.519253 104.083829 103.968915 107.195540 109.150840 109.632913 101.310923 93.294520 97.231641 109.784576 
93.955347 106.799131 98.547777 108.686655 100.064934 95.562224 101.347648 106.333276 108.004527 103.595537 93.315472 105.227292 106.083497 91.081165 96.985765 104.492887 108.167148 98.941645 104.463665 107.684396 91.845727 104.690114 95.396018 106.050963 
96.206925 101.387689 96.868219 91.792570 90.445101 102.376305 107.988045 101.212520 104.589745 96.585305 90.842246 89.240226 97.214618 107.859295 102.224454 99.725220 109.562080 107.257515 92.424046 107.389949 98.313946 
102.558892 101.744422 98.786547 90.657128 96.674979 103.156031 106.391298 94.093150 98.912783 93.889079 89.067019 99.925397 95.030660 89.775726 98.077671 91.894739 
109.314997 107.560988 101.746406 103.036234 109.067601 103.175246 98.322032 101.440284 90.432100 96.823080 93.580803 94.089301 110.385125 104.574987 110.238430 101.395394 97.403756 94.560579 109.790463 101.104403 89.032708 94.796975 88.814885 
98.872181 100.971081 97.489959 109.163705 106.841188 101.259468 94.435333 109.421061 106.093143 100.355124 104.557281 95.910994 108.893038 98.007268 101.969027 96.600680 109.219791 110.457703 99.725909 107.011921 105.264580 99.330822 96.838354 91.321213 
107.921232 107.048455 97.239064 110.343906 109.651883 107.891961 95.145267 93.194625 102.649834 99.098020 97.198053 90.816033 99.235919 100.786423 104.364565 107.588116 98.081074 110.421967 101.688848 102.715192 89.597585 99.699386 95.888209 98.681702 110.444452 97.927789 104.195018 102.393372 104.215572 101.886177 
96.810686 101.301011 96.694761 88.832813 108.782323 88.820866 97.642903 98.951644 100.613693 99.952017 95.538245 100.991246 108.026605 109.681642 108.681984 96.146646 104.408529 110.249873 102.943508 
98.256647 106.738392 96.328157 107.178195 98.182272 97.225733 105.358653 101.761723 102.598209 102.803437 93.352784 99.320749 104.076268 90.150890 93.840371 99.722126 102.582295 96.263125 99.349334 106.251336 96.777145 99.104187 106.314756 107.736527 89.748770 91.317854 
98.235152 91.749964 104.355803 103.889798 100.772856 94.361048 97.307594 101.474398 96.240210 97.355993 103.288871 96.604139 102.352913 106.960401 103.436643 110.178343 101.095482 99.862165 107.636077 102.660463 109.753200 108.088208 95.247174 98.843590 95.578998 98.790279 96.459503 101.837219 95.840165 106.438341 93.399028 96.884273 109.693797 103.958499 96.782562 102.055990 95.023351 110.389318 
105.272056 107.795794 107.257404 109.224065 106.019592 90.667340 101.141780 103.311166 107.177539 109.282759 105.314498 107.216830 105.667351 103.894171 109.464805 98.856375 97.684540 99.968897 100.334417 102.433792 109.515945 99.407937 108.731603 98.442595 106.093075 104.928634 89.992950 102.483450 104.782705 98.185435 105.248016 108.552569 102.526330 109.634922 98.991585 101.712574 101.168197 106.025544 96.564017 108.685268 106.187775 106.498658 102.565718 99.751300 
96.608964 97.378722 106.132227 105.451266 99.381625 109.575013 106.702645 95.281465 94.445045 91.832884 96.953592 103.293346 104.668263 100.285057 93.980382 101.022276 101.339510 108.967501 106.542629 101.817950 109.338053 97.684719 98.837304 96.452997 91.450082 107.308395 91.449747 94.518476 99.787513 101.070124 100.067424 107.282380 92.474735 109.577341 106.587543 100.181612 94.399607 104.393446 94.781904 92.128855 100.290937 107.860359 104.278705 109.730495 107.910022 98.085376 110.477444 104.221351 
93.856649 105.995331 100.282215 100.214376 90.589705 103.522558 108.205621 107.207651 99.686629 98.481427 90.270057 102.710257 110.056908 100.089457 100.769982 108.257958 103.218625 101.538735 100.835157 108.208880 106.166212 109.643749 89.024192 106.674385 91.095703 102.259985 92.453622 101.402326 109.768604 108.644920 105.664797 105.441056 99.296297 92.365860 97.752211 109.639544 91.470683 94.829197 94.931531 97.791892 94.288837 94.970242 101.033990 93.434059 106.995068 105.144403 99.957036 98.576564 108.094510 105.998424 
104.487974 90.561837 91.624397 107.112362 90.156972 95.552724 92.492667 108.770433 97.704723 107.702946 102.865305 103.465158 100.508279 105.683825 109.051137 96.639503 97.584985 92.227307 95.351175 100.367704 104.698114 106.055943 91.140684 93.353848 96.077864 91.313294 93.028877 89.257625 107.412965 100.763766 107.598404 96.963085 97.245165 110.293744 95.044067 95.181622 108.069474 96.366394 102.341166 104.917679 106.938674 93.788183 103.629649 96.972668 104.400531 109.446781 
