 69.110049  35.308306
 78.525184  35.773741
 71.854374  37.273508
 74.727078  37.760001
100.880584  27.787700
 87.490421  32.045108
 80.475580  34.286033
 75.509919  37.798691
 72.294166  38.493707
 78.832025  30.513194
 98.196988  28.341347
 69.560080  35.308725
 85.567621  29.226592
 85.521560  29.235051
 72.609648  34.991394
 96.878587  28.382393
 96.201424  31.685808
101.028684  29.188477
 90.450177  28.665539
 79.733124  32.603463
101.382493  30.422319
 80.340254  36.337513
 84.278287  31.492846
 86.188431  32.414421
 94.314336  30.351439
 82.547545  30.439636
 78.658892  37.733362
 82.027059  29.950821
