31.570806 32.276825 34.819685 35.739075 29.534540 31.898260 30.917153 33.315579 28.944990 39.166696 27.794002 32.178572 38.632096 40.695389 29.451332 27.448664 36.512351 32.019347 33.627851 34.044491 33.019974 34.452700 30.037414 33.756986 33.977531 31.337218 29.426731 32.326034 31.020351 29.115067 31.340548 30.849483 35.058089 31.279985 31.245300 36.943696 38.800340 29.552191 39.594429 
31.001887 32.927862 27.138424 35.739075 37.022374 32.129056 39.002637 27.990502 38.882100 36.429760 31.907191 32.126768 36.658534 34.161353 27.878419 34.846629 34.927585 29.736831 32.033323 34.975432 32.547070 29.753471 28.136236 33.166197 35.320171 34.310909 36.136038 28.537157 29.543222 39.376027 32.625849 
34.160589 31.005072 30.958204 35.549257 31.008508 33.396147 31.141183 33.990871 33.642236 33.076339 31.377649 33.975219 28.076960 37.342269 32.811544 29.957119 35.967327 31.655629 36.956624 35.129820 28.872626 31.093245 36.890638 30.254434 32.885946 31.777313 30.799153 34.381573 36.385896 27.993791 33.082569 35.697878 
27.646814 38.668669 37.342269 35.549257 33.489568 32.365335 36.625273 34.576364 30.880743 32.548159 31.420046 36.597054 35.017755 28.502798 35.007114 30.593135 35.199206 32.937161 29.529996 34.318835 34.718068 30.356957 31.359084 30.915506 33.882798 30.115921 
29.147913 36.119146 33.592171 35.722667 31.490076 35.320389 35.391672 31.814413 28.280908 29.116029 33.546208 32.315702 37.352169 28.506271 29.702647 39.040494 40.221516 31.430652 36.231648 36.265793 27.529992 35.283339 33.940740 28.796647 34.108109 29.648373 32.545617 33.796220 29.848352 32.228183 31.969217 
36.374393 39.146558 33.427784 35.722667 33.575331 28.984126 36.212766 33.683733 33.690739 36.773229 35.514630 29.900146 32.901198 34.436753 32.301033 29.213895 35.165936 30.856395 29.212028 32.088572 29.138409 27.320673 27.027996 33.324222 29.682752 38.553233 36.511887 33.000164 36.848101 36.962945 33.890303 32.273764 31.940515 32.134733 29.445977 
36.405257 31.337111 37.169786 37.364242 37.496859 37.098188 35.193086 36.709294 38.469229 37.211808 33.946730 29.251505 35.352158 28.280908 37.891922 28.031206 32.246767 30.080549 30.095187 37.983987 
36.379043 32.176733 39.665004 32.555471 29.779738 33.946270 26.521927 33.412852 39.245194 29.012280 32.676160 28.444209 35.812983 30.075158 35.148295 31.931871 34.659104 39.476744 29.489719 30.550936 30.121494 37.465966 33.830541 33.970492 36.229105 31.322992 30.211269 34.352508 30.006251 35.436831 36.796560 32.863467 38.790192 31.666763 31.150706 33.110520 37.155683 35.001674 30.597084 30.643669 
36.256593 37.412638 35.206006 37.944963 30.557343 32.975973 30.592657 27.139273 39.245194 40.413711 36.565898 36.950711 38.749707 35.188314 28.721510 30.336035 33.864663 28.575682 31.609020 32.175188 
35.341138 29.391361 28.301415 36.278508 36.327231 29.332697 36.512195 31.437896 37.523471 29.681363 32.107749 39.012581 35.638120 36.743449 36.839018 32.692529 32.341841 33.275409 32.633681 35.617651 30.354340 37.282833 
36.467832 35.659943 40.180909 31.031361 31.846619 34.742085 32.398161 35.044143 27.621578 27.277970 38.787172 31.318873 31.738510 28.588621 32.441437 36.214817 30.215034 28.331012 27.725248 38.263828 
36.104602 39.683290 36.423584 34.475722 31.991697 33.723771 34.248735 38.904705 30.243186 26.707615 37.926594 37.259755 37.124744 32.616947 30.744889 30.723061 33.971068 31.477005 30.636831 38.601371 29.423322 29.630918 29.230248 
36.392901 33.062434 33.402900 34.174423 31.769355 32.154733 34.003908 39.146400 34.494095 32.347748 39.081526 32.444916 37.402664 32.860500 28.254991 37.839159 29.174302 33.839300 32.741420 31.194745 30.021689 29.180345 29.165218 29.667690 38.992603 33.945865 29.052636 31.105171 35.468635 29.546377 28.703049 32.711084 31.470837 34.065775 31.621459 34.881993 31.156044 30.154094 30.381088 33.925229 31.595497 40.727844 33.119222 29.951889 31.719825 36.972573 32.073155 34.331269 31.764997 
33.457603 39.924818 34.919310 38.096397 34.277036 36.013394 30.726435 35.556119 37.583456 35.866962 34.244740 30.535042 34.418355 38.799970 35.412018 32.588263 34.314847 35.874560 29.958185 36.501452 36.583230 30.370741 39.600020 30.125335 32.175689 30.870308 38.354258 32.295280 32.658942 35.839775 
28.460449 30.819900 30.325493 28.394256 34.564674 37.501921 27.310030 35.673136 29.151192 38.329974 34.007603 38.013926 37.861158 37.966679 35.591866 
29.743053 29.603493 28.852805 29.116305 32.530429 36.033651 29.078145 30.460730 37.574631 38.400479 30.934163 30.236535 37.156698 28.391034 34.040192 40.016746 31.295623 30.633572 29.753742 33.225513 37.547875 29.382158 37.914477 36.343588 38.777621 34.141427 33.636791 33.054546 32.191979 35.124515 
31.363403 33.611497 31.527405 28.071910 31.532383 35.839665 34.431991 32.145787 32.644599 38.797013 31.634562 32.090016 39.204716 34.872209 34.748901 29.858881 32.178866 31.951851 37.208722 34.224891 36.480257 34.975546 35.541768 34.301194 40.761319 34.361245 40.474293 30.629893 31.103404 
30.115096 32.359494 31.467778 28.546917 32.548854 32.589006 39.210545 30.765867 39.317256 29.918842 39.294638 37.442532 35.876221 32.848557 30.278228 
30.946525 29.498098 35.384194 34.800614 35.765036 29.464087 34.872758 35.406449 39.056118 31.554693 39.729481 33.803882 37.461961 34.757266 36.129867 34.369394 28.827947 33.585995 31.068219 30.129716 30.777808 30.228792 29.049826 29.633735 
29.053736 33.676977 37.620690 37.780460 33.250132 34.868617 35.622760 30.371857 33.711756 28.506666 33.218214 35.835970 31.705774 34.150580 29.741730 33.462297 29.439962 34.884252 28.489174 31.513176 33.471806 35.577909 34.392696 39.233313 38.714772 34.679751 
34.424254 34.545769 29.666307 38.613611 29.422620 29.039576 36.135683 35.439572 34.662719 34.779418 32.385938 30.880121 32.305933 34.251470 35.449815 34.149665 29.931391 33.618013 33.674532 39.191487 34.954752 34.011439 31.823619 33.719187 33.622370 
35.976675 36.792695 29.952443 36.620844 34.456108 30.794780 37.768481 27.791785 32.401044 40.941090 28.300545 34.118996 30.805664 33.074537 34.035604 29.019041 29.965116 32.683829 31.828785 31.455046 37.519114 36.338246 39.971322 28.897991 29.771331 
36.389937 30.646674 33.017288 26.558139 30.862823 34.940858 38.572361 39.740148 38.033619 39.963408 31.156484 32.602048 37.669054 29.793870 
34.194069 29.882831 33.469380 27.595639 35.401920 35.106442 39.854236 39.791518 36.846677 36.562928 32.613222 35.826737 30.051950 30.350363 33.454880 28.559601 37.751448 32.582635 30.561633 39.440883 36.153094 29.525253 32.832842 34.345067 33.335190 29.860138 34.064016 30.906179 28.319907 36.050342 33.212119 30.858414 32.045514 32.739893 
29.139300 28.935051 38.839272 28.785950 37.321539 34.641591 31.103008 29.107652 36.052506 29.159470 33.026149 36.041706 30.288566 33.116744 38.028869 32.464645 31.373789 38.174753 35.366329 34.166569 32.634129 32.137902 26.515495 35.667886 30.646830 38.040088 34.794633 39.523053 32.095578 29.803561 33.902133 31.555080 34.042649 34.110441 34.762890 31.856420 27.540178 
36.178681 32.459637 30.712646 31.617478 30.285802 32.423353 31.275510 28.660410 36.006400 36.522732 35.968535 29.876457 34.341723 28.402020 36.861351 26.803270 34.875874 37.699948 36.972665 37.838268 34.008499 30.317740 31.430195 29.625764 33.056292 
36.446216 34.792606 33.521534 30.651562 35.686613 30.217579 31.097419 32.023029 35.940707 35.295080 37.495816 31.934561 35.269951 35.686854 34.606971 29.820282 38.749701 31.099923 31.100950 29.581858 30.436842 
32.239319 34.184018 32.576481 34.854776 35.572305 29.562063 36.417586 38.604048 35.832802 34.056320 34.578511 27.171207 29.719352 34.564588 37.799817 32.212627 33.517413 36.479464 26.934951 29.140092 33.090941 
38.062063 35.739467 33.053667 31.089921 30.748479 34.881842 33.994067 32.495901 37.700780 29.996943 27.641884 32.309846 
36.212061 31.376057 34.364465 36.648404 28.054155 30.681890 29.243929 34.542383 35.202216 32.539310 29.786573 39.610243 38.030976 32.258553 31.494081 29.854934 27.642865 30.497277 29.528017 38.888657 38.752657 37.612364 33.273726 36.165775 34.912487 35.313250 30.446530 30.480951 29.307040 
36.444120 29.387358 33.692246 31.566980 33.453720 35.496472 29.590161 35.172017 29.893664 31.989083 34.131128 38.733218 27.504982 36.508951 29.555604 31.012766 35.666012 35.299699 34.908876 31.943345 34.818303 33.137025 
33.802666 30.095960 27.246541 30.284613 34.205237 35.600651 36.085050 35.202562 34.558119 38.970828 37.524027 39.708749 34.428181 33.546310 33.892751 34.804759 30.211974 33.424864 32.449161 32.893624 34.231112 37.441162 29.491490 38.993963 31.562799 31.210325 
35.136985 34.958618 27.625352 31.999041 31.538260 30.562767 38.761044 34.676370 33.662373 30.529863 34.080126 35.004672 31.196859 31.109886 33.334157 35.730026 39.541921 31.384132 33.200486 36.885760 31.959184 35.612947 29.149227 39.557430 32.122591 29.106173 32.395457 31.604994 30.535565 33.377851 
30.050662 33.814932 35.442861 34.646304 30.961590 39.747846 29.688966 38.816684 35.792492 32.967211 33.833352 28.292701 28.414843 34.734950 34.903770 31.551607 40.941529 32.943397 34.165203 37.010683 33.021212 31.626979 31.350242 35.651535 
34.740565 28.301223 36.504535 35.741119 34.264118 28.619807 32.648482 32.075409 31.910541 29.210652 31.218451 38.229424 33.438553 35.717052 35.067065 31.336492 32.933678 39.747924 
27.875104 36.022582 37.868459 37.044474 30.322612 33.409580 36.151836 36.647462 28.896568 27.677959 31.630186 27.062641 31.134642 33.296195 35.557106 29.352115 36.254380 34.949296 30.676465 36.494198 29.891844 35.835056 34.954270 36.166122 35.784396 28.754850 32.321190 27.659402 31.150718 36.411536 35.960624 
35.837160 39.227524 33.899226 33.557959 35.863945 27.479326 39.434375 35.618836 29.037926 26.975191 38.291229 30.190594 33.467765 30.009484 35.557106 29.325002 36.021580 33.213111 31.571817 37.815321 31.682153 31.092521 34.538460 32.678600 
40.150536 33.336778 38.615443 26.914229 36.304911 26.730931 31.078341 36.969183 33.249810 29.932297 30.440159 34.935943 27.129665 32.891941 35.478023 31.573015 31.767076 33.809124 32.903074 31.857131 30.280921 39.178966 30.714989 28.455696 30.634803 35.634970 32.184738 33.307282 32.605677 31.624022 35.462981 35.250068 
32.461952 32.736337 31.254668 40.062823 30.094051 27.261272 33.107119 28.486102 33.321249 28.272273 30.128918 28.949782 31.768877 30.235104 35.520831 33.983935 36.273831 30.910193 32.669690 35.416724 31.119547 36.241471 30.083232 36.461398 31.656345 34.727404 33.958689 31.903925 29.274717 36.197735 36.236382 31.961644 36.488303 33.519697 31.654467 29.261011 34.690743 30.119821 33.273811 
33.972241 31.504884 33.991670 30.862730 33.932721 27.689307 38.006984 30.608387 35.773156 38.436667 33.845613 30.308574 30.828493 34.818020 34.994406 32.945663 39.503561 38.312327 35.234320 35.017205 29.562423 28.271520 34.397023 32.846108 33.352942 29.979948 
30.849136 33.756984 28.910506 36.038397 30.013200 34.079081 31.766831 31.359726 35.449469 28.409910 31.561700 31.974241 28.563423 38.189738 28.071588 33.469820 31.046766 33.391891 36.275493 31.226895 34.833388 29.890757 33.346825 31.801240 27.400136 28.983484 37.326932 29.944743 32.795691 29.967402 34.394378 
34.531554 38.550106 32.296218 33.973541 29.412996 26.982559 35.172996 31.398423 34.158037 27.809015 30.785060 35.350229 36.635290 32.646976 32.326934 29.876182 35.814454 36.311779 36.288011 32.313260 34.389531 30.117381 34.418114 32.078617 34.698252 36.321773 31.181176 34.174742 36.092968 34.146547 31.884240 28.367141 38.776609 
30.699453 28.623580 32.490186 28.744906 34.144099 27.570027 31.047252 29.546336 33.825290 31.810877 28.699757 33.814600 35.451875 31.669412 34.093548 36.754017 30.664640 30.732234 27.863661 30.032952 37.104349 39.082804 28.520445 29.471946 38.862453 34.261581 31.539267 36.719670 
31.094254 36.627368 38.707741 28.175556 37.167401 29.158850 37.376521 35.734068 35.648899 29.032755 38.236385 33.618674 35.453764 28.374144 31.956633 30.690151 34.782416 29.408638 31.352769 30.137170 37.295302 30.374085 32.986539 31.865992 31.615891 31.034110 
40.818653 32.927197 38.387817 38.600717 35.058681 30.138080 29.617229 37.647515 32.684574 30.514571 27.301858 32.041176 35.952222 33.709762 34.553593 28.833806 34.073130 29.047407 37.462052 39.338043 35.038800 33.999428 28.806785 31.003157 
29.515172 38.620830 38.143835 34.307235 29.562349 36.888210 29.455734 26.940814 28.682292 32.485560 40.004058 35.067727 35.965626 29.375689 32.464683 39.262459 32.471890 30.252190 37.879215 28.873887 29.554806 38.576063 37.578211 32.349581 27.213954 38.927556 28.268123 
26.568936 33.175841 32.914943 37.335237 31.265293 36.329735 34.576853 36.269461 28.922727 38.734105 33.611124 35.151385 35.919353 31.495679 29.010221 28.682747 34.403572 29.559021 34.800541 34.679489 34.848428 31.380441 29.092209 33.352842 34.214132 29.311353 26.832902 34.100830 33.253967 33.253752 
35.213764 34.776361 30.795833 29.903713 36.194610 30.245855 38.044762 34.524943 37.175812 32.490811 32.838961 29.624343 35.919353 28.147901 35.471410 33.886735 33.339112 37.644242 33.499465 30.926136 30.930104 30.710074 31.506153 31.948335 33.774017 31.930900 38.936103 33.970240 28.572952 28.697011 31.174301 
36.113548 27.701912 35.500026 33.762258 33.623337 30.235269 32.993962 35.199348 29.101873 28.871845 38.393502 30.517304 35.919353 36.723054 31.109901 38.536442 27.919459 32.091689 34.271540 34.159179 31.662404 33.480873 
31.637464 34.203975 38.230542 33.111552 39.246410 39.391243 32.122901 30.038617 29.026286 27.553962 27.887616 35.733042 37.448106 31.888352 38.827215 30.817273 30.802169 35.294407 36.925998 29.324973 29.897306 28.181473 36.785565 30.454737 
34.240628 39.198902 29.875390 36.360200 29.569296 32.321194 37.715562 30.517489 33.306851 34.500729 28.748697 33.237146 37.846804 34.554035 32.775993 32.868072 31.721070 
31.568185 36.473045 32.067112 37.715562 37.780328 32.772438 32.446590 28.966987 30.464606 33.928398 34.158595 30.851454 31.414805 33.799568 33.267443 34.091433 33.213903 32.061558 32.341923 29.397658 33.999179 27.543435 35.003198 33.201321 30.873988 29.001920 36.351321 30.912619 33.432971 28.395191 
30.914274 28.916243 36.630391 37.715562 30.590655 32.646928 28.977851 30.956687 39.626543 30.474227 31.314760 35.238886 33.294573 30.545538 29.962023 34.861954 38.089952 32.485365 29.019207 27.631850 30.591490 34.472575 32.146627 27.921665 30.628074 33.406268 37.353122 30.511153 36.226422 28.339283 30.308047 33.422855 32.884401 
38.505143 31.991069 27.372220 36.496932 34.022545 29.190125 29.066673 28.939373 34.407585 28.061120 33.323710 35.182325 38.590514 37.870821 39.755268 32.949642 36.325569 30.531708 35.438135 38.941824 
32.011922 35.504489 33.392191 36.029535 35.438085 36.060636 30.749492 30.261212 29.896357 30.282852 33.560589 29.001249 33.960862 32.640973 27.212546 31.024313 37.208380 27.569342 34.296004 37.507467 38.077081 31.179740 
36.555302 35.293766 30.626161 35.845907 32.739555 33.445891 39.907812 29.865096 30.027860 29.982641 39.693553 34.820150 33.213589 36.159894 33.803391 27.904840 37.409194 28.924120 
32.494529 36.429523 29.665186 35.090679 35.164916 29.655051 34.244616 34.534561 30.894434 36.055742 39.685974 32.099623 30.633517 33.794978 29.842283 36.375905 33.291221 32.874266 
32.981326 32.152592 32.190853 35.032100 29.538260 27.671007 34.254206 29.263588 33.022709 34.055436 38.865094 29.329825 34.769796 37.676265 36.844670 
40.332656 33.731733 32.579953 34.307779 33.734443 33.460627 28.614322 35.243957 35.187775 31.969026 38.996199 
28.951852 32.226758 37.972626 34.437573 30.254929 27.852186 39.598371 28.566715 29.451329 30.970568 28.505496 30.428407 29.913637 34.849719 38.741645 32.398024 36.946773 34.318768 35.160142 28.961310 33.969466 32.858110 32.378210 30.989679 33.400739 34.763534 
28.651712 34.518376 37.477075 33.614212 31.461924 29.651242 31.243926 31.544497 28.423027 34.386140 32.507276 33.436208 31.489251 37.450296 29.655935 27.589629 31.391144 28.744599 35.942567 36.543442 33.418794 39.021981 32.902788 31.384944 31.744657 31.248835 32.095878 31.636387 33.679709 
36.698777 27.849467 27.348941 29.398930 29.744577 39.060634 28.713733 31.094791 38.599564 36.406543 29.242289 31.316324 33.036022 32.264547 39.338377 38.178475 34.394759 36.158426 34.297926 35.144539 30.446696 
28.570045 32.636365 39.111282 39.233101 28.137574 36.981738 37.021239 36.482583 32.359020 38.368330 39.314130 31.662074 28.449123 34.525944 29.833017 28.978894 28.323874 34.147932 30.058978 34.258317 28.054272 
39.095313 28.404823 27.130512 26.770213 34.103537 40.047375 27.568616 28.073283 35.102289 38.370999 30.566703 39.041694 29.239911 39.014603 35.738393 35.999044 35.307604 30.504073 30.454736 32.748610 
35.710486 33.799372 29.377884 33.520247 38.285984 35.568676 36.239930 30.603171 33.145233 35.400347 30.432998 35.735785 31.605172 31.025370 33.024495 35.446969 34.368508 30.967007 30.042500 34.846458 
28.315937 34.629275 33.882453 32.579944 38.285984 29.507099 33.446423 38.932520 34.445010 40.547252 31.270605 35.735785 30.513996 33.858322 27.469552 31.391253 26.654698 29.814645 30.714831 35.382252 26.594218 31.833128 37.041756 28.238296 30.073307 33.264684 35.630300 30.349824 34.652457 30.302187 32.480431 38.838282 32.760060 38.201236 33.409383 38.133111 34.375136 
31.837038 38.167167 35.774285 40.340865 39.688156 27.611503 36.695609 28.728852 28.761050 32.667322 31.168895 35.735785 27.522262 32.746499 29.842180 31.801923 38.689838 32.479907 30.369007 34.465357 33.492721 38.569366 30.377945 31.077811 35.432000 30.159903 38.156373 38.226129 36.177415 32.351139 35.184742 35.558713 
33.133096 30.757945 28.442313 30.653040 29.458751 38.297713 35.323992 27.984564 38.547305 29.174243 34.614344 35.749905 30.519110 31.482723 29.739111 30.386628 33.299424 33.385923 38.740417 31.734381 32.159529 39.478697 34.160464 31.862687 27.475560 33.793136 38.259326 36.509172 34.518712 30.000590 28.055730 28.651538 33.137688 
33.870346 34.162626 35.249623 29.728011 31.083597 35.659515 33.576607 37.319610 32.262358 39.052239 35.634390 34.836777 35.156309 34.858942 32.020601 34.343386 35.500724 36.011766 36.402058 33.594615 30.276343 32.653680 29.008703 31.594349 31.926145 35.983138 33.773819 27.868069 29.223103 33.727267 37.670322 35.352047 38.841134 29.932689 29.300102 30.287490 
26.855498 32.878318 31.000487 34.621672 36.913440 31.486595 34.529170 37.311403 28.750741 29.915412 33.332812 28.843527 34.066897 32.721536 28.154134 31.224104 30.141636 37.071796 33.094370 32.812390 33.401311 33.534338 28.774326 29.767077 29.599748 35.743679 32.866636 36.206760 38.077409 30.318095 33.800436 37.254146 
30.845568 36.838110 27.665215 26.759037 31.028026 38.376106 27.731778 28.364219 33.437538 30.105756 35.467863 32.820889 38.408308 35.894769 35.136227 32.148203 35.743586 30.612886 33.003104 34.279369 29.931563 34.207649 
33.903332 36.834908 35.732403 27.579101 31.267810 30.815047 40.084710 30.757727 37.642094 28.603565 33.666384 39.576599 29.954212 39.720916 39.205723 40.035409 32.284247 36.586723 31.728418 37.682011 29.029750 37.395729 33.679423 34.109950 36.538907 
38.253739 36.086514 31.140714 36.147555 34.390333 38.088009 30.443272 31.677984 36.063183 34.159565 31.255843 35.249961 29.837089 37.126879 31.101800 36.705638 31.399180 39.297712 27.466774 
38.473588 36.415390 32.248256 36.181023 30.299731 34.756524 29.249597 32.621507 34.627787 37.102444 29.371835 34.668405 32.870822 27.394611 28.047718 33.142810 36.889148 33.093812 33.321142 33.367166 31.321888 29.703341 28.864215 33.262552 32.181842 38.907364 31.706815 34.473092 
38.696883 36.080808 37.462460 27.429576 35.657780 29.264035 28.975986 34.016540 37.028452 33.390099 28.706115 39.891688 38.831859 29.571242 30.117651 28.443230 37.158017 35.971633 28.363851 39.472630 32.906815 
32.895312 35.849075 31.474410 35.360736 35.858681 31.770975 33.576214 37.908834 27.748816 36.970757 31.972244 38.369866 39.081444 27.521201 34.869717 37.113941 34.814416 31.502631 29.451488 
38.579594 37.154965 36.408530 31.346192 31.525888 31.742866 32.898197 31.189869 39.256366 29.622836 36.986266 32.709779 35.076144 31.142199 29.097473 29.523121 31.120876 40.502582 28.147402 32.942730 33.974699 30.149265 
32.573519 38.908606 36.873608 28.632232 35.308535 36.790047 33.696551 37.863642 36.852647 30.811626 28.696858 30.464603 30.215567 27.630611 36.053579 30.061388 37.272012 37.832279 35.919983 
35.247384 37.948686 30.779024 31.119568 28.488287 28.980196 36.193871 33.973481 27.874935 29.838444 30.789758 30.662005 40.252987 34.397950 30.047191 34.501738 36.804793 29.870920 29.660823 
33.827594 30.887954 29.887896 32.139945 34.011877 28.028797 36.193871 30.957010 30.966840 37.049350 31.148374 34.700100 33.189166 35.210103 29.865545 34.658817 34.923372 30.240905 28.575149 35.718347 31.239136 28.788148 32.743248 
31.495443 35.224612 38.855032 30.361525 34.315035 28.639370 35.949071 30.504232 32.363137 38.399344 34.273902 37.054513 31.152641 33.780105 36.478111 27.662378 34.440931 40.519365 29.828551 34.150718 
34.227787 29.545650 31.342487 33.184941 36.808270 34.033172 36.815615 30.976887 37.393775 37.944800 27.954257 34.477167 30.296376 32.529202 32.627902 32.630887 29.967177 33.523028 29.244584 32.483775 31.413046 33.025611 32.771084 
29.620361 36.141683 32.883428 33.387403 28.698553 30.709598 36.971526 36.913927 32.972477 38.825090 32.100562 34.852506 29.609042 32.241075 32.170524 38.682928 37.005003 33.774041 31.969409 37.173936 34.819783 30.930296 29.508396 29.596232 28.562421 37.101739 33.852674 29.499843 
38.973565 31.628853 32.037566 30.949416 36.155611 33.342130 36.062844 32.281507 36.546341 28.581883 33.531513 29.606949 32.259985 31.435893 31.801863 32.956228 27.553895 36.525344 33.174100 32.365606 29.069621 
33.592006 31.691818 33.377527 30.228025 32.725005 33.725930 37.054148 35.465462 32.456899 32.830617 30.284780 35.216564 34.525653 28.207174 39.622464 37.200019 35.296661 30.195441 29.393083 33.754062 34.158120 34.918240 37.564430 33.652297 31.599831 
30.818109 34.036709 26.765373 31.580345 34.814221 38.074798 35.977663 30.043928 30.917141 36.511229 37.802588 29.355735 28.676803 31.066850 31.993651 34.281077 32.863391 38.426645 35.175421 32.316584 36.725603 31.808536 33.568213 38.771286 29.232247 33.578960 30.530171 32.378662 
33.767971 32.005016 31.338945 33.574503 38.066466 31.999079 36.104771 31.291179 30.618842 31.086887 35.813682 35.951955 31.941783 31.207464 29.390611 33.774284 30.385786 29.366174 32.466305 30.375108 31.480161 34.044638 36.289615 36.455367 30.073295 30.430327 32.328366 35.514642 
35.939007 27.202925 32.994493 38.107788 38.637879 38.347793 35.922796 35.183308 30.313108 27.605835 32.760050 29.741116 31.343049 34.661409 34.257479 33.310299 31.088790 32.851317 31.286131 35.335594 37.114608 37.008302 31.324478 34.223171 38.596954 33.117553 
40.390120 30.285363 32.514402 37.905814 30.719232 30.942496 33.339949 34.426126 38.169231 32.327262 29.068111 35.315652 32.135042 30.362887 31.878603 32.498407 29.650685 35.248625 29.025481 31.807255 35.351819 27.560854 31.089243 32.359825 28.880110 33.412558 29.499939 34.627581 30.551606 40.134927 37.097827 33.253111 38.802012 26.880832 
28.523270 29.828221 30.633800 37.687865 30.087537 28.866730 33.035457 31.631753 37.229999 26.841546 35.665010 37.258472 32.276359 40.238815 37.362199 30.480357 28.084267 30.712592 38.137556 29.550689 31.618097 32.183558 29.770461 
35.518977 38.856356 37.215154 33.225683 28.538557 32.361534 29.035370 34.695482 37.952078 32.802233 35.724323 30.539865 37.353759 30.673828 29.749290 31.247499 28.808728 29.370197 29.784145 40.481816 26.560203 33.539046 29.729385 33.450621 28.885115 28.805678 27.737093 36.326853 36.024882 
30.996909 34.772219 34.888241 35.018650 30.836203 34.561141 40.273667 36.408918 34.317893 31.471832 30.975076 30.416360 35.364979 36.212438 27.378058 38.702510 33.455476 33.877276 38.568956 36.353812 33.220029 
35.899135 29.730433 29.883909 32.436317 32.279815 31.988175 32.264344 28.552841 37.163574 34.339413 29.574783 32.319117 35.364979 31.837375 35.731022 30.550912 28.448419 34.581521 31.493458 39.111559 31.451029 37.571385 30.469222 35.586589 34.294897 34.430922 33.184297 
29.179035 36.795342 33.057524 35.342731 30.685793 34.793322 36.635851 32.913484 37.669172 30.647700 28.333176 32.937898 28.877699 29.922773 31.390182 34.267014 36.684780 37.640329 33.764210 39.263959 36.418884 30.806198 
37.768579 29.383921 37.545350 28.041977 32.855007 37.630004 35.801098 30.631259 40.256686 27.418052 34.809260 35.143229 31.100330 30.772147 28.615160 28.989755 33.276769 38.870323 35.623919 33.058813 36.233250 37.157072 34.084542 33.081989 32.516010 33.992664 31.454952 31.678154 30.833218 30.861639 33.721911 36.252698 34.622885 34.101777 
30.919370 30.156749 35.463885 28.945378 38.204248 29.267792 32.823104 32.328080 32.526169 35.045445 38.820123 30.839755 32.630838 40.613941 33.350258 35.235496 34.718842 28.051607 37.577756 36.098518 32.242149 
33.302792 37.502506 35.055303 33.407623 34.358545 32.840092 29.485491 32.646661 27.456353 36.075011 29.073161 29.572886 31.442701 30.659229 30.527685 33.730455 38.462127 28.135416 36.967012 32.089597 34.980368 36.371015 28.272708 32.165221 31.513546 34.383855 
27.455380 28.751205 35.663151 28.569173 38.736592 34.454467 30.196583 30.169575 28.668036 36.958985 30.731448 33.630326 35.506440 36.905776 35.472919 31.862916 36.061933 33.173190 33.194882 28.838450 33.182556 30.881882 33.565453 
36.164113 29.901611 36.220129 35.227844 32.604008 31.307784 37.218913 30.815148 29.107487 31.933305 32.346517 30.780676 38.456731 32.977684 32.941707 34.482191 28.181923 36.151086 28.315551 34.569770 33.102900 37.205817 30.881249 34.413119 36.375503 29.169034 29.793166 32.261253 32.707540 33.103001 30.598828 
27.664908 30.617943 28.207136 28.321070 30.985704 37.138566 34.936847 36.288392 30.908977 31.307139 33.074840 31.944921 37.686650 29.163586 
