0.000000 0.014993
0.000000 0.015519
0.000000 0.029937
0.000000 0.026259
0.000000 0.015280
0.000000 0.015022
0.000000 0.018463
0.000000 0.014432
0.000000 0.037240
0.000000 0.023836
0.000000 0.025526
0.000000 0.041954
0.000000 0.011654
0.000000 0.016381
0.000000 0.036624
0.000000 0.013011
0.000000 0.019686
0.000000 0.031984
0.000000 0.025942
0.000000 0.023875
0.000000 0.027281
0.000000 0.020469
0.000000 0.040254
0.000000 0.019683
0.000000 0.018576
0.000000 0.042852
0.000000 0.024370
0.000000 0.047476
0.000000 0.057669
0.000000 0.027800
0.000000 0.021329
0.000000 0.024530
0.000000 0.016018
0.000000 0.026369
0.000000 0.028294
0.000000 0.014976
0.000000 0.023521
0.000000 0.016881
0.000000 0.015200
0.000000 0.022572
0.000000 0.015681
0.000000 0.014008
0.000000 0.026165
0.000000 0.034901
0.000000 0.035838
0.000000 0.037353
0.000000 0.015825
0.000000 0.014219
0.000000 0.066976
0.000000 0.024160
0.000000 0.031948
0.000000 0.016043
0.000000 0.017498
0.000000 0.032688
0.000000 0.029447
0.000000 0.027363
0.000000 0.040877
0.000000 0.069450
0.000000 0.039107
0.000000 0.029170
0.000000 0.017921
0.000000 0.043886
0.000000 0.025377
0.000000 0.027348
0.000000 0.023757
0.000000 0.013942
0.000000 0.019634
0.000000 0.019161
0.000000 0.018406
0.000000 0.019733
0.000000 0.028706
0.000000 0.029404
0.000000 0.039851
0.000000 0.017597
0.000000 0.017808
0.000000 0.029727
0.000000 0.054508
0.000000 0.021850
0.000000 0.020013
0.000000 0.029483
0.000000 0.025836
0.000000 0.025202
0.000000 0.014710
0.000000 0.031513
0.000000 0.036748
0.000000 0.012750
0.000000 0.023257
0.000000 0.017818
0.000000 0.015642
0.000000 0.028581
0.000000 0.023113
0.000000 0.036527
0.000000 0.028523
0.000000 0.018450
0.000000 0.023698
0.000000 0.038527
0.000000 0.022756
0.000000 0.022538
0.000000 0.018626
0.000000 0.047639
