76.928327 78.118898 79.129521 71.097611 99.687250 98.316413 79.254102 75.884801 90.908978 72.548721 97.562945 94.232270 74.820831 70.039103 94.426663 97.041796 69.856900 88.645724 80.393975 88.005723 72.728285 77.070717 95.106088 77.691245 88.539925 100.102754 87.007067 87.778991 99.647756 93.542479 89.610726 100.680059 86.699454 85.578400 81.374944 69.002578 73.012953 97.292323 69.415221 
86.125377 77.357074 97.162647 71.097611 69.326562 87.319360 72.378830 99.918496 70.504639 82.822385 87.381208 82.782580 79.187436 78.371553 93.796973 85.947129 75.994501 89.935266 84.419518 87.251860 77.895157 96.579781 96.756738 75.019436 69.408251 75.104319 83.909574 98.464514 101.701291 71.309488 84.753215 
81.201148 98.858470 95.248681 72.257751 85.030352 80.552298 93.351065 78.493374 92.345466 75.881847 87.330619 91.526939 97.153001 73.261293 73.115293 89.724249 77.689741 83.045562 82.198996 71.518973 95.542428 87.515782 74.061600 79.548545 90.203001 91.656442 82.289702 70.135558 78.607551 95.987518 94.584931 84.749635 
93.621483 68.765876 73.261293 72.257751 84.112869 86.709378 69.029395 76.016187 99.084760 89.445424 79.208086 83.201318 70.562257 99.065810 88.359968 92.016810 70.412887 93.100912 85.293554 88.334411 86.643208 82.042474 77.173805 80.092888 79.262406 90.867258 
89.149055 77.878711 92.077864 71.831266 92.747670 85.489366 77.238554 86.714831 97.863267 89.774262 74.924158 88.450872 74.660479 101.445375 87.842597 72.721623 71.711765 82.462372 73.109560 69.244883 99.423450 73.054696 91.382607 95.110799 89.128086 82.433280 89.094161 88.730336 97.162327 94.517540 93.956228 
74.840475 73.551846 80.332235 71.831266 80.574611 97.025415 79.280311 87.485591 89.462308 69.007474 74.230258 95.406049 72.584550 73.610763 91.211288 93.074116 80.447051 80.897408 90.251027 82.313767 99.801969 95.438923 100.951873 89.679674 88.527235 72.066734 79.817384 90.671485 75.279751 74.336872 81.076399 86.470884 87.302389 81.990195 87.528807 
70.437278 92.479785 78.461120 69.970221 75.631795 68.467786 74.301661 75.912933 71.414022 78.781588 77.684956 86.432367 68.408469 101.264206 77.155938 99.666542 73.383655 98.355461 99.250253 77.521965 
70.148471 91.856525 72.153683 87.428902 91.902470 69.788956 101.324642 90.270953 71.762118 92.549383 82.302442 100.830454 81.835791 86.033670 85.192487 76.771542 68.502993 70.226172 84.675101 83.278447 92.536465 79.178625 81.707761 74.808285 80.252273 76.813697 93.686220 83.989400 82.043047 68.879599 80.404534 90.281796 68.524970 93.607878 92.378933 88.798271 81.082683 81.883670 94.520088 80.990000 
69.781915 69.377158 75.082367 78.732107 88.807105 86.391534 83.481921 99.524539 71.762118 69.876584 69.201952 78.749605 68.049075 69.959619 90.355367 101.393962 83.282182 96.482671 94.744104 78.258108 
71.315666 85.814745 100.186954 79.290537 80.492951 101.478681 79.126728 86.198646 74.834740 99.062894 97.612010 71.552240 69.332484 76.694747 69.116730 79.678156 96.314951 82.947826 75.510509 68.304408 91.992026 75.181711 
70.464647 68.883198 70.657560 96.557060 84.114708 71.295664 76.574926 69.182036 100.988266 101.964463 71.039868 90.687207 86.112216 96.377794 89.016769 84.000529 90.978198 99.440797 97.174037 74.124315 
71.322416 72.931161 81.783689 74.248249 90.096260 69.662319 72.663821 75.298215 85.372228 99.266375 70.843120 77.529487 75.358279 82.909513 101.297963 82.300484 74.579662 75.845564 87.008529 75.204115 83.383857 96.867408 95.720070 
70.242264 78.893368 81.391648 90.108051 74.964362 92.520883 71.912769 74.900264 68.767765 80.419039 72.928574 73.845182 78.610655 86.545260 94.242901 68.802766 98.916857 74.114353 78.657350 80.358877 81.166015 87.872460 92.422780 82.114110 74.927912 88.176897 85.579017 101.460512 69.891824 86.219433 99.228063 95.527450 92.502018 71.727849 90.445373 74.279991 90.443946 80.229310 95.050891 84.512997 85.673308 70.482631 92.475200 84.660112 97.566427 80.677955 76.795766 73.070020 82.439074 
76.668008 68.799937 71.150724 76.507351 78.086919 70.956357 79.642401 79.172861 73.707230 81.938211 83.767277 94.434742 69.103897 71.526654 85.925456 81.821659 73.068661 83.223652 96.989894 79.934318 75.050434 97.428158 73.153618 97.710929 82.834904 101.744969 76.126699 86.197983 75.257362 81.685000 
98.591129 91.107271 99.170021 101.902037 72.913529 70.442310 99.694249 73.255581 99.500973 70.856612 83.785678 69.708837 76.716208 79.183443 71.607845 
90.160036 96.606321 90.693874 101.337890 73.459988 71.979424 100.249223 91.212576 77.356538 72.850527 84.044414 83.307412 68.375362 89.994265 87.710409 71.021822 76.892499 98.434572 91.457192 87.577592 77.673095 98.855309 76.648596 76.402963 68.251883 68.771783 85.368169 81.590009 81.070514 71.456014 
87.555817 84.489117 99.486561 97.918691 91.780841 71.418397 77.767911 85.878489 94.262542 71.917000 77.028062 75.537554 72.728706 68.894063 77.741757 91.829918 92.827139 95.205962 76.618523 90.827172 73.204593 88.506597 77.033770 79.952418 70.294829 74.071353 69.118295 84.920244 98.524484 
87.507003 83.904142 98.636548 94.248002 77.944624 83.016108 69.530041 84.559860 70.153844 95.000568 70.255226 68.628585 74.418670 72.550429 98.504785 
99.412940 92.669376 77.812855 80.695263 69.130542 85.922537 70.298883 80.223244 74.160074 92.767701 73.198782 84.246136 78.857289 78.085517 79.793077 86.743702 93.095281 75.830398 81.791172 86.476583 95.223926 86.303601 94.016482 90.636213 
96.073696 74.780605 76.651924 72.966032 70.449216 85.119934 70.998615 81.195840 87.597538 100.734423 79.646138 83.848529 93.220376 69.172136 82.020588 87.380639 100.037259 77.018742 98.563516 90.859513 89.799255 69.020830 80.587131 74.236356 70.237889 81.487906 
89.929064 73.581663 100.189107 72.524832 98.592447 99.577019 72.564461 72.180098 68.671609 75.480834 96.552241 100.132880 83.142378 77.866546 75.159898 74.421338 81.362737 80.543296 84.317464 74.362125 74.764831 78.774519 97.989427 88.409003 91.943306 
72.416797 73.298987 89.222362 72.955996 83.150024 96.867457 69.979833 101.216667 96.135507 69.559091 96.664093 82.627490 86.535038 73.193091 83.876110 100.671540 99.081809 89.096787 91.213603 95.317446 79.004927 80.407341 69.220827 98.774616 93.307937 
70.792353 95.072189 87.146408 100.865551 99.388134 68.370347 71.972547 70.956006 74.591097 71.418220 91.166673 80.177033 75.707255 83.860026 
75.279555 99.363913 74.868890 101.949904 85.069892 74.827523 69.486947 68.339821 69.848461 83.249503 90.110284 78.214741 89.674606 97.299209 83.628573 99.646613 72.774841 81.995774 96.482239 72.676580 72.216307 88.706282 72.500515 76.417014 74.012429 100.646139 68.791905 99.074643 101.704458 70.914866 93.638203 79.952092 84.621953 78.939421 
94.338428 100.485429 74.951213 92.035501 73.722484 70.778888 98.795927 92.493098 71.409318 85.718851 80.696926 81.844191 94.337007 90.048187 68.430309 94.205393 90.284472 76.755331 74.458560 86.567438 81.335112 97.006945 100.948001 72.449284 91.855922 70.759508 76.652113 71.897215 93.235461 95.803061 87.096387 79.756198 73.366575 74.388483 87.491234 97.732916 94.985053 
70.527413 76.511684 88.480801 80.681754 96.845894 94.458974 80.230451 92.350737 72.156312 73.991681 74.758185 92.878289 88.063778 98.444622 74.535222 98.825262 77.251866 76.501443 72.980743 73.753070 82.269551 83.313764 85.651847 94.557793 91.748274 
72.590546 77.549687 79.936895 101.723381 85.726266 92.664691 85.292059 90.883370 71.893877 69.752086 77.379976 87.510442 77.052073 75.184833 70.678033 84.751242 74.148059 80.128306 77.926798 95.270141 83.072769 
77.588468 82.697775 89.150066 68.500914 76.840634 95.049636 68.249252 71.235460 70.968205 71.821236 72.338584 101.360432 101.944916 79.800862 77.892472 80.612108 79.044217 79.991196 101.867859 92.818832 83.366522 
76.719999 72.180341 91.291172 92.477537 81.102803 71.953791 81.271546 91.947383 73.104276 87.506342 93.826099 78.748703 
78.407239 96.649653 81.619675 69.811666 95.039942 95.078123 101.156220 79.728015 69.173103 79.871741 82.977207 69.198589 73.260772 83.217365 91.900872 100.376124 99.206552 98.312440 98.716106 73.312559 73.807792 78.430125 70.413879 82.079643 86.496201 85.399811 87.601302 81.544796 97.212378 
69.386249 97.105645 73.670302 77.649010 78.082028 76.556051 101.743002 71.398711 95.978537 91.291753 69.918968 72.690815 101.843378 69.144450 92.650503 82.899441 78.030097 80.928600 88.151773 87.106742 69.415694 91.657553 
73.580996 100.182969 100.691747 91.343888 85.871612 79.508757 78.476375 70.778678 77.105758 69.161604 75.310509 71.265406 79.137564 76.513293 81.817775 69.672309 99.224187 70.227705 79.283095 73.625465 73.697975 76.642623 95.185643 73.420929 77.226462 87.943397 
75.760506 73.118989 101.385655 97.985475 81.736746 84.309601 68.939672 71.583118 88.143725 97.259517 68.771532 87.251796 76.665094 90.224497 84.852239 76.417739 70.361024 96.690767 89.874152 74.001902 76.371735 81.129272 101.903093 73.516848 87.130830 90.130349 75.141267 77.311945 95.012872 88.649125 
98.773787 85.275267 84.906906 82.334705 100.594384 73.003328 91.367334 73.431437 85.679150 87.835329 80.013327 98.140805 96.830779 70.234099 71.303682 85.243240 68.263613 88.355022 84.826102 78.177247 71.991861 80.668913 96.045076 83.349391 
79.834202 91.458162 76.841788 69.740208 82.334825 91.281421 94.950786 97.678003 96.599145 98.603950 100.173370 74.889354 84.884935 73.429315 72.009358 80.010983 79.998501 69.926387 
93.334669 75.074177 76.081615 74.367015 81.825487 73.605485 73.180224 78.639647 93.245516 99.773020 79.158479 98.396429 77.874101 73.453668 70.486258 94.142362 75.362674 74.433477 82.737686 69.565972 93.425779 84.536722 79.436084 69.836784 68.705380 101.435128 78.119750 100.063348 80.888363 83.675198 73.937503 
69.902757 73.967055 81.010076 82.718197 77.492797 97.762068 71.048941 68.882666 100.555783 100.580453 68.039368 86.311151 83.896940 99.385300 70.486258 99.793030 78.242331 78.689134 78.290809 73.815468 82.716701 89.743395 78.628891 79.932399 
69.392175 74.108250 69.522462 100.080974 77.964280 99.532284 99.663267 68.277123 90.792700 89.903045 90.794692 68.688807 97.251512 82.753456 70.795058 80.473276 75.811639 84.833362 89.967558 85.360821 93.389594 74.124863 89.522693 95.052624 83.979352 72.877221 76.374088 87.100180 84.350399 75.892414 69.593824 69.279411 
80.148214 92.519691 84.936506 71.807058 90.407113 99.303725 77.559382 89.486965 80.881758 93.410327 91.297406 87.825402 78.114908 95.708094 70.727354 84.038432 76.402513 92.522666 73.733102 84.854826 82.095177 73.239895 99.568905 82.710169 84.885896 81.649519 90.117270 83.325001 100.028899 79.745225 69.601061 79.361704 78.203727 92.390413 79.845213 91.603237 85.526499 99.462476 88.564194 
84.693813 96.980349 91.486593 100.128422 89.915498 97.694246 73.445147 83.303504 80.267947 74.516195 77.597320 89.603553 78.721025 82.554792 72.506213 81.045490 74.314301 74.979304 70.913553 86.672304 98.065544 99.436015 70.316108 92.033169 75.172844 81.600600 
91.438136 79.199564 93.855684 69.182919 95.394144 87.347546 87.721695 90.332541 84.086672 97.487295 79.181370 75.768636 92.238628 73.791748 91.715882 84.628814 77.082111 83.295915 69.929185 81.692823 83.768140 81.817936 85.015332 78.460708 97.961220 87.149690 78.309771 84.801651 91.343400 99.860901 85.375511 
85.068687 70.456630 75.659248 78.126979 96.537763 98.872120 68.049341 80.994417 87.391881 98.462170 94.353107 71.535546 70.142380 85.087037 92.878298 88.863307 79.403155 83.788564 80.437582 94.363576 69.173519 93.754702 72.113276 74.643774 83.640207 73.324816 85.879752 88.409285 81.114477 90.900483 81.306702 97.231566 75.153074 
93.880104 89.145250 85.893855 97.872889 73.324867 98.331903 93.768477 93.726750 70.228509 96.466195 94.639187 88.215219 71.504804 91.512243 86.386545 77.485858 80.246816 81.592174 93.299400 84.085705 76.979594 71.534218 98.215928 96.890392 69.177398 75.237110 91.774278 74.326619 
91.720890 73.978325 74.623731 101.828279 69.349719 99.674723 80.747465 84.196049 83.904514 87.535663 73.116724 78.839096 72.078751 101.918338 95.577960 99.702986 73.319369 96.156905 87.715307 98.392796 77.251390 100.729691 90.998521 82.803792 79.543586 82.782265 
70.370346 87.953076 72.741245 69.089728 70.932621 86.285194 86.390625 78.124166 89.884864 85.559159 98.730044 92.053494 70.913746 83.928046 70.513619 101.297106 79.678043 95.498154 80.359565 74.696640 82.150007 86.352578 99.161196 78.851938 
99.763463 73.006032 72.635713 89.299020 87.151045 75.642555 88.602141 101.575905 100.966999 86.670766 70.625617 88.358070 72.484302 89.942211 83.906306 71.978952 76.001556 101.548330 78.187800 99.456620 83.182358 74.381531 68.833358 96.098603 98.677962 75.651563 92.372415 
100.574366 91.496918 83.197732 75.234974 100.446942 78.686111 70.920849 68.858359 99.948250 72.217197 73.000752 73.472603 71.344100 85.190907 94.614059 97.377608 72.655766 94.457275 72.927351 77.184622 83.758727 96.592871 98.491740 88.424543 80.683149 92.044732 101.577605 74.683101 92.620128 79.499746 
70.444085 74.274135 80.084982 101.658448 74.832430 92.376072 76.856715 70.412235 72.917812 83.084982 76.021101 92.347939 71.344100 100.214564 84.377462 86.433336 83.531586 75.733322 81.692828 86.422375 94.364336 91.904835 93.829225 89.550475 77.042503 82.828430 70.388587 80.927297 98.007688 91.372989 80.081619 
70.636766 101.908989 79.564417 68.729430 89.352090 101.805160 86.302056 75.769068 93.547542 90.133236 72.434649 89.124642 71.344100 83.015767 99.848178 73.759163 94.949232 90.634940 71.626419 69.809035 94.626818 91.864996 
82.350518 69.992919 71.872535 86.299135 69.493956 70.892895 84.664722 98.651221 99.999705 99.292651 96.654642 81.545671 70.468538 74.896633 71.094002 78.135501 82.435657 87.173259 79.724985 90.318099 90.850478 94.089591 68.382491 86.086071 
68.016966 71.939958 90.063496 79.179002 92.563173 95.491926 70.135441 82.225145 85.186643 83.229593 95.410550 87.395617 69.755997 83.335467 84.363880 83.927088 97.844761 
93.673964 80.475279 91.074887 70.135441 70.144464 92.441666 79.317512 90.477210 90.696031 82.079560 71.206313 95.038808 86.785642 82.088372 90.244233 86.769020 86.238599 94.313382 78.134699 85.244062 86.498090 98.468180 86.339864 85.231267 88.985051 101.785289 82.817912 82.333437 83.734633 98.830069 
100.053343 98.689974 80.323626 70.135441 99.782591 85.634461 91.298855 78.611135 69.421416 100.118208 94.077021 79.238231 77.348933 94.764826 84.539856 70.211077 70.256420 86.991823 85.870023 93.577443 79.804359 72.822583 85.580597 95.262439 80.931195 86.822437 77.255959 101.545929 75.845719 93.951795 85.245520 81.182002 74.880224 
72.051335 82.136363 101.477110 70.169791 85.548602 88.759886 94.308177 100.495278 69.561272 95.725054 91.501893 82.627686 68.529364 68.605798 70.569943 82.128442 68.081128 98.394983 71.301572 71.773136 
91.031510 81.385660 76.589976 70.516582 86.523995 69.462529 81.517266 85.910715 101.441243 98.866453 84.220061 101.833132 78.321238 76.879734 98.444370 83.784815 70.041843 94.498911 86.122076 73.825462 74.841619 99.035303 
78.857135 68.803956 87.531778 70.308964 80.292696 89.476641 72.067214 93.932051 101.023043 100.498184 71.823285 73.152771 76.081031 75.392990 77.715972 100.382282 78.502702 91.149565 
90.789916 77.482761 94.927747 71.114231 86.797640 82.201985 69.914040 81.312233 95.682985 83.308814 72.118776 75.682614 85.691052 92.296441 100.539687 83.826145 83.325017 88.177811 
86.426833 93.099914 84.497257 71.737131 93.003011 98.542960 86.293664 95.402105 83.843814 70.844287 73.571526 100.221475 81.890578 74.257873 80.707727 
70.384597 78.947933 81.918054 70.398044 83.233452 86.892387 99.757291 68.742057 82.077254 75.803547 74.533610 
99.838977 76.364597 68.267807 71.528052 90.213717 99.198186 72.564249 90.519947 99.613674 95.931081 97.925030 99.083710 98.826973 69.812850 68.447584 92.838706 75.688481 90.653476 85.527550 99.241208 69.020530 75.027776 79.387052 86.155342 71.760809 88.070908 
91.074516 81.726624 68.986166 83.531361 85.905007 96.348203 96.545934 82.362959 100.187185 68.026338 78.318450 72.708243 99.019166 78.508085 87.302924 99.988319 78.516338 91.233297 70.339586 81.981155 70.975780 71.629150 75.922982 89.405902 86.263138 78.224245 86.048816 81.174811 91.015222 
69.626970 93.256808 95.480443 93.261598 97.030313 71.689897 96.969524 80.648561 69.212077 82.818152 96.391846 87.655592 91.756330 94.588856 68.790191 76.538706 84.189493 76.803329 70.134249 85.450906 89.627229 
93.450023 92.394365 72.311772 71.253580 100.628570 78.319386 75.368834 80.525086 94.503365 76.691641 68.732127 85.899564 101.644091 73.733852 93.246250 93.996685 92.853646 83.126433 88.195975 89.104254 91.689788 
72.438032 100.318556 96.857584 98.588489 71.520589 68.300400 100.359494 99.787916 73.310778 76.454794 95.911505 71.053258 100.044124 73.943052 80.281640 78.309863 76.788565 89.551270 90.284679 92.554300 
69.306612 71.864853 84.032763 70.629306 72.346977 70.188957 84.642093 95.312630 86.408309 74.595630 97.078237 71.091226 89.791554 84.876179 91.628127 85.923973 82.201824 92.525509 85.372245 71.510766 
101.075408 68.149275 80.064334 92.902828 72.346977 100.764890 87.009717 75.586457 70.094823 70.661548 80.654146 71.091226 99.912984 69.592463 98.515636 86.896454 101.710309 92.578384 99.259575 77.459678 100.066484 84.583300 80.755699 98.868544 85.294896 77.888021 68.911706 90.254963 74.076829 91.914141 94.524790 69.386797 87.323370 75.036632 82.873527 69.286293 73.537536 
79.866552 73.565164 79.126611 68.026548 69.192365 100.313080 69.962747 89.526254 101.930211 86.182198 77.938187 71.091226 96.283389 94.019755 101.110220 93.999947 74.049425 80.702063 81.810183 87.274067 71.441146 76.092757 97.216506 100.651475 83.660200 85.827963 76.762815 78.200046 76.306896 96.949013 78.575191 72.076340 
77.892828 95.511408 95.854493 99.895496 89.898325 68.213996 68.796788 92.072263 72.286055 90.888010 82.347882 71.410588 92.121624 81.269200 86.154900 83.237021 93.013004 80.148987 69.716873 93.816758 90.065830 72.795565 81.657236 96.510513 99.924962 74.075360 70.355757 81.789056 78.727894 83.154343 98.817767 88.042748 82.448676 
89.957012 71.991920 75.441306 83.217780 94.913325 70.217104 79.622644 74.001515 77.653026 71.748763 75.849765 88.291570 87.034076 84.531407 77.334117 76.228275 80.770892 71.078744 78.501454 78.501138 85.351553 79.555260 97.654722 80.708642 87.771748 83.965075 80.701459 101.967374 99.842465 86.653730 68.955548 79.870413 75.379783 81.405443 90.124499 98.269045 
99.489799 73.075155 79.023134 86.134356 72.703895 87.724521 86.758925 79.335598 94.519574 87.296688 72.837529 89.178639 90.834923 73.969773 97.660770 100.315904 88.871445 72.033076 83.936132 90.476806 79.452381 84.312669 99.205365 95.998786 98.657776 68.725430 93.693737 83.502048 71.400069 93.553747 87.010203 72.774107 
84.551053 70.806623 99.779915 100.725323 77.582708 71.515798 101.423223 95.899212 71.998243 92.593396 68.225956 85.709863 69.447189 80.453942 77.693969 85.786786 83.673670 90.149973 88.073341 82.124983 87.007240 90.135186 
77.492957 70.560099 70.299564 96.128022 79.315500 93.725301 70.541019 97.714943 70.443605 96.982914 76.706709 74.162290 85.323024 69.578132 70.250037 68.501127 86.041821 83.236363 84.097168 68.092008 86.897217 78.823941 69.604253 82.586253 74.185909 
71.312320 71.705886 98.854147 72.166203 76.384697 69.371560 96.707148 84.440896 71.054356 87.897097 89.269217 73.922892 84.923409 78.251476 91.012592 80.651949 77.020313 74.851743 94.706525 
71.119189 71.308967 89.958788 76.518045 88.235798 75.415916 100.204979 95.518406 85.139811 69.551110 97.188702 77.892945 75.298426 97.846647 93.951909 76.863140 78.448669 77.462253 92.086245 76.374084 95.881933 86.828773 97.139143 84.771920 79.164402 68.930322 86.807687 88.189268 
75.724483 70.638121 68.266362 100.814450 69.948466 92.404662 101.836049 88.449097 76.476160 93.474665 101.011286 70.792629 71.157112 98.864280 94.107290 90.467760 77.402727 77.567742 90.184457 72.963034 73.357797 
86.187640 71.127197 82.917448 71.148604 74.502898 95.924468 86.588871 78.439941 93.627434 73.112282 97.165838 77.880459 69.984040 98.061962 68.830001 75.689289 87.845215 98.419399 99.136426 
70.524905 69.807006 68.648117 79.440657 83.979210 76.422286 72.879459 85.961752 70.492397 98.998738 76.422686 73.693803 84.611941 88.274266 100.509392 101.415728 96.635463 70.595256 96.990711 83.153032 74.215594 98.544711 
80.801253 68.737413 76.136021 89.092012 68.112709 68.578850 81.993277 72.001942 70.940002 100.156933 98.967247 89.052239 83.239522 95.708345 72.040940 101.858414 73.631933 70.333401 74.566966 
69.724613 72.782313 81.472555 97.383170 90.316118 95.327131 71.971117 83.696407 100.976080 101.436982 91.941284 98.976100 70.600324 69.137836 83.442007 72.530860 77.539605 96.866121 93.319857 
71.665805 95.984426 80.979109 74.930600 76.230576 101.824843 71.971117 96.748118 97.965887 72.743528 97.285858 79.124355 83.395244 82.728189 99.806299 70.557831 78.831916 85.808729 99.843924 75.125938 99.903572 100.550156 89.980649 
96.771672 77.464506 72.072768 79.196285 71.373182 100.790907 71.390890 83.076794 79.145022 71.879609 87.485332 70.316600 84.845896 75.771293 83.123535 98.146861 83.163816 69.978316 87.501258 88.752942 
74.469324 95.081877 99.190372 76.714879 68.276825 79.301371 69.727680 85.928015 76.085139 69.829451 91.810841 70.242338 98.843061 86.177956 94.591169 91.236736 82.246008 89.096355 86.560139 93.502872 89.087524 87.926443 90.088311 
86.418637 77.809162 80.562290 82.716199 99.925113 91.723390 70.034483 76.748939 89.370716 71.880542 96.475734 74.027111 85.553643 74.946613 94.364022 76.717356 79.056012 84.783900 94.664062 69.374108 70.903917 91.045304 83.536143 101.518277 89.717343 80.927843 74.301021 92.162055 
72.108714 96.606249 94.871516 86.320244 68.564575 80.141116 71.141475 93.296657 74.027095 94.633499 79.976406 85.954344 85.223208 78.448239 91.995200 84.558989 96.072865 76.248847 85.658722 74.180444 93.266438 
70.896770 84.830134 84.269090 90.027198 74.378689 79.644872 70.795602 81.173867 84.072648 72.926423 101.290595 69.033564 87.416960 96.610958 68.494285 72.550476 72.067207 84.452402 97.063444 89.897828 72.076368 78.166714 79.586129 85.697575 92.497486 
91.222898 78.313052 98.638293 88.730184 83.272565 69.949378 71.473648 86.355585 81.245202 73.609282 76.364294 89.475086 97.303672 78.027386 93.091275 85.547690 94.870243 72.415629 84.061138 96.857621 69.315782 86.064354 74.632065 74.160967 100.978168 74.256162 87.020623 78.054598 
73.164046 79.229249 82.149518 91.741971 72.926055 83.753717 82.284862 80.512151 78.485472 77.716908 70.069135 70.424500 96.097392 99.937967 85.636785 91.646433 101.222758 85.772992 73.010430 79.149052 90.365300 77.986466 82.599857 79.877388 100.396375 80.897450 92.581745 83.551113 
84.388578 96.683952 76.943361 74.314348 70.329737 77.379696 70.252896 69.502095 97.051022 97.842476 93.385443 99.101997 96.046794 85.597022 71.203223 74.109044 100.607147 77.737421 77.185010 78.016948 81.160155 79.269210 99.581668 71.662343 69.936385 89.027697 
71.453042 101.206069 79.351754 73.540411 99.819751 100.591099 81.558253 83.757815 75.206971 80.603755 101.746535 71.867493 93.447829 87.898410 92.958057 94.888011 98.260821 84.708451 98.460240 85.420929 74.142346 98.375171 91.308825 82.923554 88.024494 82.020368 93.658334 83.075992 98.192055 72.165252 79.860689 92.625952 73.882602 99.145258 
92.433167 97.908346 93.472197 73.759714 94.026619 92.006288 72.031856 96.975667 76.818440 101.489303 72.057121 80.311887 78.602858 71.865184 69.694116 92.936575 101.302778 87.558154 70.106106 83.234450 89.577266 91.477079 83.300573 
81.468716 71.187090 77.950859 76.889929 98.039530 77.299848 101.477097 68.609089 73.729574 92.962011 80.586291 87.729681 69.949711 93.687776 83.692704 85.696922 90.322743 91.089553 100.266679 68.097866 101.483771 75.186923 93.365715 69.868421 100.727861 86.868290 97.397502 75.930974 69.174723 
90.287973 69.655976 72.432465 83.749763 99.433146 70.178027 68.352349 78.516492 76.028886 99.320983 94.869021 82.352629 70.964665 69.926734 98.532349 73.333326 70.317218 85.207055 74.349100 78.666361 79.022469 
68.497409 99.904549 83.306525 86.578875 90.828095 89.116385 94.843093 92.633354 78.697939 82.912506 100.062313 82.593469 70.964665 85.495524 76.817401 79.674103 98.347713 83.309770 87.810196 72.662273 75.758712 78.086893 88.197335 70.443585 77.708618 74.012829 81.352316 
88.181671 81.015363 85.061744 77.480987 85.279153 69.380155 69.773723 73.208165 77.351041 101.012515 98.496846 89.649014 99.801989 85.396472 93.807325 84.424366 74.686809 69.759879 75.450554 71.515991 74.850682 90.270188 
75.606075 94.752963 77.003749 94.229446 91.591722 69.053770 69.933242 99.424575 72.168855 100.364577 82.092265 69.386700 96.730640 83.810653 99.820152 95.572535 81.716322 73.481601 81.307151 79.994254 74.822147 78.148329 74.058268 85.137483 79.833965 76.024457 78.256849 92.281468 81.204302 83.147308 70.387766 74.442175 86.541235 78.790932 
93.032673 101.435272 72.226125 100.253259 73.699252 91.568665 91.523756 90.664586 80.753132 75.408324 69.515365 81.692443 72.418880 69.647406 70.145109 84.461270 83.592942 91.415816 75.443469 78.160098 80.886913 
81.622764 75.489527 71.712652 91.509424 89.346255 91.818504 98.912255 91.660460 100.865229 68.377396 99.712503 87.567487 85.377646 81.581577 88.232564 79.466253 68.973641 91.782233 74.312871 85.867655 84.262967 83.436162 99.189081 77.453326 95.805996 85.331685 
101.255690 98.314784 72.095511 101.654525 71.597685 81.211009 86.239742 87.793535 97.578131 69.780095 98.428416 78.089771 72.625685 78.316500 85.713434 82.968110 82.982381 85.499122 76.532878 96.872615 76.424270 88.754809 77.750894 
74.204177 89.233751 71.775216 85.618965 79.009696 78.076098 68.131884 99.435117 98.438903 86.829396 92.282641 81.638263 72.207558 81.604863 73.588975 79.280204 95.186657 80.996824 89.907759 78.202757 86.442485 68.794633 95.657573 72.085285 80.691917 94.162007 87.000176 87.984849 84.760819 79.795323 86.009939 
101.235326 79.311838 101.209541 98.379648 77.047785 73.538873 87.556647 72.004415 98.488164 96.191651 75.537731 77.111633 70.646246 93.476233 
