89.780723 68.286823 71.425645 90.019245 79.313352 86.869426 75.982104 69.594030 76.850037 73.658968 97.755789 95.444419 79.999685 84.633494 70.405932 93.113709 80.351562 86.042891 84.251757 87.020104 97.801682 87.402000 80.544931 70.645097 
69.318179 79.305572 71.892464 80.970758 72.874681 99.400715 76.555000 91.895375 70.535084 86.338653 82.074638 89.230331 94.981063 88.472251 87.929801 70.626780 89.201174 99.623894 
79.934728 73.043766 79.243610 80.542527 77.253261 100.694139 92.135660 91.738690 84.014390 95.887847 88.364898 79.759189 94.449694 100.372088 70.620194 71.562718 89.487018 
77.831231 78.988876 100.565293 68.626450 75.942115 78.988418 83.976981 91.764816 71.995723 87.040366 68.679315 95.989925 92.946585 88.893371 95.564161 83.638752 93.900943 86.123760 93.052790 88.052463 81.692951 70.838888 89.662733 94.486848 
78.706827 97.907411 101.240003 100.146612 75.855156 90.411363 92.107030 79.090711 68.921147 76.292651 93.867302 95.117000 73.971986 91.647946 78.843880 81.173864 70.337700 84.590990 86.724374 82.164245 91.238583 80.632511 77.262748 101.133833 97.795427 87.651966 90.384553 85.870873 98.453490 
78.875103 68.916430 78.439151 83.731563 80.741677 93.844987 91.590053 80.720022 70.723406 80.500988 94.711653 91.290019 72.997310 75.238613 78.640545 74.618370 87.466470 91.019175 82.205286 85.466160 96.661249 72.594446 97.864905 68.342251 69.837693 92.017940 69.785630 101.161969 86.929710 
82.093843 77.761469 77.203961 73.414751 68.738091 101.175030 100.547571 74.320867 98.627734 79.225726 92.565645 100.331374 95.872005 74.503724 78.009689 83.043089 84.905687 101.987962 72.251679 96.906411 79.410845 91.629724 99.565144 83.123144 84.548597 76.512480 97.831430 78.894887 93.830475 71.003933 71.429160 92.447450 98.569137 
83.234267 78.537771 71.486323 71.742653 93.744429 92.150471 70.990267 80.339414 82.970293 98.636773 87.569157 94.046800 90.892151 85.073864 80.201632 70.325500 100.157137 80.882226 99.582436 86.506836 76.657413 75.264156 101.689834 91.308959 99.931475 76.682752 70.788392 98.989337 86.698179 
98.177873 79.771880 72.801653 82.733409 82.013782 87.282675 77.245753 96.520948 74.631700 100.870127 70.673322 97.199589 98.480485 94.172256 73.028451 85.553519 75.707745 72.785347 99.925358 93.390970 97.753960 75.006865 85.073420 72.892325 86.772543 75.981444 96.213196 81.857724 79.030939 
99.707250 72.496055 83.197250 98.916556 74.948569 99.243945 76.109679 69.413411 80.699092 68.907822 83.880658 79.328685 92.802243 71.714931 79.378712 74.171719 100.570228 84.092321 95.898580 75.340691 79.644969 80.308706 73.225688 100.328286 87.612627 79.721260 74.946297 87.067700 72.496281 83.999714 87.047405 91.493081 79.253450 
81.770423 75.202623 98.255851 79.212119 68.884584 71.977183 79.092349 77.367669 86.753351 95.130076 72.914542 94.788980 77.940066 100.449169 86.766790 72.342095 89.312770 93.299204 88.064096 71.977381 93.013803 68.217443 92.132880 88.986306 84.646779 89.546590 77.571056 
71.816295 75.473504 70.319577 97.708083 91.894137 100.677778 82.188973 68.962582 76.169617 70.328458 93.321709 68.525519 91.689224 72.376809 77.495438 72.027034 76.563138 99.616192 100.214632 99.993221 92.795904 74.461394 80.354966 69.377981 86.484495 82.301987 87.192776 94.308157 73.392882 
71.842502 75.289085 79.787221 95.448657 89.809413 83.140695 99.732817 76.354782 76.453230 76.172131 79.720470 86.814729 91.562405 76.073981 80.548412 72.335060 86.384866 98.976754 70.449727 86.281532 69.513245 100.398391 85.443354 84.732626 74.498141 99.770861 76.052416 74.204773 92.453146 72.362979 96.545707 70.457531 90.740447 87.281792 90.955011 81.486107 80.717167 70.929368 
77.137392 75.829431 78.997874 93.153319 99.278763 86.570672 77.099844 78.316761 78.174986 91.204949 78.495898 69.688765 68.347917 73.231555 83.473041 83.717470 92.750061 82.397993 79.626909 99.507007 81.597471 74.606005 81.019125 88.075934 73.083914 83.731032 71.421146 72.734154 72.986808 100.056261 82.713355 101.091632 76.375814 
77.102878 85.295893 79.036781 74.239781 75.931784 90.725089 71.246169 85.724171 77.482249 76.983806 77.523575 93.549852 99.364683 96.527267 87.467323 91.336082 83.443191 96.859600 91.443353 93.660416 94.259453 76.440183 90.970940 68.058679 76.954998 90.974469 
87.578821 72.378184 71.862667 78.748714 73.690628 72.707653 73.246886 70.433619 70.633584 75.878480 72.337433 68.269852 80.548508 81.936258 87.182382 76.323481 82.732778 90.094919 94.483703 79.235978 72.989650 89.245877 94.735797 73.308798 
75.961911 82.831888 78.002988 71.890639 74.125348 95.801281 91.418948 78.602489 83.305363 77.347118 74.522742 83.725411 83.842179 82.373780 99.246901 96.704299 71.674973 93.439291 86.735911 90.892433 79.155386 86.778337 
86.791042 101.553565 89.978045 87.551106 74.925148 82.172663 97.861831 83.138428 77.892125 101.978769 88.794014 77.420838 93.908348 75.712764 87.157385 77.333160 84.103471 71.771068 99.869715 
72.178441 86.296841 76.981978 90.880091 73.599674 80.806803 83.238402 81.623716 101.388507 97.805652 76.607174 93.892714 101.197958 77.513337 78.262611 93.063874 73.906730 95.506783 68.295491 99.277550 73.261580 101.249621 
74.753021 81.586875 76.290989 98.013572 99.291955 79.834925 100.395149 101.684255 100.928602 78.430720 80.501408 74.700595 86.423169 78.043830 95.991015 72.913228 95.214500 87.342196 97.815219 93.271195 94.587529 89.134528 75.545614 86.077958 98.854952 96.930573 73.661478 
82.211076 78.747866 87.159149 92.761030 68.551589 79.857056 87.629122 76.879624 92.766239 77.383778 82.794458 96.778636 71.856222 87.937671 89.691546 69.950517 84.746099 91.101096 98.816192 93.040787 
92.268176 78.900745 68.361263 96.744699 93.475789 81.614394 92.916118 76.702068 68.272145 77.836656 87.524309 87.027387 83.725107 71.921516 79.172646 86.452386 82.675957 90.509334 92.317231 99.628404 98.703319 86.292853 
92.295845 79.137303 97.019886 87.287722 80.810015 85.370539 87.704534 76.582904 79.446167 90.789467 79.730923 78.088138 73.632441 
80.691327 78.823664 81.623453 99.978612 98.740020 78.388276 86.330556 76.027926 79.650072 89.073340 95.277534 100.573053 74.362971 92.410072 100.714125 97.172256 71.217701 88.132911 68.556568 89.429394 100.313247 76.365505 
90.226721 79.422544 74.680558 101.690459 79.360281 77.845799 92.855361 76.003089 97.654637 78.916399 79.171469 80.260092 84.599106 84.371682 83.773698 100.104575 82.274733 94.664707 98.795370 81.680286 92.203849 
87.528156 85.823438 88.769155 96.064966 89.492078 89.091750 70.562640 75.785528 80.893799 75.979734 85.763033 90.124995 88.141722 89.911941 92.087443 81.825976 77.985282 89.348379 95.344671 79.085849 93.596652 71.654339 77.118111 85.068032 71.048833 81.560527 88.568805 85.019255 99.173364 91.457114 91.552357 
77.600420 99.993790 78.048871 80.285217 77.839448 85.290621 80.908245 76.254659 84.787564 86.437088 72.949029 73.673945 100.688504 98.695699 
81.676467 80.612800 78.084167 80.973785 71.950087 78.154248 81.310612 76.935392 89.324727 80.295517 99.034455 
70.712415 74.091511 96.873325 78.100074 93.982098 101.720714 80.226958 76.367865 75.996013 88.087712 91.725431 94.761624 93.385569 77.198119 92.557794 80.105335 85.823759 78.954001 
89.298246 74.637841 79.928201 96.368187 76.884408 77.447416 89.478952 88.203063 100.206074 88.627737 82.089754 79.149348 81.396016 76.050218 70.180860 82.595090 81.996405 94.907886 92.518460 92.863514 88.677514 94.571084 89.551208 78.807556 83.309277 99.790606 
76.266893 93.310326 84.895805 72.617427 76.409056 79.404404 69.254714 77.873179 84.780467 79.332741 86.394250 90.848641 68.320569 90.360076 
76.325439 84.214557 79.512821 73.320588 77.310172 71.521914 87.953381 78.527593 101.743585 69.345823 79.997476 96.898581 99.963213 70.701807 78.097759 86.717511 85.134727 71.767182 
76.326541 73.025385 79.077610 83.890900 86.003252 68.393562 80.982721 83.577978 84.061234 78.703722 75.072973 100.957410 101.621279 92.903894 
76.372486 97.675281 90.266280 80.152799 93.377339 96.430460 80.843973 96.569142 78.529775 97.634182 75.388056 77.449377 71.078700 94.643188 
76.184850 90.630666 101.890815 80.868084 72.742252 89.517417 77.247531 77.010032 78.931576 70.757251 69.203697 77.510459 83.358259 84.615386 78.447194 68.111509 70.831470 88.524814 81.552295 82.201646 83.366537 
76.230023 68.449591 89.268150 98.047928 75.173131 71.315016 68.881144 79.269310 78.589946 79.779084 100.975743 
75.734304 99.097638 93.714452 73.306087 79.394648 87.120899 84.077725 84.768919 78.330744 80.602079 69.317145 83.377723 83.086194 76.576901 93.351063 78.130594 86.501530 85.028557 
75.376288 70.793672 73.350807 71.140812 83.006068 70.592033 78.146009 74.418862 91.862060 80.451911 77.762187 78.310692 68.198020 72.354416 71.151280 90.745964 68.104223 91.048488 81.452392 96.063232 94.156739 100.889140 
75.951156 77.270699 77.433111 70.260904 80.330159 92.739703 73.925715 80.547032 68.824462 89.526375 70.810383 86.076290 
76.353971 73.061277 77.686886 79.743120 99.358532 69.124934 74.790963 78.649862 96.699877 78.312261 79.091959 
75.832995 80.434780 79.223201 81.656043 76.031917 76.973497 73.457156 73.973191 100.782214 97.258858 97.864060 92.400611 80.193794 95.419054 89.928131 
99.902985 86.008895 76.559381 77.451679 76.057281 71.781941 74.440281 94.233900 74.520916 68.468141 79.862684 89.952041 
77.653905 81.520916 76.030609 89.059698 90.041343 73.599292 92.449526 68.596342 79.693154 92.070128 95.417391 100.678333 80.522181 84.772664 86.506184 92.524071 80.865900 82.217765 98.745543 99.251261 82.881079 96.240775 100.012002 
74.123614 86.463383 75.739644 72.599683 100.369816 78.048770 78.759809 82.793059 94.663527 80.524895 95.246738 94.678034 71.436078 90.578736 91.429720 70.198549 96.097148 71.424253 83.540922 84.349809 
69.103069 97.596904 75.266745 68.861493 81.422859 78.337049 79.349609 72.381670 80.455636 97.555241 74.461624 100.842832 77.423830 81.602818 90.923397 72.470362 69.335813 94.869603 69.762135 96.765047 88.598431 70.773284 71.797047 
84.375309 83.012452 75.451491 81.651226 73.480503 75.043658 79.715198 87.664770 98.221666 74.472880 101.533311 94.733246 83.381245 
80.609897 72.760866 74.812587 80.073591 73.016014 74.256182 92.782313 92.747283 68.870882 96.786160 84.082487 
81.252856 68.518544 75.050422 96.499375 73.313793 80.977162 90.004316 86.528500 84.116888 88.590940 84.456457 90.503890 84.702098 76.068322 
82.901857 81.777468 75.619684 82.649836 87.083279 79.332556 75.355695 100.808792 87.522631 87.941896 82.940861 86.304898 85.307434 83.175402 99.720478 97.527828 84.189708 86.466619 73.255205 93.846419 100.880796 95.568745 
96.519739 83.094470 75.586008 95.741324 90.219359 78.574269 92.700422 100.190774 75.049845 72.126100 80.126367 82.856186 74.649132 101.414279 87.752698 95.031686 97.147599 86.156051 71.074762 99.053294 87.150762 
72.617865 91.144290 75.703052 82.612255 87.930238 79.096646 95.813397 89.121727 74.722203 99.381104 80.675906 94.909461 75.516811 101.146684 69.666938 91.176352 93.432320 87.854376 86.809574 
81.668415 88.648259 75.867228 81.500512 100.215600 78.831430 95.768532 80.910908 72.450831 81.916972 87.382126 97.860852 76.293982 89.095251 70.342546 70.009865 72.235701 70.820782 94.615359 
73.705695 89.085639 74.998880 87.287585 90.234868 79.437256 74.333154 80.805454 82.728912 96.412080 72.429646 76.331055 91.482999 75.437241 98.209717 68.838604 91.225396 99.883299 
74.319005 84.015679 75.976265 101.593873 73.648787 77.860084 84.672961 80.659974 89.776823 75.582625 93.964919 82.604960 96.462064 101.168114 86.492781 87.700960 75.086786 90.677091 72.457516 85.764700 90.872516 84.316143 94.754650 
76.158843 73.739024 75.602752 69.296514 96.806078 77.188880 71.222765 82.359439 77.265004 70.726677 68.381563 81.295020 98.674228 88.288483 93.236404 69.936119 83.184737 99.022084 72.027701 96.808178 71.778122 90.053948 87.108274 71.769626 70.695809 
78.190818 90.570066 75.464830 85.561112 76.596764 85.837295 73.044178 81.012089 90.388888 88.543054 89.234139 92.285750 85.755358 88.990490 95.103509 82.624502 71.100566 
101.741927 74.077206 76.228398 82.053564 78.644507 89.476597 96.209244 80.433649 83.023849 77.412535 
99.862774 74.805996 76.485304 94.422579 100.193845 83.715547 78.585182 80.877032 95.760340 79.122166 83.316295 87.080752 77.421893 70.080015 88.317560 78.963578 
95.852984 91.886235 75.931598 74.815921 69.149468 95.643804 88.156989 80.592014 93.923462 90.804169 85.309186 78.299238 84.722806 98.513907 100.127467 77.814647 68.687048 85.444386 97.720701 68.182799 80.569194 
84.726024 83.310922 75.885895 74.160394 99.510003 101.666090 76.401167 81.158666 101.978486 78.553376 73.675557 70.656701 80.657496 69.637051 68.500692 77.748996 70.710704 75.567804 97.521109 72.957104 
76.795230 82.828190 76.054544 93.634200 74.941752 76.047770 84.437850 84.949613 71.547738 77.035774 86.549670 93.683324 87.593548 69.086303 101.357154 88.683829 101.921488 95.865528 95.725237 101.127115 97.281024 68.096615 87.863309 98.982332 94.511637 88.468157 
75.167063 80.702611 76.591190 97.987523 73.230361 73.710792 100.292618 74.661409 70.460352 78.868866 86.678878 69.300155 72.919427 82.446784 101.658402 84.837329 99.994244 72.079472 70.995961 70.535095 68.489888 94.998147 69.383603 92.687339 69.973870 71.253526 
75.622790 85.727842 76.565621 71.460045 87.579453 81.064070 100.750899 95.240683 75.283073 78.635357 82.700291 96.942270 82.124721 94.709260 101.757516 87.040707 99.194203 72.281261 98.750570 90.457178 89.307316 82.399403 75.117756 83.783192 
99.296390 75.763170 75.833729 94.367483 77.521605 98.147618 100.367540 99.570786 93.618597 84.086714 81.004862 93.914854 91.978220 83.659073 88.186387 93.796246 89.212491 100.334126 96.153294 93.540332 73.386880 86.338185 76.453999 82.132650 91.647034 81.872850 77.785689 85.047378 
94.480896 75.111399 76.250235 74.129268 78.156928 81.470377 84.232429 94.109361 69.840008 92.667327 80.472076 101.697828 86.449116 98.555447 96.674445 97.058385 88.844631 86.930188 75.895431 78.554742 73.594932 88.831288 93.143512 86.615950 90.906376 101.032657 82.407941 
69.260443 74.657219 76.984417 79.978866 78.360256 74.160298 81.797459 98.093355 74.736054 101.272338 73.071644 68.271882 98.977500 96.371510 72.995995 76.526173 77.196243 100.764798 73.792714 74.251646 90.555431 81.767494 100.209432 93.573483 74.611222 73.136189 90.704706 98.256544 84.801243 68.719461 68.301107 70.863671 68.229671 
81.680942 72.962568 76.079195 80.654284 78.708815 70.844973 97.673942 69.362431 97.021587 76.753768 76.530072 73.778686 96.749058 88.264727 93.505827 71.972837 86.613373 
92.483280 77.468671 74.983201 94.683241 82.280240 72.862309 81.261274 76.702139 
77.731128 76.358828 75.155712 68.452541 70.963152 81.875450 81.564952 70.590225 73.508869 68.943309 86.158809 92.584385 81.837800 
77.153363 95.945903 76.527295 91.720422 90.882195 68.556282 81.623313 79.342101 85.341944 95.659234 82.094538 85.131452 89.141594 100.852389 70.777745 76.798312 91.827803 80.082942 86.309450 95.190960 99.086775 71.583428 97.265691 100.827797 93.707896 68.283386 68.758744 101.772014 71.562357 90.729515 89.136731 91.929533 97.105577 85.390422 72.497728 83.663281 88.212909 80.676944 68.146870 95.217254 92.144751 75.514208 69.539463 
101.848301 93.385557 100.929617 73.569906 90.818509 100.390738 81.138326 80.282634 93.165363 92.495969 80.058920 98.970112 81.869595 100.024984 77.686142 77.410103 84.722523 80.084676 101.943011 87.893499 97.296836 87.735033 77.855074 87.085486 79.632214 
71.563006 77.102332 79.697724 84.640111 89.575194 77.337952 87.849516 80.340175 79.241152 97.339640 92.690297 97.835848 96.707890 92.302057 86.038429 87.503714 91.211526 96.635743 92.095541 94.522432 88.559383 84.168526 95.313011 101.847677 71.561625 93.493640 
96.320279 96.715982 82.328911 100.424227 90.478848 77.038201 93.270942 89.443690 88.506956 97.998996 79.232031 93.137290 76.066750 91.428740 100.898612 74.000586 81.105787 98.407922 69.947051 73.807814 81.370597 90.904237 83.926124 82.228039 
69.758583 99.351666 81.832078 100.470076 93.989597 77.466630 71.880905 71.508890 80.506229 72.967748 84.769316 84.209273 76.092403 84.159414 101.694089 101.485020 87.718642 68.559810 71.273006 97.552245 78.519820 72.456467 84.072220 93.688667 83.307017 68.651384 72.542905 86.779932 71.659056 84.930975 87.191625 
80.614597 99.268488 70.213054 79.744566 96.384392 76.971960 68.267054 70.471083 87.865295 99.674201 87.175384 93.433476 75.693193 68.533566 101.147146 100.199039 82.535263 72.268493 98.954431 72.563996 97.327331 69.673253 95.708806 73.759565 88.642858 86.366897 71.114235 97.291111 73.972333 83.313765 
81.853954 71.515463 71.374105 101.837102 93.009420 82.277345 84.657645 73.898999 97.795990 75.524779 83.097269 100.676967 88.871805 76.042017 96.238280 77.552460 87.409917 72.926655 92.394465 94.667511 92.286334 
80.626617 76.492371 101.116271 84.820109 97.069509 92.008272 89.109223 80.418328 71.538778 82.262244 77.058506 79.021000 77.802540 80.720428 97.680878 80.992936 100.916083 83.926015 70.422102 88.385283 
80.946574 76.418683 68.239600 90.646729 70.062766 97.233141 98.782221 72.290740 81.708637 101.615225 81.891067 72.887761 68.815517 91.109279 76.114613 78.932454 69.719220 100.416795 68.905399 86.458191 82.478971 70.691084 96.334113 73.423729 68.010525 
89.470933 75.696523 78.925513 84.680055 99.511465 97.145223 96.639210 91.804407 70.630652 75.394391 81.431654 91.954047 84.523688 72.255907 72.509390 97.902586 100.233990 85.810020 82.818803 88.385765 
81.466645 75.810177 69.810230 101.310227 100.867536 97.762897 71.854126 71.709924 77.772391 74.809104 83.049006 73.078821 101.889915 97.950675 82.993500 97.146940 87.060985 69.378678 100.297410 94.560132 70.926879 96.087513 93.731987 68.512479 98.397473 70.137917 71.576305 
82.821300 76.217707 98.043873 76.436460 101.830009 97.967163 101.653537 80.809921 79.412820 71.633455 100.232096 94.204324 90.532394 76.012864 88.626937 70.579373 69.124876 90.291296 100.447498 69.834698 80.175353 70.064333 94.394111 94.734007 89.999391 85.615819 88.997720 
87.036724 75.658981 86.556145 86.957612 75.566859 83.193838 72.260829 80.780091 78.887203 72.087665 92.133803 79.970099 100.591336 87.350726 85.076138 69.351380 71.552430 83.938343 
73.193196 75.557040 82.181479 78.993827 84.067655 93.952646 73.304007 90.617914 69.424476 80.483971 69.651159 
101.342324 76.597759 81.886956 73.089435 82.037939 77.671311 101.126892 90.824415 81.115098 77.782402 100.633755 91.665017 79.459299 92.913258 75.934079 71.009750 82.879121 91.239069 100.880317 
77.056748 75.960160 82.904383 73.187581 95.953246 79.095676 97.611136 92.608406 91.215049 87.536397 75.389254 83.286738 83.769790 88.105950 91.663778 71.465495 80.610504 90.442706 80.361133 85.484772 
73.587207 75.662050 99.832955 70.048653 84.751698 78.490507 81.146266 77.876227 92.004836 98.707735 89.365685 80.651892 96.617026 85.196514 99.190607 89.853611 92.768164 78.955296 87.038013 
74.758223 76.464599 89.224228 91.738481 80.212793 79.528579 80.793625 78.745773 83.106222 77.438482 98.460182 90.287772 72.748748 
71.034348 76.451840 81.107469 89.402016 74.565650 82.034190 84.020554 89.840044 80.948224 78.584855 86.457328 86.187048 97.330587 81.929528 70.304331 70.883280 85.893540 84.623556 83.469840 81.620844 100.877706 
80.184344 75.727194 93.059974 78.979953 87.803212 72.584781 71.936152 69.106211 71.296885 70.332719 93.077584 68.237156 95.301403 84.225563 
94.275313 76.116092 93.012571 91.006176 71.513086 68.630755 71.321192 78.967214 86.262985 85.914992 92.948108 98.874395 83.577347 71.128116 73.648696 86.945942 70.018061 83.966851 
70.515985 76.873800 68.949952 78.638047 92.407987 89.746995 93.155210 76.059192 86.576955 81.686001 73.112173 82.725013 96.798157 83.423374 78.115578 69.842979 86.041117 
90.513103 77.641172 85.480570 87.332701 94.534831 86.382656 78.504270 81.673678 80.458559 85.525318 71.243218 78.618345 68.670633 68.795603 83.828805 96.864573 
99.708516 77.229401 80.927721 92.062750 68.604242 70.639851 78.901839 84.231270 79.162484 71.275047 91.859666 79.734529 98.833292 80.994574 
72.677801 76.663727 77.450144 77.384185 81.575285 82.628966 78.465847 98.360204 68.337323 70.398940 83.449603 
73.380870 76.855927 86.516743 95.367211 91.702635 80.310834 78.015216 100.354880 85.651204 91.019430 97.040449 99.021175 82.262895 79.638098 82.946443 78.751276 91.507484 
70.516887 76.451777 70.983466 72.122065 100.370366 81.973753 101.963200 70.592756 68.290155 80.363649 93.122434 101.168924 98.137843 78.659766 87.853307 77.482285 98.921789 72.717224 99.672705 
100.118775 77.207961 69.788020 74.884316 95.869367 91.131257 101.703794 95.461848 99.483157 80.358271 94.440758 72.881808 83.664878 78.867463 98.739976 85.577766 72.137387 75.373580 69.101053 94.295233 88.610399 71.195371 85.175261 73.092175 87.188981 70.805270 75.464440 81.324944 98.736638 68.418108 88.215238 96.061474 92.296213 69.016809 88.265558 
96.229543 77.655700 86.400585 74.215514 70.491959 81.489978 88.846195 92.591422 73.291866 79.995981 77.038941 88.322321 94.792539 78.927497 99.358633 84.948914 73.423853 73.060417 91.736690 80.636340 72.141891 100.409537 73.268998 86.573115 95.158016 
79.653557 77.505378 81.778401 73.889431 70.881531 90.243909 76.289676 69.111967 72.427955 80.621547 71.618219 89.856795 80.548756 80.672556 73.837817 88.085156 87.561234 70.680572 70.994697 80.466341 96.266368 79.548277 92.538264 70.235513 70.176549 99.942553 81.425685 91.222902 87.526832 96.557946 
69.110049 78.525184 71.854374 74.727078 100.880584 87.490421 80.475580 75.509919 72.294166 78.832025 98.196988 69.560080 85.567621 85.521560 72.609648 96.878587 96.201424 101.028684 90.450177 79.733124 101.382493 80.340254 84.278287 86.188431 94.314336 82.547545 78.658892 82.027059 
