1.038121 0.904435 1.012554 1.232980 0.872742 1.019125 0.841227 1.255123 0.929417 1.244520 1.245685 0.988292 0.983473 1.170188 0.859637 1.190015 0.870417 1.256706 0.907879 1.247623 1.168837 0.957781 1.079880 0.836697 1.132269 0.797640 1.039437 0.863063 0.857176 0.904147 0.900338 0.946886 0.969808 1.009296 1.133964 0.839104 0.824697 0.881643 0.997963 
0.861159 0.959512 0.908993 1.239728 1.037019 0.980676 0.822532 1.058045 1.041196 0.952758 1.167222 1.050111 1.033276 1.254196 0.816670 1.106240 0.893205 0.904548 1.198794 1.064330 0.983232 0.895141 0.944165 0.954613 0.987431 0.909221 1.169984 0.854650 0.914328 1.208478 1.112478 
1.164220 0.922390 0.840844 1.255397 0.951788 1.239456 0.916879 0.958723 1.140608 1.127895 0.995305 0.918501 1.190733 0.803162 1.239637 0.813388 1.143181 0.871154 0.795790 0.944227 0.926718 0.881939 0.991765 0.814539 0.829262 1.014907 0.964313 0.821739 1.228996 0.914075 0.801678 0.798461 
1.050039 0.797306 0.798152 1.249617 0.899473 0.849176 1.181225 0.876622 0.862880 1.055969 1.007063 1.099954 0.911298 1.114385 0.852603 1.078863 0.839423 0.920226 0.918603 0.944972 1.096473 0.934181 1.057110 1.190536 1.055877 1.103823 
0.817616 0.922084 1.179389 1.258575 0.838826 1.209315 1.178580 1.200325 1.108566 1.205771 1.112145 1.008252 1.078919 0.804765 1.081866 0.813660 0.849021 1.013482 0.909674 0.891872 1.196989 1.017147 0.804222 0.899862 0.855219 1.129708 1.099887 1.124465 1.030240 1.217091 1.055737 
0.993908 0.957915 1.012837 1.223358 1.159676 1.033220 1.188916 1.024912 1.034877 0.919033 0.979247 0.825578 0.929469 0.867765 0.894644 1.146573 1.127660 0.927742 1.054677 0.834165 0.965078 1.185545 1.149529 1.172621 1.152894 0.807777 0.887996 0.867667 1.159595 1.031740 1.192174 1.019075 0.920833 0.910140 1.059973 
1.194105 0.966637 0.881955 1.150366 1.052922 0.856983 0.809513 0.866984 0.853494 0.887308 1.257190 1.236395 0.796159 0.959048 1.082755 1.235675 0.909327 1.161194 1.026247 0.897519 
1.256424 0.885516 1.191023 1.151325 1.055420 0.818356 1.191210 1.220901 0.833851 1.015955 0.993306 0.852204 1.001961 0.921518 0.929497 1.253110 0.813089 0.934402 1.232934 1.164270 1.092351 1.251824 0.809060 0.983322 1.044687 0.978413 0.872286 1.193432 0.976734 0.964276 1.236165 1.088656 1.062613 1.011984 0.909818 1.203072 0.928607 1.098621 0.847993 1.088717 
1.214274 1.244918 0.958272 1.241639 0.858771 1.160641 1.093526 1.018933 0.805471 0.829511 1.016285 1.163380 0.942904 0.854513 1.074280 0.962522 0.919222 0.867508 1.012079 0.862925 
1.251986 1.197062 1.078111 1.059660 0.958515 0.814007 0.827763 0.825771 0.839182 0.959333 0.960481 0.798238 0.831639 0.964195 1.095278 1.016045 0.965553 1.227488 1.213911 0.805029 0.810987 0.914809 
1.195507 1.124421 0.795742 1.151079 0.874343 0.820735 1.230794 1.062094 1.042464 1.130962 0.825340 1.146596 1.143763 0.853662 1.178080 1.111081 1.230202 1.173711 0.812614 0.819600 
1.235936 1.014677 0.825279 0.865945 0.798700 0.923997 1.248900 0.950307 0.797705 1.159886 0.845313 0.985286 0.838697 1.174407 0.929710 1.239594 1.091894 0.890631 1.040287 0.841756 0.997891 0.941836 1.102589 
1.242220 0.975458 0.798043 0.833013 1.142516 1.222260 0.961858 1.116358 1.037242 0.841594 0.813638 0.987812 1.044915 0.992636 1.081448 0.894172 1.114959 1.145439 0.902158 1.014209 0.937509 1.038778 1.110998 0.807366 1.054440 1.107465 1.244649 0.798549 0.835367 0.952483 1.015183 0.864920 0.839319 0.873628 1.021169 0.838537 1.215981 0.915204 0.799293 0.810800 1.211117 0.817158 1.110131 0.935671 1.166403 0.979679 1.096774 1.105621 0.851669 
1.161304 1.198681 1.061631 1.102998 0.988509 1.244636 1.131113 0.891600 0.842592 0.878449 1.179180 0.901505 0.893008 0.839927 1.219716 1.013772 1.196672 1.003093 0.983212 1.128711 1.095532 0.987352 1.102022 1.244261 1.084812 0.912277 1.164437 1.109430 1.208408 0.873501 
0.949872 1.021392 1.136031 0.798976 0.807162 1.242286 1.186086 0.865029 0.810142 0.874083 1.080120 0.978756 0.809239 0.889952 0.882031 
0.950065 0.922569 0.915809 0.836037 0.989923 1.252521 1.184117 1.231269 1.002886 0.835449 1.006452 0.863107 0.941521 1.093100 1.110086 0.899099 0.932523 1.128947 1.070049 0.798346 1.221859 0.900665 1.239822 0.939815 1.054867 0.823385 0.806086 1.002878 0.940905 1.254013 
1.092848 0.858021 0.925143 1.197672 0.839868 1.234402 1.045894 1.077618 0.975296 0.821040 0.989723 0.899952 1.162980 0.876896 0.914952 0.935049 0.904434 0.855725 0.890266 1.180666 0.854947 1.089274 0.819271 1.195356 0.824183 1.003223 0.795665 1.182863 0.971089 
1.140392 0.879851 1.049290 0.816367 0.941670 0.982367 1.219013 1.128523 0.959714 1.066926 1.250283 0.880432 0.974137 1.166865 1.050199 
1.244070 0.995003 1.055209 1.142261 0.915407 0.900913 1.235894 1.253935 0.948119 1.154755 0.834919 1.086416 1.246034 0.923205 0.979731 0.867113 1.016865 0.814354 0.931490 0.800419 1.001190 0.941235 0.813933 0.816724 
0.814797 1.017457 0.882139 0.815279 1.077320 0.876813 1.169225 0.892109 1.174571 1.027893 1.135600 0.972511 1.083685 0.895846 0.806523 1.203218 0.902153 1.076292 1.150502 1.131559 0.973271 0.926865 0.853698 0.815834 0.880652 0.853914 
0.845222 0.909459 1.041686 0.808242 0.848331 1.204824 1.242172 1.013363 0.988755 0.856166 0.987559 1.068636 1.197831 0.848661 0.867682 1.098002 0.849438 0.880280 0.933713 0.958094 1.007637 0.798704 1.034148 0.933759 0.831546 
1.247943 0.890643 0.794892 0.868558 1.076343 1.158955 0.831122 1.162095 0.908445 0.868273 0.963781 0.823736 1.021465 1.031736 0.992052 0.913388 1.190761 0.833068 0.840279 0.943048 0.996164 0.955398 1.044165 1.251257 0.888677 
1.236768 0.886535 1.254081 1.229553 0.958919 0.842247 0.803358 0.930118 0.859364 0.815182 1.093275 0.818118 0.969227 0.967778 
1.122809 0.862807 0.837536 1.227499 1.042174 0.823831 0.847957 1.099332 0.926953 1.083807 1.128411 1.146910 0.811959 0.799115 0.894684 1.230270 0.813281 1.185557 0.967088 0.926914 1.223300 1.207213 1.183340 0.946995 0.919184 1.132273 1.057093 0.938219 1.019759 1.006776 1.044804 1.063723 1.059892 0.941214 
1.093121 0.829411 1.100107 1.169577 0.943478 0.832754 1.161301 0.806166 1.238053 1.115576 0.923755 0.844744 0.895894 1.001293 1.135170 1.198073 1.141947 0.858052 0.803373 0.977439 0.844568 0.796486 1.258655 0.818611 0.905195 0.944113 1.153162 1.069191 1.026605 0.853584 0.841515 0.849245 1.103168 0.823268 0.921904 1.098400 1.211630 
0.864175 1.012139 1.168067 1.098224 1.223413 0.801217 0.910740 0.959395 1.246682 1.206659 0.954418 1.243403 1.048537 0.854318 1.222370 1.105871 1.020150 1.200161 0.857614 0.994320 0.985190 1.155793 1.088537 0.825443 0.834515 
0.826976 0.909785 1.134308 1.144778 0.857561 0.873868 0.982827 1.082926 1.234387 0.955016 1.139763 0.911858 0.999778 0.814933 0.850757 1.225252 1.020269 1.000132 0.826699 0.867684 1.207623 
1.099601 0.912780 1.144476 0.870685 1.072064 0.929601 0.862581 0.889416 1.257851 1.143027 0.845570 1.161493 0.809414 0.874976 0.833044 1.015267 0.859688 1.232142 1.002825 0.856852 1.112059 
0.809568 1.222199 1.002453 0.960391 0.999628 0.831362 0.825921 0.853551 0.809256 0.955288 1.156538 1.190723 
1.217100 1.032328 1.009845 1.209531 0.905747 0.945175 0.837895 0.794357 0.850332 0.946089 1.132378 0.964578 0.816148 0.869119 0.928320 1.108478 1.229708 1.147755 1.134923 0.952601 0.910683 0.986020 1.074243 1.104669 1.170180 1.012648 1.017505 1.062710 1.251663 
0.860577 1.042764 0.833088 1.158488 0.887744 1.032984 0.961790 1.237439 0.976156 0.934034 0.968979 0.864451 1.154985 0.872059 0.994329 1.045678 1.111095 1.180163 1.210839 1.207168 0.832356 0.994023 
0.893936 0.851238 1.166491 1.082895 0.861757 0.966618 0.892792 1.248889 0.812927 0.967349 1.117439 0.845578 1.190874 0.942101 1.033427 0.855669 0.987694 1.146854 0.819386 1.097276 1.106637 1.235754 0.968407 0.905906 0.853555 0.958031 
0.817365 1.097898 1.121620 1.231269 0.918331 1.051337 0.921287 1.178551 0.956992 1.226892 0.851393 1.031933 0.825234 1.040972 1.166262 0.850551 0.802716 0.809683 0.869460 0.831512 0.901197 1.219728 0.940993 1.042737 0.996949 1.226616 1.088074 0.860436 0.945598 1.017759 
1.137186 0.826271 0.940911 1.214821 0.901223 1.119479 0.945378 0.874278 0.957196 1.077643 0.977558 1.111647 0.877678 0.877986 1.251474 0.990586 0.854019 1.160897 1.061881 0.824432 1.201039 0.876999 0.819354 0.802135 
0.853416 1.238565 0.901255 0.883618 0.925503 1.152107 1.080948 1.213341 0.885733 1.161306 0.861847 1.241735 1.001341 0.885873 1.254330 1.087455 1.094950 0.803088 
1.137526 0.889538 0.842950 0.971285 1.226677 0.928160 0.858351 1.023272 0.947777 1.240983 1.052848 1.222952 0.831053 1.055367 1.222591 0.817358 1.039878 0.906238 1.031454 0.817908 1.162599 0.838949 0.822229 0.851467 0.866395 1.040239 1.051028 1.172247 1.099338 1.032914 1.069554 
0.874972 0.827468 0.944616 0.819796 1.028156 1.064119 0.849733 1.066844 0.799007 1.122119 1.204545 1.128766 0.826209 1.220818 1.250111 0.821039 1.227365 1.200444 0.841819 1.040279 1.130994 0.983721 0.918652 0.932501 
0.816873 0.882626 0.837889 1.203953 0.815797 1.143222 0.984656 0.854396 1.017171 0.825598 0.886231 1.130684 0.854068 0.962090 1.237690 1.068723 0.910360 1.184196 0.888118 0.826751 0.939499 1.095569 0.913989 0.821570 1.112436 0.945088 1.001874 0.986941 0.916638 1.231672 0.900659 0.905567 
1.134151 0.919048 0.799287 1.195001 0.942856 1.168784 0.910511 1.237600 0.929554 0.856998 0.849245 1.098940 1.068117 1.046300 1.208352 1.001759 1.094152 1.130073 1.127377 1.035010 1.030067 0.821773 1.124403 0.868575 1.219346 1.107676 0.888334 0.884917 0.806274 0.975757 0.826208 1.031405 1.120562 0.976110 0.907403 1.175761 1.125729 1.048411 1.057324 
0.979040 0.832967 1.085641 1.085802 1.226691 0.875851 0.813049 0.826353 0.885628 0.879340 1.039329 0.981360 0.847739 1.253784 1.002340 1.035807 1.079783 1.180468 1.204838 0.985470 1.102412 1.112185 0.805803 0.921417 0.911350 0.855691 
0.829496 0.851763 0.826779 0.812415 0.853575 1.196196 0.990270 1.001112 1.046752 1.205415 1.239633 0.983182 1.208114 0.832228 0.970337 1.221346 1.089435 1.026118 1.256540 1.200369 1.006229 0.898911 0.865018 0.854865 1.149896 0.889534 1.177520 0.863084 0.988901 0.838731 0.822149 
1.067457 0.939777 0.851574 0.967050 1.079989 1.179749 0.835830 1.116089 1.173516 0.855396 1.228748 1.013608 1.234110 1.205125 1.206656 1.175012 1.042681 0.823635 0.813918 0.838201 0.924140 0.845794 1.117576 1.240307 0.849121 0.831071 1.055699 0.798137 0.842770 1.165000 0.831004 0.932512 0.928803 
1.161467 1.211014 0.968110 1.244170 0.845625 1.184534 0.899193 1.019239 0.807942 1.207614 0.826654 1.120718 1.252751 0.940319 1.248962 1.089435 0.862461 1.049682 1.072872 0.911608 0.916462 0.855569 0.815778 1.164408 1.014577 0.956738 1.058535 0.902276 
1.071816 0.799472 0.840619 1.127564 0.812176 1.234477 0.899314 0.993721 0.915514 0.954153 0.798842 1.030800 1.243796 0.885621 0.830489 0.822430 0.831994 0.890814 0.849168 1.140620 0.856843 0.850390 1.157692 0.853211 1.015972 0.912098 
0.949794 0.940982 0.825803 0.836695 1.050018 0.964750 0.872362 0.937065 1.127897 1.156498 1.247063 1.205886 1.245263 0.930428 1.046932 0.873748 0.872903 0.874426 0.888942 1.156162 0.853096 1.004761 1.130687 0.943881 
1.151463 0.996181 0.907336 1.063332 0.819108 0.942711 0.864486 1.173693 0.829837 1.019914 1.129125 0.896399 1.192473 0.866087 0.995189 0.871150 1.100863 0.808558 0.954016 1.075607 1.026782 1.249189 0.931080 0.908614 1.250159 1.089211 0.895770 
1.010698 0.990072 1.103179 1.238088 0.807491 0.946893 1.166449 1.111205 0.831473 0.832194 1.050061 0.942435 1.250044 0.971080 1.160772 0.907125 0.799888 0.989067 1.047517 0.830853 0.806705 1.035710 1.145514 1.074478 1.241030 0.829990 0.828423 0.844741 1.116287 1.052160 
1.052506 1.218830 0.959476 0.820477 1.008744 0.907484 1.128483 0.942991 0.826753 0.835089 0.918343 1.146781 1.205155 1.233174 1.058303 1.089513 0.985862 0.916056 0.816824 0.946992 0.825726 1.105012 1.108077 1.061388 0.826022 1.109375 0.961441 0.966751 1.101167 1.082348 1.081844 
0.795125 1.237780 0.973208 1.027801 0.879624 1.038682 1.127359 0.873230 0.912159 0.926644 0.863514 1.111541 1.231692 0.929413 1.200693 0.822952 0.902411 1.059329 1.210649 0.881477 1.239418 0.976377 
0.843892 0.836675 0.796251 1.226595 0.942273 0.847875 1.185091 1.028315 0.794833 1.028264 1.157635 0.872931 1.207623 0.957027 1.197448 0.910597 1.257551 1.198036 0.850009 0.914371 0.956732 1.004520 1.087721 1.216377 
1.027072 0.848460 0.994000 0.833622 0.961989 0.892553 1.246132 0.806204 1.056632 0.912357 1.179359 0.986399 1.050628 1.244076 0.851238 0.873767 0.880714 
1.046831 0.820306 0.820886 1.232480 0.815665 0.961541 0.988639 0.932869 0.916218 0.898750 0.808009 0.832957 1.003153 0.979183 0.988755 0.851356 1.106643 1.102658 0.960987 1.161705 0.888923 1.122117 0.829069 0.867464 1.110303 1.081211 1.090932 1.042313 1.081244 1.159031 
1.160314 1.115018 0.824702 1.248954 1.085527 1.052823 1.118042 1.210209 0.910215 0.892402 0.993295 0.916946 1.105470 0.926863 0.861270 0.804710 0.953258 0.975746 1.131474 0.842424 1.047518 0.886980 0.997122 1.081530 1.008768 1.167948 0.899874 0.889099 0.886928 1.073164 1.095562 1.101462 1.180038 
0.874353 0.823957 1.201280 1.242073 1.064766 1.165472 1.004037 1.081509 0.794602 0.978189 1.027041 1.225024 1.106757 0.926257 0.812625 0.931263 1.063844 1.223860 0.950242 0.876996 
1.048673 1.248008 0.884052 1.254826 0.929173 0.875115 0.820453 1.189242 0.856514 0.956710 1.181799 1.106106 0.832826 0.829715 1.165722 1.162335 0.868021 0.849801 0.991485 0.860756 1.225769 0.814550 
0.854248 0.945791 0.909967 1.194435 0.832394 1.014165 1.022943 0.911718 0.803747 1.123047 0.833216 0.988466 1.038482 0.908756 1.143857 1.195160 0.854842 0.878947 
1.244374 0.794404 1.048456 1.243749 1.053735 0.839153 0.804993 1.241671 0.831081 1.162081 0.817713 0.970146 0.867476 0.943400 1.105130 1.090176 1.016854 1.223862 
0.903396 1.117903 0.951140 1.252985 0.964297 1.238377 1.156289 0.983460 0.966542 0.820130 0.808226 0.851091 0.917830 0.901631 0.867618 
0.813953 0.881366 1.002439 1.211670 1.107394 0.929684 1.171827 0.795504 0.926831 0.921143 0.841753 
0.812172 1.126841 1.248200 1.210379 0.905377 1.228389 0.839544 0.836394 1.222385 1.004683 0.815970 1.181659 1.005833 1.056418 0.800396 1.241444 0.859201 0.959367 0.886269 1.005403 0.945721 0.888321 0.949841 1.249310 1.216796 0.852361 
0.881386 0.976426 1.240913 1.156904 1.254768 0.927579 1.135389 1.054590 0.896819 1.099268 1.207203 1.154751 0.904970 1.036147 1.016992 1.147618 0.810007 0.974846 1.168833 0.843147 1.049485 0.853842 1.236150 1.087107 0.801880 0.802985 1.234663 0.947126 1.105076 
1.235769 0.890970 0.855243 0.918519 0.989062 0.850855 1.153781 1.144473 1.164350 1.221827 0.990761 1.129521 1.048391 0.869805 0.833006 1.054147 0.861821 0.811752 0.924244 0.919560 1.190420 
1.211218 0.974556 0.796542 1.212656 1.186355 0.874771 0.797272 1.223424 1.097962 1.105990 0.911822 0.810996 0.900667 0.817657 0.870258 0.994360 0.888814 0.956870 0.986669 0.956866 0.812615 
0.835700 0.900465 0.809147 0.951712 0.882044 0.824025 1.217797 0.795101 0.914480 0.822168 0.885831 1.248230 0.798225 1.033675 0.829730 1.006036 0.801605 1.092589 0.911356 0.975183 
0.868369 0.991169 0.844194 0.873393 0.798584 0.921791 0.992948 0.832620 0.847041 0.945536 1.028376 1.235224 0.973936 0.860666 1.026206 1.176357 1.150715 1.194300 0.885794 0.900592 
0.990890 0.829236 1.114664 1.121895 0.814169 0.806058 1.049571 0.932259 0.987282 0.914233 1.131089 1.223338 0.934579 0.971843 1.101068 0.910312 1.111088 1.001665 1.014675 1.087284 1.188520 0.939884 0.874365 1.165553 0.812397 1.243770 1.151853 1.192839 0.814044 1.211590 1.249500 0.895301 0.943061 1.108507 1.114170 0.997428 0.870677 
1.036035 0.809239 0.911650 1.230193 0.870082 1.216107 0.795926 1.082123 0.830908 1.066551 1.177938 1.237495 1.143357 1.059675 0.801038 0.898634 1.017098 0.952295 1.227432 1.014224 1.000321 1.001218 0.926251 1.187544 1.091513 0.963271 0.934291 0.874531 0.926752 1.014600 0.861526 1.167131 
1.114532 0.940597 1.026220 0.841868 0.975777 0.965341 0.800389 1.163874 0.800970 1.086707 0.948968 1.195451 0.861393 0.803653 0.957229 0.916201 0.797482 0.809089 0.847227 1.015826 0.824355 0.951696 1.062695 0.873835 0.964960 1.036215 0.821726 0.844861 0.840426 0.798190 0.962839 0.971323 0.974856 
1.083624 0.933090 1.064299 1.170548 0.840692 0.842319 0.872235 0.947675 1.020293 0.840961 0.932678 0.921872 0.970653 1.207862 1.202734 0.897431 0.989494 1.247009 0.824243 1.002257 0.902210 0.801072 1.149996 1.042057 0.952736 1.099697 0.839575 0.885445 0.987125 1.003569 0.848084 0.935557 0.869100 0.990760 1.003740 1.040633 
1.003487 1.067441 1.035067 1.134212 0.821842 0.856086 1.031483 0.901322 0.919757 0.821679 0.970110 1.036985 1.252913 1.025210 1.092611 0.840003 0.908263 1.253901 0.970484 1.037034 0.957465 0.875598 1.103405 0.969626 0.877262 0.909414 1.085251 1.127325 0.812835 0.903817 0.895172 0.870807 
1.094139 1.238434 1.120881 1.247708 0.836779 0.807546 0.839964 0.829271 0.966039 1.150068 0.943212 0.894515 0.794697 0.847071 0.994550 1.028300 0.983337 0.986813 0.808913 0.931945 1.178890 0.796722 
0.883926 1.233734 0.866423 0.876202 1.179466 1.007570 1.148752 0.899281 0.816917 1.240344 1.006410 0.856064 0.808852 0.987245 0.889589 0.992367 1.231333 0.949267 0.908184 1.000607 0.907630 0.831306 0.856781 0.983504 1.084036 
0.894182 1.215158 1.046529 1.015487 0.799235 1.072929 0.852956 1.199598 0.857245 0.847411 0.903787 1.010427 0.986072 0.848013 0.845683 1.168620 0.877776 1.194341 1.121615 
0.798342 1.249091 0.851598 0.966273 1.166739 1.081618 0.858927 0.858000 1.035018 0.891331 0.892285 0.864136 0.857404 1.018280 0.812283 1.146728 0.918284 0.842958 0.951775 1.137513 0.904864 0.950456 1.065507 0.934822 0.902356 1.086067 0.916827 0.942020 
1.166240 1.241264 0.958095 1.217998 0.829422 1.149555 0.844790 1.222534 0.865110 1.184832 0.975704 0.808490 0.988673 0.964177 0.946955 0.943823 0.907006 0.880177 0.897479 0.940469 1.231944 
0.835235 1.241243 0.887590 1.133231 0.868815 1.192944 1.153832 1.118604 0.878052 0.808742 1.196842 0.887447 0.885824 1.062448 0.827519 0.949931 1.090443 1.151637 0.911533 
0.809255 1.244629 0.923702 1.245445 0.981771 1.096804 0.867186 0.886048 0.986111 0.796859 0.891991 0.967662 1.218249 0.979715 1.246404 0.864812 0.889905 0.903802 0.819735 1.063007 0.811044 0.858335 
1.011024 1.020164 0.801436 1.090056 0.961758 0.897842 0.911900 0.893188 1.253466 1.213309 1.221702 1.044282 0.798973 0.840233 1.099656 0.881007 0.798673 0.850766 0.816654 
0.940895 0.835766 0.991053 0.797376 0.946237 0.856149 1.206357 1.005936 0.974957 0.864140 0.897434 1.038637 0.887964 0.942109 1.192922 0.918447 0.908174 1.027632 0.848568 
1.073514 0.880511 1.121719 1.059492 1.071971 1.057334 1.207743 1.073592 0.956721 0.838373 1.107080 0.902701 0.850477 1.249922 0.890013 1.090451 0.944224 0.907647 1.051771 0.811289 0.927684 0.834805 0.878362 
0.946802 0.891846 0.944796 0.952750 0.848642 0.964959 1.222308 1.117549 0.960243 0.824520 1.002273 1.047824 1.022933 0.834198 1.027543 1.105612 0.914484 0.838728 1.245025 0.981164 
1.132647 0.971291 0.817842 0.934160 0.824176 0.805598 1.257969 1.239866 1.223819 0.803536 1.174871 0.794508 1.079912 0.904710 0.973229 0.834937 0.861730 0.892677 1.117946 1.230324 0.851565 0.845616 0.815756 
1.230414 0.887638 0.955090 0.805857 1.152723 1.258352 1.103704 0.890305 0.923315 0.851968 0.999602 0.895770 1.077423 0.807973 1.102512 1.002992 1.069776 1.175715 1.002374 0.991599 0.821101 0.928529 1.109131 0.827914 0.928763 0.934734 1.007092 1.156488 
0.800700 0.934197 1.105471 1.010737 0.914682 0.829206 1.237971 0.961059 0.878364 1.017007 1.140781 1.047958 0.907468 1.095324 0.860524 0.807483 1.023484 1.099652 0.995443 0.914966 0.930813 
0.855713 1.096519 1.147057 1.112170 1.131693 1.031739 1.251718 0.843675 0.884150 1.166731 0.983355 0.937485 1.182823 1.149135 0.798405 0.953541 1.034542 0.859225 0.857009 0.889018 1.054959 1.034848 1.039436 0.999997 1.097824 
0.970231 0.820713 1.257997 0.982127 1.069214 0.917967 1.243568 1.058822 1.017806 0.906361 1.051081 0.840277 0.900073 1.062794 0.961993 0.889044 1.131617 1.038477 1.183649 1.083827 0.891136 1.039108 0.983145 0.875664 0.899668 1.093075 1.187451 1.129187 
0.927923 1.110869 0.866068 0.926591 0.861572 1.173356 0.864229 1.000183 1.224920 1.183935 0.832357 1.253108 0.836251 1.209498 1.176616 0.924383 0.914928 0.893847 1.250507 0.830566 1.158882 0.966682 1.015298 0.794981 1.169979 1.042570 0.838202 0.872814 
0.808752 0.852488 1.243829 0.813009 0.808132 0.958967 1.160986 0.832537 1.180357 1.231444 0.916412 1.014937 0.900710 1.062325 0.799740 1.197332 0.817399 1.044535 1.001563 1.145504 0.989705 1.173929 1.030504 0.884287 0.910778 0.996303 
0.990750 0.978255 0.959221 0.884659 1.070631 0.812106 1.099816 1.145367 1.249240 1.097996 0.847964 1.144334 1.110941 1.026679 0.923224 0.916939 1.107162 1.122356 0.813715 1.176911 0.830849 1.080637 0.894101 1.136229 0.949696 1.196241 0.847658 0.980065 1.197649 0.851462 1.090746 1.018219 0.874272 1.170626 
1.061749 1.049260 0.950552 0.824970 0.809138 1.186623 1.091308 0.950141 1.227933 1.130139 1.254205 1.071573 0.801887 1.078644 0.828856 1.208233 0.870028 0.967300 0.831460 1.065778 1.038539 1.223693 1.147314 
0.943449 0.965217 0.900122 0.908472 0.823596 1.078332 0.947465 0.813384 0.861365 0.904747 0.992869 0.990799 1.167854 1.131733 0.860628 1.050080 0.891843 0.881563 1.099822 1.159078 1.184181 1.077338 0.888190 1.064340 1.144789 1.257431 1.203595 0.809003 0.829185 
0.892502 0.824126 0.878267 1.166849 1.006147 1.188843 1.216132 0.876673 1.135092 0.834840 1.080351 0.801117 1.234792 0.873320 1.210800 0.914956 1.126802 0.938039 0.926023 1.006832 0.976187 
0.848285 1.125151 0.803697 0.832974 1.198415 1.124567 1.076911 0.955223 0.902664 0.943609 0.828357 1.044360 1.223267 0.795213 0.836190 0.971967 1.153152 0.995151 1.138960 0.825159 1.029981 1.174070 0.830087 0.900041 0.861295 0.894532 0.922387 
1.033968 0.964466 1.234713 0.859585 0.945929 0.808606 1.234744 1.069941 0.814673 0.820549 1.047260 1.078547 1.167831 1.012344 0.819789 1.253010 0.836649 0.873290 1.051282 0.885860 0.804112 1.125257 
0.911690 0.947093 0.950339 1.014076 1.258067 0.818508 1.132194 0.965056 0.983320 1.110536 1.187791 1.012570 1.081466 0.920607 0.883100 1.010197 1.124399 0.877640 0.816153 0.822279 0.807487 0.943702 0.830688 0.942645 0.831909 1.136508 1.219651 1.125773 0.798763 0.989148 0.982673 0.797301 0.938480 0.927437 
0.935964 0.801669 1.224360 1.213947 0.804719 1.016572 0.875660 0.898659 0.832235 0.816759 0.820165 0.836447 0.841829 0.826184 0.862438 0.851556 0.870598 1.121572 0.823411 0.856772 0.802586 
1.037851 1.059445 1.241737 1.125845 0.872795 0.807012 0.874298 0.909599 1.205259 0.921083 0.936075 0.922945 0.964369 1.046612 1.105617 0.972619 0.836323 1.166071 0.836661 1.134896 0.935594 0.849090 1.090338 0.883396 1.050738 1.056561 
1.237781 0.851169 1.255563 0.882899 0.847293 0.810065 0.878288 1.043405 1.110363 0.842255 1.211769 1.059755 0.870610 1.055666 1.115671 1.180172 0.990643 0.916072 0.823409 0.838129 0.848714 0.823586 0.944241 
0.852619 0.908180 1.257567 0.801179 1.229897 1.007897 1.209955 0.882983 1.195831 0.901525 0.989619 0.814285 0.814695 0.841292 0.863419 0.972069 0.986803 0.796034 1.189726 0.939643 1.201830 0.797492 1.005718 0.807662 0.984268 0.817743 1.108937 1.094722 0.830493 0.796463 1.168971 
1.142726 1.238036 0.823809 0.846341 1.204075 0.846111 1.194389 1.225060 1.211308 0.803325 1.128676 0.816842 0.840616 0.919710 
