110.588706 744.704037
 92.933635 740.290346
107.262415 748.855248
 87.486651 748.352103
 93.813201 750.304104
 98.761601 742.503298
 62.960310 745.644405
100.566287 762.332813
 73.466047 753.640338
 67.170562 757.514002
 75.873939 738.618835
 83.104473 747.074663
118.974179 747.771426
 88.113475 731.534679
 60.743894 743.831087
 86.790835 747.951664
 94.328754 746.214446
 61.968760 741.306033
 79.862987 758.797652
 84.568424 754.995752
 87.439347 756.377431
 80.579539 751.632148
 60.019102 760.688171
102.516736 751.334164
104.799170 765.353007
 77.441084 756.771852
 74.016847 756.037758
 80.495049 758.247888
 55.015660 753.031117
 98.627089 746.681848
 77.930087 744.079668
 89.176115 745.740529
 91.388476 747.790918
 84.070841 760.317628
 63.977075 760.336935
 93.863896 754.565876
 82.004160 754.007761
 90.557753 755.118536
112.846229 754.675059
 86.463063 751.557983
 92.577299 756.845136
 94.580685 748.937927
 99.576842 747.359459
 89.788115 756.605378
 83.837349 761.922838
 92.570628 755.747801
 91.780576 757.155585
 92.848283 756.261061
 79.300545 753.828311
 80.744370 755.611087
 63.907961 749.538627
 92.222172 758.911609
 99.220206 755.452560
 70.722192 754.252650
 73.345810 757.661701
 65.698265 754.538168
 71.668195 757.473734
 64.321729 753.598343
 46.016850 756.904914
 85.368995 762.676760
 86.733454 746.287505
 73.272546 766.070308
 67.610416 764.708637
 64.852952 767.125202
 66.633914 756.249952
 94.792273 763.246409
 99.895889 759.451497
101.940032 755.203481
108.809017 757.936265
 85.727932 758.381118
 70.269202 758.831611
 82.843255 754.678431
 67.643294 758.402833
 78.933461 766.434397
 62.382881 770.229372
 70.750167 756.328308
 82.107222 754.368255
 60.328181 774.440887
 67.819080 756.403432
 82.753900 754.040875
 68.159288 761.033104
 77.583612 754.187498
 87.280921 744.272387
 83.178007 743.925819
 86.334311 741.277126
 81.763042 748.366426
 89.883105 762.917587
 84.564543 746.395912
 99.992590 740.867748
 80.949749 746.473642
 95.630780 740.000421
 75.457927 754.569490
 91.096301 749.236482
 74.912231 764.429207
103.764697 751.359122
 74.078665 770.667024
 78.353612 762.174109
 73.789782 763.253937
 86.751222 766.340360
 50.908563 774.348322
