32.571288 39.169170 38.007067 29.462163 36.016533 33.202959 35.336920 39.447629 31.062559 34.129507 27.779423 27.959513 31.231069 32.873409 37.312274 30.725345 34.290206 29.990448 30.019650 29.527519 28.353521 33.707313 34.115123 37.671532 
39.577838 35.632395 33.634421 33.524001 32.487911 30.762400 34.215333 33.429813 38.275644 33.233035 36.238209 29.552568 28.825346 34.849351 33.008077 40.781202 34.038091 26.981832 
35.131397 32.506432 37.360993 34.324187 36.116357 27.979371 30.277587 28.450656 35.582722 28.590866 33.770635 36.173548 30.602563 29.440059 34.641125 33.914776 29.086391 
31.138350 37.852199 26.537081 38.206043 35.430197 36.533307 31.300134 29.884041 35.120604 32.642867 39.149902 28.243545 33.025399 32.884693 29.833076 29.947413 29.681908 31.996400 32.114342 28.857025 32.578774 37.998320 29.063625 32.054321 
34.797743 30.215323 26.595062 27.719559 36.500558 29.128599 31.969852 34.926653 34.906184 37.197194 29.085959 31.534431 34.107573 31.223951 37.625869 36.747729 35.716364 36.165981 32.166650 33.467019 32.948064 36.185185 35.151026 30.703537 31.797481 29.266574 29.070402 29.282584 27.028017 
35.680893 37.300927 33.629272 30.951899 32.154029 28.742534 33.663218 37.098737 36.809333 33.078335 27.940124 31.276618 33.329173 37.433920 31.236266 32.240583 32.959550 31.851193 33.743145 30.869726 28.596677 33.966757 31.916742 38.503444 39.468551 33.662609 40.403874 30.974984 32.267286 
32.125501 30.865200 35.560162 33.311360 40.825183 27.706415 27.648254 32.099068 31.096107 31.006747 33.062044 30.707468 30.746671 37.882512 35.817126 32.910178 32.050705 28.821320 36.598539 29.203728 30.585747 32.037363 30.606834 36.416235 32.178682 38.170604 30.163167 36.208810 31.992491 35.857480 36.725767 29.715573 26.894604 
35.501800 33.196817 38.868309 34.715409 32.304878 30.605776 37.366851 35.004901 31.048451 28.573188 30.100815 32.762766 33.487693 32.661316 37.641634 36.576068 28.690287 35.504855 30.587243 34.450982 31.127073 38.095117 30.645015 33.234544 28.376005 33.964867 33.304551 26.743470 29.052583 
31.153637 33.146618 34.478394 34.489217 31.156159 33.173428 31.372204 30.501492 34.101700 29.952971 37.377464 31.404860 28.527802 27.618046 39.464214 32.430325 38.118887 34.503461 29.192055 31.931099 28.307387 37.220564 30.823509 37.982233 30.175195 33.092721 28.849743 33.375500 36.820757 
28.601009 39.727571 36.526511 31.383164 32.437163 29.505496 38.422834 40.643439 33.715099 38.328275 30.288632 37.810576 30.621412 35.689266 37.537940 38.288665 31.330184 35.360286 32.393243 33.838590 31.986607 35.820847 32.511679 27.001722 30.321747 30.699524 39.149803 33.199568 34.219427 34.759154 35.420035 29.791701 37.908196 
35.630696 36.599913 27.320117 31.566493 33.734027 39.579469 34.434772 35.094593 29.112031 30.180466 32.970768 30.225472 36.684354 27.643947 31.487089 35.091473 32.954701 32.005157 28.762800 38.034549 31.155479 40.007685 29.425999 29.562943 35.456405 29.585367 32.263891 
36.558853 37.842326 33.710253 28.990767 28.432363 27.565805 32.495223 37.636721 35.119513 33.705673 28.535131 39.277680 29.818654 39.757904 36.536021 35.893359 36.701838 29.081537 27.157492 29.118280 31.973514 31.997358 33.207569 36.589886 34.589231 31.198990 33.317977 33.100943 33.596821 
36.666646 36.299295 35.303779 29.752565 29.549373 31.455494 29.646795 32.980690 35.964747 36.933360 32.452648 29.189532 28.547094 32.042589 30.132155 39.685007 33.828227 27.959097 38.068449 35.679649 38.701571 31.020295 33.887505 29.646384 33.913242 26.642868 37.976733 39.300665 30.870934 36.386529 28.535341 38.266279 31.433568 30.112952 31.910598 33.900531 34.983493 38.887048 
31.243966 36.717224 33.896444 29.501053 27.843185 32.318500 36.840880 33.485141 32.368913 32.447847 36.450710 36.585930 34.129033 34.232489 32.353054 36.340754 33.427412 29.985508 36.978534 31.265295 35.406263 32.407767 31.490739 33.964785 33.165352 29.886112 37.201839 39.042939 34.072518 27.628234 29.767745 27.187661 31.451656 
36.960603 31.453492 33.663647 32.612371 38.603929 28.614952 39.586311 30.848422 36.507799 34.384070 37.140560 29.279668 31.391830 28.980716 33.061476 31.319877 33.006971 27.759354 30.486289 32.531182 31.820619 38.612860 29.074820 40.844059 36.421828 32.226751 
30.175533 38.820841 38.990722 37.263009 37.519276 34.669132 32.827906 39.271012 35.868328 34.437685 36.780578 39.325629 34.778561 30.283041 32.127300 38.285782 34.941886 34.476208 29.905787 31.917326 32.683142 34.317970 31.211658 34.294303 
32.736006 32.561951 37.778255 37.847681 38.342681 30.256631 31.125566 31.995596 31.797549 31.644143 38.679683 33.710867 31.771971 33.152846 28.671743 30.204191 35.636200 28.118341 30.023295 31.784568 30.305973 32.159800 
32.025097 27.045059 34.211229 31.882394 38.795692 33.574225 30.480619 36.271021 31.824033 30.255846 29.441539 37.190215 30.078549 31.520785 31.552165 35.558826 32.893536 37.717520 29.686722 
36.869303 34.706687 35.658396 29.569061 37.857744 32.746565 33.290816 34.528212 27.472572 29.393698 37.851074 30.760699 27.364892 31.654778 30.628539 29.742807 32.801826 31.346713 38.862127 28.961636 38.795786 30.880130 
32.430086 33.160787 34.818413 31.576994 27.026172 32.605487 28.185795 28.142244 27.659254 36.614578 37.211701 33.358539 32.745228 31.833605 31.892936 33.724239 30.203129 28.957911 29.075065 32.800323 31.095649 33.127780 33.331205 29.408088 29.677722 29.755961 32.352779 
35.732105 31.765655 29.278572 31.891972 37.512923 32.286270 33.202731 35.687179 28.359225 37.118442 36.420312 29.735326 33.934956 28.953362 32.098618 40.427281 36.059619 32.107107 30.096546 27.789659 
32.379091 32.141283 39.638263 29.334551 30.687949 33.546270 30.462522 35.663838 38.750376 36.442509 30.517723 30.291228 34.517429 34.245992 35.539960 34.441271 34.885815 28.168732 29.401725 29.985837 30.894849 33.414488 
29.371039 32.856598 31.596081 35.384528 32.685325 35.866481 30.178811 34.262420 33.421179 30.404691 37.381092 37.593145 32.806258 
33.350388 32.669675 36.336124 28.517735 26.846310 38.128876 29.466168 34.068299 33.266925 31.917650 30.436508 28.988126 33.181940 30.634585 26.687810 29.627458 33.278426 32.595698 34.660275 29.318299 29.895192 35.208089 
29.821543 32.305599 33.222366 28.128043 36.082459 36.392810 31.563462 34.087263 27.368545 37.102986 35.626174 33.103006 34.574371 35.003916 30.322474 28.479237 36.832869 30.252474 26.783759 36.360723 28.162696 
30.660010 29.566859 34.791467 31.392617 32.531902 34.777538 39.943770 33.822305 33.528262 31.607156 33.658640 28.794817 28.861668 29.421804 28.390687 31.562648 37.557890 30.540090 31.571739 31.654661 28.384952 34.082677 32.053839 29.297170 39.383736 36.744423 30.260250 29.594476 30.355755 32.030754 33.295272 
31.266043 27.574556 31.919709 33.600893 36.735628 33.578032 35.302139 34.703429 36.132902 29.227124 33.331651 33.342188 28.476630 27.567313 
34.432007 36.427780 32.034477 37.155943 33.443310 36.611280 33.248900 35.399862 29.621101 34.965610 29.148641 
37.350962 32.900882 28.802868 37.030517 31.004416 29.428517 34.719291 34.288233 33.370312 33.350034 30.067751 29.545411 28.030804 32.455138 31.261611 35.594221 29.380935 37.623431 
34.068096 31.945483 36.952994 32.409811 34.284684 32.274722 30.734292 29.382608 27.723348 32.802549 33.096750 33.895715 29.984893 31.424882 36.569703 29.670691 30.787153 30.820076 31.857232 29.296489 32.386169 32.039507 29.468873 31.095278 33.306446 28.054213 
32.924510 33.412550 34.919154 32.810342 33.942081 34.853134 39.545721 32.105506 30.967214 32.055052 35.268888 32.621807 40.585218 29.794412 
35.031835 33.113819 37.820303 33.760223 33.237608 38.694660 32.014564 35.781969 28.330669 36.082824 34.752202 29.846743 28.186927 35.102307 32.947695 30.576308 34.303691 39.120135 
33.956833 33.158001 36.837880 30.530033 30.145107 40.483137 32.553222 30.327172 31.469634 36.024155 32.126855 27.850618 27.041241 31.454935 
35.029914 29.885361 31.487471 33.617780 30.814602 32.367070 34.945105 31.843789 32.085797 31.514490 33.776382 38.301363 35.014116 31.089812 
34.847286 32.739749 27.544524 33.313897 33.602479 33.937394 37.874829 35.823534 32.041418 40.146372 34.384855 38.215084 30.691913 30.971969 38.102646 38.438208 34.917730 29.980047 36.053778 29.924253 29.466228 
34.739686 35.672708 34.051408 28.371036 33.407392 34.717896 39.552521 36.490116 31.886374 32.628744 29.428397 
34.621445 26.881924 30.173284 33.621895 37.245963 34.673188 31.466824 33.393310 31.305910 31.841462 33.732432 31.901923 36.095097 38.426961 31.169765 36.248649 31.635192 31.130399 
34.525191 38.748583 33.818932 37.090127 32.471860 34.942512 37.931769 32.840572 32.074019 32.012128 37.708538 30.988198 35.752986 33.917359 33.473171 32.051395 40.078412 28.633084 36.305832 30.113371 30.790827 27.407832 
34.760378 36.322791 31.688843 37.652931 33.802856 30.205562 33.795935 34.064386 36.833699 29.116038 36.427050 28.991728 
34.781223 32.959237 31.818638 36.913045 27.950919 36.555213 33.124217 30.785324 29.695916 36.326650 31.658246 
32.004964 37.376399 32.002613 34.644128 35.003246 36.088999 33.689362 32.253290 29.055074 30.649260 30.606022 31.183027 32.418246 30.219936 32.147649 
31.341102 29.988291 37.300076 36.859793 35.967210 36.880683 33.036790 29.717151 38.535576 35.807384 30.883720 31.922197 
37.098187 36.751785 35.723829 30.306237 33.141117 34.222030 30.977333 38.753232 32.521510 31.423060 28.700469 30.122844 35.220233 29.461776 29.643811 27.980246 33.000108 32.015029 28.230738 27.721887 34.312679 28.708398 26.600463 
34.484767 31.240604 35.977508 33.916531 30.655585 37.939047 30.650030 36.040600 30.404234 31.378583 30.631868 32.924456 36.987125 31.845792 29.547388 38.881887 27.853923 36.825069 34.733398 35.025848 
34.335434 28.177141 35.687389 38.019412 32.892056 37.896400 30.775217 38.310763 37.183862 29.471996 34.712397 29.446586 38.282774 36.329531 30.224588 33.546887 39.697622 29.253466 33.488844 31.789760 32.829947 35.532359 34.637311 
35.110812 35.582884 36.000883 32.250098 34.276308 39.294475 30.761601 34.441990 31.199431 39.074028 28.898526 30.230534 33.737853 
30.797776 38.541749 36.123890 30.411854 35.329158 38.658821 31.724823 32.547275 37.922820 30.701009 34.786559 
31.164267 39.243469 36.984034 28.065987 35.039842 30.942549 34.428732 34.301784 35.701162 29.821420 32.806004 34.251943 34.833965 37.827814 
34.002005 32.550883 36.240242 35.193847 34.993893 30.832474 39.103682 28.342775 31.988843 34.331619 31.009315 31.447538 31.144019 32.015781 27.249854 29.489990 30.838711 30.727244 34.919758 31.665408 30.832890 31.497518 
31.140094 36.572911 35.216075 31.261477 33.309169 31.430797 30.323426 30.644876 34.489586 39.420907 32.464995 35.152152 39.443800 30.207575 30.567726 28.814721 30.322497 31.332269 38.998758 31.757906 29.842867 
34.633163 31.740004 35.478081 35.397575 28.722014 31.157188 29.099347 28.896964 33.380491 29.903107 31.841507 28.088357 39.127446 29.192893 38.150624 30.860092 30.499566 32.323092 29.591550 
34.213980 28.645953 36.051050 37.212420 29.467732 31.053867 32.177666 32.719519 35.292064 36.806366 32.866153 29.466466 37.880607 34.608200 34.937112 38.761196 34.942445 36.231354 27.605595 
37.576658 33.721983 34.523856 31.214745 32.543538 31.413411 32.131753 33.151927 36.161424 29.763242 36.410892 37.088284 29.135647 31.545391 31.935750 36.993196 33.736151 30.424790 
36.538661 34.249330 35.574869 30.857497 36.609810 31.208504 35.194890 32.904349 28.831157 37.023134 28.573087 36.058731 27.409685 26.720156 34.170547 31.938873 38.420134 30.264790 33.778826 35.516721 32.233260 30.406339 31.778926 
36.948383 33.886970 35.276143 39.434106 27.768849 31.272165 39.512424 36.475154 38.232391 34.090778 40.356873 32.584438 28.142723 33.404255 29.260725 34.940608 31.832506 29.697857 34.040346 31.026185 36.098997 32.801593 29.722923 36.272075 35.169667 
38.030452 34.297313 34.021982 31.695976 31.787836 31.831704 33.537183 33.555866 32.867473 28.698530 30.019639 29.391167 33.160279 32.496064 28.586463 35.521814 40.298763 
29.353611 33.381170 34.612205 37.021213 32.292033 32.558447 28.727336 33.250102 29.849724 38.143728 
31.458647 33.476761 35.109780 31.923963 28.442782 34.020785 32.361551 33.979122 31.423184 37.641406 35.789597 33.526630 36.688095 36.637904 30.481397 30.414366 
27.866402 32.373125 34.884461 34.039203 37.273036 28.684995 35.074661 34.104437 28.075673 31.893262 34.402136 31.674926 29.713045 29.533136 29.999055 36.843111 37.960450 31.956651 27.627796 36.263647 37.054566 
33.498450 32.199467 34.583555 33.697447 26.777117 28.492968 38.194632 35.743013 27.922331 31.494144 33.442802 33.741681 32.599838 39.556975 33.852634 36.363863 38.216139 38.672873 27.585795 39.222174 
37.680873 31.897691 34.804757 30.684695 33.621746 38.378475 34.203796 29.233205 34.392806 31.771715 32.116012 30.876974 32.141695 39.364492 29.928802 33.177444 27.381849 28.360531 32.297515 29.636357 27.739556 37.348953 32.196448 27.744908 28.819849 28.563861 
38.531198 32.883769 35.195740 28.630738 34.385862 37.033011 29.697138 32.598360 35.325404 32.252892 33.212474 34.644603 37.115080 35.603416 31.062300 29.203832 29.319956 38.712570 36.095517 40.457812 38.259442 29.462934 36.691807 28.563384 33.672941 33.586457 
37.745053 29.917976 35.023343 35.965999 34.663173 34.334411 29.570879 27.493138 37.708914 32.055042 33.961653 29.000000 36.498526 32.078684 30.216647 34.719859 28.407497 34.836194 26.997287 31.889840 33.291016 32.463444 38.930835 35.713359 
30.426258 35.349869 34.263878 31.636156 31.656370 26.965870 28.990463 30.305370 31.412164 32.430542 33.267012 27.924430 30.788234 36.494265 32.890883 32.794111 31.506081 29.425028 31.738505 28.635702 33.907615 32.550827 35.957006 36.598151 33.858866 31.768942 37.831433 31.999969 
27.641708 34.878658 34.714981 33.609367 31.801748 36.965221 34.171068 27.580508 40.242534 28.933486 32.873422 26.717579 31.532187 27.074540 27.275266 31.635871 34.844804 31.916669 32.980263 38.114856 34.314621 32.184264 32.622195 34.207405 28.434822 28.583294 35.329462 
39.505087 36.723917 35.952830 32.455694 31.527183 38.708059 34.757118 31.248542 34.499349 29.997199 37.568975 34.242084 27.531827 28.730713 39.854002 37.557333 31.203184 26.790889 35.362936 32.541489 31.499067 34.119128 30.219231 31.481950 35.367402 37.348322 28.260611 28.021998 31.230034 36.408971 39.696939 36.447891 34.258958 
36.851899 38.821431 35.708708 33.043697 31.506258 37.663440 28.172681 33.983633 30.918714 38.525609 31.287455 32.250551 29.530821 31.109185 28.341529 35.076168 33.320160 
29.891611 30.925625 34.795402 33.055454 36.774904 34.534301 33.512228 37.481203 
37.633691 31.321787 35.001252 39.131867 40.563815 35.736960 34.405015 36.117528 34.397140 40.135541 33.341513 27.860172 36.726513 
37.655961 29.085605 35.691787 31.461319 32.228542 40.465142 32.337023 37.721903 30.214369 31.068246 35.981485 29.559416 30.573284 30.102507 38.034281 36.584626 31.839737 32.654157 32.226816 28.106797 28.335893 34.164636 27.526973 26.853700 28.177959 39.384074 36.767475 30.469707 33.368615 29.801444 30.417902 30.963767 29.401535 35.119608 33.092224 29.884293 32.592157 33.504999 40.900449 27.534879 32.875764 31.957624 36.007275 
27.778628 30.776234 27.278461 32.390533 32.084718 28.190124 36.738979 32.596103 29.998254 27.889645 31.427330 28.343935 30.974035 29.396949 37.889818 36.472637 35.307696 32.307830 30.243474 31.343488 28.198688 34.474630 36.920436 30.490158 30.325469 
34.337280 36.287172 37.261273 32.706964 28.970310 37.578703 29.205684 33.481917 31.810569 29.152661 30.056012 27.055662 30.541334 31.599665 34.039876 33.930251 30.346576 30.609591 28.947688 30.321413 29.478711 32.482185 28.719741 29.242120 40.371955 29.851013 
32.010048 30.900814 35.740149 30.240042 28.585130 38.066948 31.857424 33.091999 29.300720 30.273640 31.962981 31.264906 35.736594 31.320922 30.635912 33.480675 33.743766 29.776751 34.217418 34.095942 29.817377 30.510916 29.689706 32.692933 
34.594711 29.095719 37.018729 30.676775 30.046327 38.085145 38.837095 37.633041 31.571683 34.135852 31.919863 34.218799 35.916632 34.952037 30.843588 28.798993 28.938427 39.081828 33.520214 28.523713 31.052082 33.939323 34.455064 28.939073 32.717340 40.063957 39.416790 28.976884 39.519938 31.271877 32.606702 
31.869173 26.802943 36.456583 31.367485 30.172893 38.461671 36.503366 37.801171 33.428471 26.794215 29.309301 28.751823 36.115818 35.506418 30.092097 28.911500 34.750025 34.631308 28.994688 39.853947 29.468223 35.755863 29.391327 32.187296 34.176167 31.401293 39.152079 31.732423 32.313860 34.586728 
32.624983 37.420387 38.677911 30.819024 30.807772 31.268558 32.621802 33.143367 31.300911 39.106519 34.750138 29.853395 30.058398 35.946290 31.913672 30.956186 29.001945 33.843361 29.134765 27.523961 31.678962 
34.614326 36.031251 30.573075 29.552101 32.080640 32.448000 34.497302 36.956363 34.353316 31.571134 36.361660 37.146836 31.243509 31.430732 31.987889 35.065053 29.329010 35.612921 36.603312 34.228886 
33.380467 35.970770 35.699477 33.770687 39.862484 28.173908 28.150882 32.741144 33.244022 30.012416 35.833178 33.504665 39.922312 30.637064 38.873599 31.258680 36.550070 28.992422 33.802027 33.343817 30.099644 33.230941 29.954543 33.776188 37.844117 
29.339415 36.082409 30.543352 30.227766 27.932587 31.128835 28.987244 29.260342 35.277578 39.001615 33.199747 29.894393 33.505174 35.519395 35.067828 30.713668 27.371992 34.534149 36.050386 33.806847 
32.686302 35.900736 33.473293 31.181024 27.487789 27.164254 36.345387 34.997528 30.769837 39.069309 34.589102 32.339237 30.993868 31.516018 34.967292 27.675770 30.479067 35.263249 27.510742 28.372601 33.231034 31.025527 27.636359 36.305034 29.819946 38.762555 34.404232 
36.594524 36.794295 30.254875 38.400777 28.750486 27.172622 29.311892 31.449200 30.691944 35.742213 29.160245 29.881191 30.582049 38.598645 29.925188 38.623635 36.284330 33.162183 30.121496 36.026316 30.576191 40.120079 31.278147 27.580068 33.340647 31.220538 30.440332 
29.677588 36.119603 30.879308 31.766008 38.984312 35.676350 38.033542 32.484416 30.637645 35.694468 31.960354 31.649626 29.107279 32.688626 35.414248 36.313881 37.612329 29.327426 
34.249621 35.474817 32.203356 30.904219 33.800782 28.040879 33.262312 31.029174 35.921846 37.078460 33.912433 
30.685681 35.572693 30.914064 33.651504 32.328811 31.821506 29.922527 28.209972 30.115216 37.218874 29.537058 31.932240 34.993073 32.148886 33.623448 36.937980 35.093465 29.428510 29.805020 
31.852772 34.482880 32.568356 34.112021 30.696729 37.673887 27.333207 33.575436 32.000285 33.686929 34.420080 35.284025 32.987762 32.785479 33.208862 39.266197 35.614922 28.195359 35.038313 34.563140 
33.705509 34.851687 29.261257 33.616782 33.103656 37.943048 35.334656 31.136901 31.024707 27.069202 31.941851 36.443660 29.481575 35.880173 31.547261 31.611031 28.415317 37.473902 31.135135 
32.119072 35.090376 32.062205 28.841747 37.081642 32.283663 36.947056 32.011185 35.376936 38.156539 30.268004 28.438955 33.606448 
37.609548 35.310569 33.785886 29.517849 33.567459 34.746262 30.479178 28.982679 30.199038 35.926198 29.789759 30.041102 27.410995 33.811419 39.851307 35.566582 32.566701 31.807981 31.887965 36.238305 30.957366 
33.478875 33.869732 28.513884 37.048209 30.421420 32.616765 33.727121 40.273200 39.181395 37.898230 30.745886 37.998272 30.410690 32.376472 
31.974702 34.478489 28.557184 30.628736 39.894970 40.790296 34.568966 35.831762 32.614909 33.880271 27.801445 29.661038 29.391741 39.481127 32.892808 34.348794 37.357627 35.394066 
37.653274 35.022784 40.811821 38.092853 28.717290 33.216666 32.120223 31.846632 34.278875 32.421842 33.332934 34.336662 29.657021 31.059334 32.089265 36.470920 30.179658 
28.817387 35.527251 31.295618 32.842627 31.899704 30.425301 32.225295 36.464633 32.854475 31.285807 33.245481 37.795440 37.793010 34.039109 36.437244 27.937458 
29.781562 35.472881 34.826262 33.844319 36.197605 34.834892 32.295676 33.927067 36.710382 40.457679 28.894306 32.850667 27.178581 33.903422 
33.331911 35.194781 38.169448 37.988250 33.607875 35.821943 32.030301 29.944225 36.260971 40.780646 34.213796 
32.832704 35.029732 33.392569 27.613113 30.830740 36.513912 32.005173 28.483635 33.423997 30.509150 27.320367 27.583062 35.619768 34.747545 31.265617 36.458949 33.800600 
39.978074 34.944721 38.691760 33.254442 27.909937 36.002535 29.534479 40.765001 36.120962 32.835701 28.007241 29.477487 26.898113 31.904704 33.955934 36.866548 27.306784 33.603059 27.709950 
28.805128 35.654334 38.026603 36.793664 30.944834 29.428722 30.279170 28.109677 28.664621 33.250979 31.118841 34.614419 29.743878 32.090897 29.108364 33.001571 34.503355 36.986955 38.598054 32.945680 33.673571 39.264876 35.313934 37.755359 29.761594 33.702287 38.748126 34.361095 30.609269 38.577990 31.926987 29.651540 28.201908 34.201809 32.953010 
28.747997 35.913135 32.996574 36.800637 34.949534 35.219986 34.243762 33.564276 39.354867 32.860691 36.154774 29.169500 31.556034 31.914832 27.345011 34.311881 37.005065 36.094599 33.910289 34.975795 39.541642 27.973996 32.386088 33.316667 27.918495 
30.938708 36.200853 30.730760 37.061015 37.491182 31.010777 37.103398 37.357401 38.268732 33.249024 39.762275 33.996226 35.729146 30.401331 34.909804 33.803859 28.871796 33.625106 38.768229 32.619591 31.588352 31.842746 29.166455 35.548119 35.378718 28.369502 36.699255 31.542098 32.729942 27.269113 
35.308306 35.773741 37.273508 37.760001 27.787700 32.045108 34.286033 37.798691 38.493707 30.513194 28.341347 35.308725 29.226592 29.235051 34.991394 28.382393 31.685808 29.188477 28.665539 32.603463 30.422319 36.337513 31.492846 32.414421 30.351439 30.439636 37.733362 29.950821 
